1673960279 106
1673960279 107
1673960279 304
1673960279 242
1673960279 238
1673960279 237
1673960279 257
1673960279 443
1673960279 408
1673960279 390
1673960279 394
1673960279 412
1673960279 432
1673960279 432
1673960279 405
1673960279 407
1673960279 398
1673960279 401
1673960279 396
1673960280 444
1673960280 471
1673960280 470
1673960280 470
1673960280 440
1673960280 422
1673960280 426
1673960280 447
1673960280 448
1673960280 457
1673960280 448
1673960280 423
1673960280 399
1673960280 363
1673960280 421
1673960280 379
1673960280 383
1673960280 393
1673960280 398
1673960280 426
1673960280 403
1673960280 405
1673960280 416
1673960280 425
1673960280 440
1673960280 421
1673960280 468
1673960280 487
1673960280 405
1673960280 433
1673960280 420
1673960280 410
1673960280 415
1673960280 432
1673960280 438
1673960280 452
1673960280 412
1673960280 390
1673960280 378
1673960280 358
1673960280 375
1673960280 426
1673960280 468
1673960280 484
1673960280 479
1673960280 434
1673960280 467
1673960280 465
1673960280 454
1673960280 468
1673960280 440
1673960280 432
1673960280 381
1673960280 383
1673960280 419
1673960280 383
1673960280 382
1673960280 413
1673960280 458
1673960281 460
1673960281 433
1673960281 501
1673960281 497
1673960281 483
1673960281 483
1673960281 491
1673960281 490
1673960281 467
1673960281 494
1673960281 510
1673960281 515
1673960281 496
1673960281 491
1673960281 479
1673960281 437
1673960281 430
1673960281 432
1673960281 447
1673960281 451
1673960281 469
1673960281 493
1673960281 487
1673960281 478
1673960281 464
1673960281 493
1673960281 496
1673960281 470
1673960281 463
1673960281 382
1673960281 469
1673960281 376
1673960281 378
1673960281 458
1673960281 468
1673960281 479
1673960281 474
1673960281 459
1673960281 437
1673960281 491
1673960281 441
1673960281 455
1673960281 459
1673960281 494
1673960281 492
1673960281 490
1673960281 457
1673960281 449
1673960281 457
1673960281 451
1673960281 428
1673960281 406
1673960281 398
1673960281 460
1673960281 460
1673960281 463
1673960281 462
1673960281 476
1673960281 481
1673960281 457
1673960281 419
1673960281 447
1673960281 466
1673960281 504
1673960281 514
1673960281 523
1673960281 451
1673960281 449
1673960281 392
1673960281 403
1673960281 399
1673960281 403
1673960282 473
1673960282 486
1673960282 474
1673960282 459
1673960282 492
1673960282 497
1673960282 451
1673960282 448
1673960282 459
1673960282 460
1673960282 460
1673960282 429
1673960282 443
1673960282 448
1673960282 440
1673960282 429
1673960282 493
1673960282 499
1673960282 521
1673960282 519
1673960282 533
1673960282 535
1673960282 531
1673960282 524
1673960282 504
1673960282 484
1673960282 484
1673960282 467
1673960282 476
1673960282 514
1673960282 506
1673960282 495
1673960282 488
1673960282 498
1673960282 505
1673960282 519
1673960282 480
1673960282 469
1673960282 470
1673960282 468
1673960282 458
1673960282 466
1673960282 450
1673960282 457
1673960282 457
1673960282 393
1673960282 407
1673960282 337
1673960282 339
1673960282 370
1673960282 454
1673960282 466
1673960282 492
1673960282 532
1673960282 499
1673960282 532
1673960282 550
1673960282 518
1673960282 466
1673960282 461
1673960282 462
1673960282 490
1673960282 506
1673960283 501
1673960283 443
1673960283 480
1673960283 454
1673960283 386
1673960283 400
1673960283 405
1673960283 426
1673960283 414
1673960283 412
1673960283 425
1673960283 431
1673960283 389
1673960283 369
1673960283 373
1673960283 379
1673960283 439
1673960283 446
1673960283 407
1673960283 415
1673960283 376
1673960283 376
1673960283 393
1673960283 422
1673960283 337
1673960283 341
1673960283 405
1673960283 409
1673960283 478
1673960283 476
1673960283 468
1673960283 456
1673960283 438
1673960283 511
1673960283 517
1673960283 513
1673960283 506
1673960283 490
1673960283 490
1673960283 539
1673960283 535
1673960283 488
1673960283 487
1673960283 463
1673960283 446
1673960283 433
1673960283 507
1673960283 511
1673960283 489
1673960283 478
1673960283 443
1673960283 428
1673960283 412
1673960284 446
1673960284 446
1673960284 461
1673960284 448
1673960284 407
1673960284 463
1673960284 460
1673960284 476
1673960284 477
1673960284 476
1673960284 498
1673960284 489
1673960284 489
1673960284 519
1673960284 517
1673960284 517
1673960284 462
1673960284 456
1673960284 453
1673960284 437
1673960284 502
1673960284 512
1673960284 460
1673960284 460
1673960284 418
1673960284 418
1673960284 423
1673960284 420
1673960284 421
1673960284 425
1673960284 450
1673960284 451
1673960284 446
1673960284 420
1673960284 436
1673960284 440
1673960284 461
1673960284 462
1673960284 502
1673960284 518
1673960284 482
1673960284 425
1673960284 427
1673960284 488
1673960284 505
1673960284 505
1673960284 526
1673960284 523
1673960284 448
1673960284 448
1673960284 468
1673960284 456
1673960284 440
1673960284 406
1673960284 426
1673960284 449
1673960284 451
1673960284 427
1673960284 419
1673960284 431
1673960284 440
1673960284 385
1673960284 403
1673960284 502
1673960284 507
1673960284 527
1673960284 526
1673960285 525
1673960285 480
1673960285 424
1673960285 401
1673960285 408
1673960285 413
1673960285 428
1673960285 373
1673960285 426
1673960285 424
1673960285 458
1673960285 467
1673960285 481
1673960285 490
1673960285 489
1673960285 452
1673960285 418
1673960285 381
1673960285 374
1673960285 458
1673960285 457
1673960285 462
1673960285 424
1673960285 463
1673960285 462
1673960285 452
1673960285 449
1673960285 460
1673960285 386
1673960285 383
1673960285 423
1673960285 428
1673960285 498
1673960285 492
1673960285 449
1673960285 444
1673960285 452
1673960285 448
1673960285 521
1673960285 515
1673960285 489
1673960285 456
1673960285 445
1673960285 399
1673960285 395
1673960285 396
1673960285 457
1673960285 469
1673960285 421
1673960285 422
1673960285 424
1673960285 423
1673960285 420
1673960285 448
1673960285 472
1673960285 479
1673960285 438
1673960285 475
1673960285 485
1673960285 485
1673960285 435
1673960285 422
1673960285 476
1673960285 476
1673960285 475
1673960285 520
1673960285 511
1673960286 494
1673960286 438
1673960286 443
1673960286 454
1673960286 437
1673960286 430
1673960286 429
1673960286 461
1673960286 451
1673960286 450
1673960286 411
1673960286 374
1673960286 376
1673960286 372
1673960286 406
1673960286 396
1673960286 396
1673960286 398
1673960286 398
1673960286 474
1673960286 481
1673960286 459
1673960286 458
1673960286 529
1673960286 529
1673960286 549
1673960286 545
1673960286 534
1673960286 538
1673960286 472
1673960286 445
1673960286 446
1673960286 474
1673960286 477
1673960286 431
1673960286 411
1673960286 404
1673960286 384
1673960286 460
1673960286 367
1673960286 358
1673960286 361
1673960286 385
1673960286 383
1673960286 392
1673960286 388
1673960286 368
1673960286 355
1673960286 347
1673960286 355
1673960286 370
1673960286 416
1673960286 419
1673960286 396
1673960286 402
1673960286 502
1673960286 483
1673960286 458
1673960286 447
1673960286 434
1673960286 450
1673960286 456
1673960286 465
1673960286 442
1673960286 348
1673960286 347
1673960286 434
1673960286 428
1673960286 420
1673960286 455
1673960286 474
1673960286 450
1673960286 474
1673960286 480
1673960286 482
1673960286 464
1673960286 465
1673960286 418
1673960286 481
1673960286 486
1673960286 493
1673960286 477
1673960286 444
1673960286 490
1673960286 513
1673960287 493
1673960287 552
1673960287 548
1673960287 535
1673960287 481
1673960287 458
1673960287 453
1673960287 467
1673960287 447
1673960287 468
1673960287 461
1673960287 457
1673960287 422
1673960287 428
1673960287 419
1673960287 396
1673960287 332
1673960287 349
1673960287 473
1673960287 491
1673960287 413
1673960287 363
1673960287 369
1673960287 371
1673960287 474
1673960287 496
1673960287 427
1673960287 423
1673960287 500
1673960287 495
1673960287 485
1673960287 486
1673960287 485
1673960287 482
1673960287 467
1673960287 560
1673960287 563
1673960287 525
1673960287 470
1673960287 486
1673960287 468
1673960287 386
1673960287 370
1673960287 403
1673960287 365
1673960287 366
1673960287 376
1673960287 387
1673960287 418
1673960287 479
1673960287 454
1673960287 462
1673960287 471
1673960287 499
1673960287 507
1673960287 500
1673960287 440
1673960287 510
1673960287 474
1673960287 457
1673960287 439
1673960287 429
1673960287 441
1673960287 438
1673960287 441
1673960287 422
1673960287 456
1673960287 445
1673960287 469
1673960287 501
1673960287 534
1673960287 529
1673960287 528
1673960287 529
1673960288 528
1673960288 526
1673960288 497
1673960288 523
1673960288 438
1673960288 473
1673960288 482
1673960288 510
1673960288 459
1673960288 464
1673960288 521
1673960288 521
1673960288 505
1673960288 472
1673960288 479
1673960288 494
1673960288 495
1673960288 463
1673960288 477
1673960288 483
1673960288 445
1673960288 440
1673960288 453
1673960288 468
1673960288 490
1673960288 501
1673960288 502
1673960288 492
1673960288 460
1673960288 491
1673960288 515
1673960288 517
1673960288 496
1673960288 455
1673960288 455
1673960288 466
1673960288 447
1673960288 431
1673960288 411
1673960288 405
1673960288 407
1673960288 382
1673960288 405
1673960288 413
1673960288 474
1673960288 477
1673960288 432
1673960288 425
1673960288 431
1673960288 444
1673960288 405
1673960288 421
1673960288 376
1673960288 398
1673960288 394
1673960288 425
1673960288 426
1673960288 388
1673960288 387
1673960288 387
1673960288 470
1673960288 484
1673960288 392
1673960288 406
1673960288 433
1673960288 439
1673960288 402
1673960288 333
1673960288 334
1673960288 387
1673960288 411
1673960288 418
1673960288 411
1673960288 410
1673960288 403
1673960288 419
1673960289 401
1673960289 483
1673960289 470
1673960289 445
1673960289 425
1673960289 494
1673960289 466
1673960289 444
1673960289 451
1673960289 455
1673960289 499
1673960289 536
1673960289 540
1673960289 536
1673960289 519
1673960289 474
1673960289 427
1673960289 420
1673960289 416
1673960289 418
1673960289 405
1673960289 426
1673960289 441
1673960289 481
1673960289 480
1673960289 457
1673960289 462
1673960289 474
1673960289 417
1673960289 418
1673960289 442
1673960289 448
1673960289 477
1673960289 446
1673960289 506
1673960289 508
1673960289 496
1673960289 449
1673960289 539
1673960289 513
1673960289 513
1673960289 456
1673960289 466
1673960289 442
1673960289 443
1673960289 456
1673960289 465
1673960289 464
1673960289 440
1673960289 439
1673960289 404
1673960289 397
1673960289 394
1673960289 394
1673960289 390
1673960289 389
1673960289 409
1673960289 407
1673960289 432
1673960289 419
1673960289 389
1673960289 391
1673960289 431
1673960289 477
1673960289 477
1673960289 499
1673960289 512
1673960289 513
1673960289 497
1673960289 489
1673960289 427
1673960289 417
1673960289 449
1673960289 484
1673960290 446
1673960290 398
1673960290 391
1673960290 388
1673960290 459
1673960290 459
1673960290 450
1673960290 449
1673960290 456
1673960290 464
1673960290 465
1673960290 437
1673960290 407
1673960290 479
1673960290 446
1673960290 427
1673960290 366
1673960290 367
1673960290 442
1673960290 439
1673960290 434
1673960290 418
1673960290 394
1673960290 463
1673960290 463
1673960290 437
1673960290 452
1673960290 460
1673960290 520
1673960290 519
1673960290 524
1673960290 522
1673960290 517
1673960290 486
1673960290 564
1673960290 561
1673960290 472
1673960290 492
1673960290 463
1673960290 464
1673960290 464
1673960290 490
1673960290 451
1673960290 446
1673960290 454
1673960290 457
1673960290 451
1673960290 425
1673960290 430
1673960290 376
1673960290 414
1673960290 394
1673960290 407
1673960290 422
1673960290 430
1673960290 460
1673960290 456
1673960290 453
1673960290 482
1673960290 466
1673960290 500
1673960290 510
1673960290 512
1673960290 483
1673960290 462
1673960290 457
1673960290 412
1673960290 430
1673960290 443
1673960290 393
1673960290 392
1673960290 421
1673960290 455
1673960290 463
1673960290 466
1673960291 411
1673960291 411
1673960291 402
1673960291 459
1673960291 509
1673960291 529
1673960291 515
1673960291 522
1673960291 511
1673960291 525
1673960291 508
1673960291 515
1673960291 524
1673960291 528
1673960291 528
1673960291 488
1673960291 493
1673960291 463
1673960291 419
1673960291 433
1673960291 426
1673960291 429
1673960291 488
1673960291 423
1673960291 402
1673960291 409
1673960291 415
1673960291 441
1673960291 441
1673960291 448
1673960291 456
1673960291 448
1673960291 419
1673960291 406
1673960291 417
1673960291 393
1673960291 415
1673960291 428
1673960291 467
1673960291 461
1673960291 433
1673960291 415
1673960291 395
1673960291 415
1673960291 463
1673960291 498
1673960291 487
1673960291 480
1673960291 478
1673960291 413
1673960291 414
1673960291 451
1673960291 461
1673960291 458
1673960291 432
1673960291 392
1673960291 391
1673960291 394
1673960291 405
1673960291 425
1673960291 460
1673960291 473
1673960291 488
1673960291 550
1673960291 550
1673960291 446
1673960292 426
1673960292 467
1673960292 470
1673960292 376
1673960292 382
1673960292 412
1673960292 428
1673960292 452
1673960292 479
1673960292 487
1673960292 483
1673960292 486
1673960292 486
1673960292 474
1673960292 450
1673960292 437
1673960292 439
1673960292 434
1673960292 397
1673960292 419
1673960292 429
1673960292 512
1673960292 484
1673960292 440
1673960292 471
1673960292 474
1673960292 452
1673960292 451
1673960292 496
1673960292 516
1673960292 525
1673960292 541
1673960292 494
1673960292 471
1673960292 458
1673960292 440
1673960292 455
1673960292 458
1673960292 472
1673960292 468
1673960292 458
1673960292 466
1673960292 473
1673960292 475
1673960292 447
1673960292 456
1673960292 453
1673960292 465
1673960292 483
1673960292 409
1673960292 415
1673960292 408
1673960292 404
1673960292 421
1673960292 433
1673960292 428
1673960292 403
1673960292 421
1673960292 428
1673960292 451
1673960292 477
1673960292 453
1673960292 406
1673960292 404
1673960292 414
1673960292 448
1673960292 447
1673960292 464
1673960292 453
1673960292 451
1673960292 431
1673960292 458
1673960292 447
1673960292 496
1673960292 502
1673960292 442
1673960292 495
1673960292 564
1673960292 566
1673960292 502
1673960292 512
1673960292 501
1673960293 430
1673960293 394
1673960293 394
1673960293 414
1673960293 397
1673960293 383
1673960293 384
1673960293 437
1673960293 465
1673960293 412
1673960293 420
1673960293 422
1673960293 450
1673960293 459
1673960293 434
1673960293 469
1673960293 466
1673960293 431
1673960293 485
1673960293 449
1673960293 434
1673960293 461
1673960293 477
1673960293 544
1673960293 465
1673960293 466
1673960293 498
1673960293 458
1673960293 455
1673960293 434
1673960293 404
1673960293 404
1673960293 444
1673960293 451
1673960293 420
1673960293 415
1673960293 408
1673960293 407
1673960293 476
1673960293 391
1673960293 399
1673960293 455
1673960293 478
1673960293 448
1673960293 433
1673960293 445
1673960293 384
1673960293 365
1673960293 414
1673960293 419
1673960293 448
1673960293 452
1673960293 417
1673960293 432
1673960293 464
1673960293 495
1673960293 449
1673960293 423
1673960293 498
1673960293 494
1673960293 378
1673960293 375
1673960293 446
1673960293 446
1673960293 435
1673960293 438
1673960293 416
1673960293 390
1673960293 382
1673960293 467
1673960293 466
1673960293 452
1673960293 421
1673960293 498
1673960294 498
1673960294 503
1673960294 491
1673960294 488
1673960294 442
1673960294 450
1673960294 458
1673960294 478
1673960294 486
1673960294 459
1673960294 418
1673960294 391
1673960294 401
1673960294 408
1673960294 427
1673960294 419
1673960294 425
1673960294 434
1673960294 464
1673960294 437
1673960294 450
1673960294 448
1673960294 428
1673960294 398
1673960294 408
1673960294 451
1673960294 449
1673960294 433
1673960294 435
1673960294 426
1673960294 508
1673960294 544
1673960294 519
1673960294 458
1673960294 442
1673960294 441
1673960294 475
1673960294 490
1673960294 481
1673960294 476
1673960294 481
1673960294 479
1673960294 461
1673960294 492
1673960294 482
1673960294 445
1673960294 410
1673960294 412
1673960294 422
1673960294 430
1673960294 270
1673960294 155
1673960294 108
1673960294 127
1673960294 123
