1673960279 106
1673960279 107
1673960279 152
1673960279 121
1673960279 119
1673960279 118
1673960279 128
1673960279 147
1673960279 136
1673960279 130
1673960279 131
1673960279 137
1673960279 144
1673960279 144
1673960279 135
1673960279 135
1673960279 132
1673960279 133
1673960279 132
1673960280 148
1673960280 157
1673960280 156
1673960280 156
1673960280 146
1673960280 140
1673960280 142
1673960280 149
1673960280 149
1673960280 152
1673960280 149
1673960280 141
1673960280 133
1673960280 121
1673960280 140
1673960280 126
1673960280 127
1673960280 131
1673960280 132
1673960280 142
1673960280 134
1673960280 135
1673960280 138
1673960280 141
1673960280 146
1673960280 140
1673960280 156
1673960280 162
1673960280 135
1673960280 144
1673960280 140
1673960280 136
1673960280 138
1673960280 144
1673960280 146
1673960280 150
1673960280 137
1673960280 130
1673960280 126
1673960280 119
1673960280 125
1673960280 142
1673960280 156
1673960280 161
1673960280 159
1673960280 144
1673960280 155
1673960280 155
1673960280 151
1673960280 156
1673960280 146
1673960280 144
1673960280 127
1673960280 127
1673960280 139
1673960280 127
1673960280 127
1673960280 137
1673960280 152
1673960281 153
1673960281 144
1673960281 167
1673960281 165
1673960281 161
1673960281 161
1673960281 163
1673960281 163
1673960281 155
1673960281 164
1673960281 170
1673960281 171
1673960281 165
1673960281 163
1673960281 159
1673960281 145
1673960281 143
1673960281 144
1673960281 149
1673960281 150
1673960281 156
1673960281 164
1673960281 162
1673960281 159
1673960281 154
1673960281 164
1673960281 165
1673960281 156
1673960281 154
1673960281 127
1673960281 156
1673960281 125
1673960281 126
1673960281 152
1673960281 156
1673960281 159
1673960281 158
1673960281 153
1673960281 145
1673960281 163
1673960281 147
1673960281 151
1673960281 153
1673960281 164
1673960281 164
1673960281 163
1673960281 152
1673960281 149
1673960281 152
1673960281 150
1673960281 142
1673960281 135
1673960281 132
1673960281 153
1673960281 153
1673960281 154
1673960281 154
1673960281 158
1673960281 160
1673960281 152
1673960281 139
1673960281 149
1673960281 155
1673960281 168
1673960281 171
1673960281 174
1673960281 150
1673960281 149
1673960281 130
1673960281 134
1673960281 133
1673960281 134
1673960282 157
1673960282 162
1673960282 158
1673960282 153
1673960282 164
1673960282 165
1673960282 150
1673960282 149
1673960282 153
1673960282 153
1673960282 153
1673960282 143
1673960282 147
1673960282 149
1673960282 146
1673960282 143
1673960282 164
1673960282 166
1673960282 173
1673960282 173
1673960282 177
1673960282 178
1673960282 177
1673960282 174
1673960282 168
1673960282 161
1673960282 161
1673960282 155
1673960282 158
1673960282 171
1673960282 168
1673960282 165
1673960282 162
1673960282 166
1673960282 168
1673960282 173
1673960282 160
1673960282 156
1673960282 156
1673960282 156
1673960282 152
1673960282 155
1673960282 150
1673960282 152
1673960282 152
1673960282 131
1673960282 135
1673960282 112
1673960282 113
1673960282 123
1673960282 151
1673960282 155
1673960282 164
1673960282 177
1673960282 166
1673960282 177
1673960282 183
1673960282 172
1673960282 155
1673960282 153
1673960282 154
1673960282 163
1673960282 168
1673960283 167
1673960283 147
1673960283 160
1673960283 151
1673960283 128
1673960283 133
1673960283 135
1673960283 142
1673960283 138
1673960283 137
1673960283 141
1673960283 143
1673960283 129
1673960283 123
1673960283 124
1673960283 126
1673960283 146
1673960283 148
1673960283 135
1673960283 138
1673960283 125
1673960283 125
1673960283 131
1673960283 140
1673960283 112
1673960283 113
1673960283 135
1673960283 136
1673960283 159
1673960283 158
1673960283 156
1673960283 152
1673960283 146
1673960283 170
1673960283 172
1673960283 171
1673960283 168
1673960283 163
1673960283 163
1673960283 179
1673960283 178
1673960283 162
1673960283 162
1673960283 154
1673960283 148
1673960283 144
1673960283 169
1673960283 170
1673960283 163
1673960283 159
1673960283 147
1673960283 142
1673960283 137
1673960284 148
1673960284 148
1673960284 153
1673960284 149
1673960284 135
1673960284 154
1673960284 153
1673960284 158
1673960284 159
1673960284 158
1673960284 166
1673960284 163
1673960284 163
1673960284 173
1673960284 172
1673960284 172
1673960284 154
1673960284 152
1673960284 151
1673960284 145
1673960284 167
1673960284 170
1673960284 153
1673960284 153
1673960284 139
1673960284 139
1673960284 141
1673960284 140
1673960284 140
1673960284 141
1673960284 150
1673960284 150
1673960284 148
1673960284 140
1673960284 145
1673960284 146
1673960284 153
1673960284 154
1673960284 167
1673960284 172
1673960284 160
1673960284 141
1673960284 142
1673960284 162
1673960284 168
1673960284 168
1673960284 175
1673960284 174
1673960284 149
1673960284 149
1673960284 156
1673960284 152
1673960284 146
1673960284 135
1673960284 142
1673960284 149
1673960284 150
1673960284 142
1673960284 139
1673960284 143
1673960284 146
1673960284 128
1673960284 134
1673960284 167
1673960284 169
1673960284 175
1673960284 175
1673960285 175
1673960285 160
1673960285 141
1673960285 133
1673960285 136
1673960285 137
1673960285 142
1673960285 124
1673960285 142
1673960285 141
1673960285 152
1673960285 155
1673960285 160
1673960285 163
1673960285 163
1673960285 150
1673960285 139
1673960285 127
1673960285 124
1673960285 152
1673960285 152
1673960285 154
1673960285 141
1673960285 154
1673960285 154
1673960285 150
1673960285 149
1673960285 153
1673960285 128
1673960285 127
1673960285 141
1673960285 142
1673960285 166
1673960285 164
1673960285 149
1673960285 148
1673960285 150
1673960285 149
1673960285 173
1673960285 171
1673960285 163
1673960285 152
1673960285 148
1673960285 133
1673960285 131
1673960285 132
1673960285 152
1673960285 156
1673960285 140
1673960285 140
1673960285 141
1673960285 141
1673960285 140
1673960285 149
1673960285 157
1673960285 159
1673960285 146
1673960285 158
1673960285 161
1673960285 161
1673960285 145
1673960285 140
1673960285 158
1673960285 158
1673960285 158
1673960285 173
1673960285 170
1673960286 164
1673960286 146
1673960286 147
1673960286 151
1673960286 145
1673960286 143
1673960286 143
1673960286 153
1673960286 150
1673960286 150
1673960286 137
1673960286 124
1673960286 125
1673960286 124
1673960286 135
1673960286 132
1673960286 132
1673960286 132
1673960286 132
1673960286 158
1673960286 160
1673960286 153
1673960286 152
1673960286 176
1673960286 176
1673960286 183
1673960286 181
1673960286 178
1673960286 179
1673960286 157
1673960286 148
1673960286 148
1673960286 158
1673960286 159
1673960286 143
1673960286 137
1673960286 134
1673960286 128
1673960286 153
1673960286 122
1673960286 119
1673960286 120
1673960286 128
1673960286 127
1673960286 130
1673960286 129
1673960286 122
1673960286 118
1673960286 115
1673960286 118
1673960286 123
1673960286 138
1673960286 139
1673960286 132
1673960286 134
1673960286 167
1673960286 161
1673960286 152
1673960286 149
1673960286 144
1673960286 150
1673960286 152
1673960286 155
1673960286 147
1673960286 116
1673960286 115
1673960286 144
1673960286 142
1673960286 140
1673960286 151
1673960286 158
1673960286 150
1673960286 158
1673960286 160
1673960286 160
1673960286 154
1673960286 155
1673960286 139
1673960286 160
1673960286 162
1673960286 164
1673960286 159
1673960286 148
1673960286 163
1673960286 171
1673960287 164
1673960287 184
1673960287 182
1673960287 178
1673960287 160
1673960287 152
1673960287 151
1673960287 155
1673960287 149
1673960287 156
1673960287 153
1673960287 152
1673960287 140
1673960287 142
1673960287 139
1673960287 132
1673960287 110
1673960287 116
1673960287 157
1673960287 163
1673960287 137
1673960287 121
1673960287 123
1673960287 123
1673960287 158
1673960287 165
1673960287 142
1673960287 141
1673960287 166
1673960287 165
1673960287 161
1673960287 162
1673960287 161
1673960287 160
1673960287 155
1673960287 186
1673960287 187
1673960287 175
1673960287 156
1673960287 162
1673960287 156
1673960287 128
1673960287 123
1673960287 134
1673960287 121
1673960287 122
1673960287 125
1673960287 129
1673960287 139
1673960287 159
1673960287 151
1673960287 154
1673960287 157
1673960287 166
1673960287 169
1673960287 166
1673960287 146
1673960287 170
1673960287 158
1673960287 152
1673960287 146
1673960287 143
1673960287 147
1673960287 146
1673960287 147
1673960287 140
1673960287 152
1673960287 148
1673960287 156
1673960287 167
1673960287 178
1673960287 176
1673960287 176
1673960287 176
1673960288 176
1673960288 175
1673960288 165
1673960288 174
1673960288 146
1673960288 157
1673960288 160
1673960288 170
1673960288 153
1673960288 154
1673960288 173
1673960288 173
1673960288 168
1673960288 157
1673960288 159
1673960288 164
1673960288 165
1673960288 154
1673960288 159
1673960288 161
1673960288 148
1673960288 146
1673960288 151
1673960288 156
1673960288 163
1673960288 167
1673960288 167
1673960288 164
1673960288 153
1673960288 163
1673960288 171
1673960288 172
1673960288 165
1673960288 151
1673960288 151
1673960288 155
1673960288 149
1673960288 143
1673960288 137
1673960288 135
1673960288 135
1673960288 127
1673960288 135
1673960288 137
1673960288 158
1673960288 159
1673960288 144
1673960288 141
1673960288 143
1673960288 148
1673960288 135
1673960288 140
1673960288 125
1673960288 132
1673960288 131
1673960288 141
1673960288 142
1673960288 129
1673960288 129
1673960288 129
1673960288 156
1673960288 161
1673960288 130
1673960288 135
1673960288 144
1673960288 146
1673960288 134
1673960288 111
1673960288 111
1673960288 129
1673960288 137
1673960288 139
1673960288 137
1673960288 136
1673960288 134
1673960288 139
1673960289 133
1673960289 161
1673960289 156
1673960289 148
1673960289 141
1673960289 164
1673960289 155
1673960289 148
1673960289 150
1673960289 151
1673960289 166
1673960289 178
1673960289 180
1673960289 178
1673960289 173
1673960289 158
1673960289 142
1673960289 140
1673960289 138
1673960289 139
1673960289 135
1673960289 142
1673960289 147
1673960289 160
1673960289 160
1673960289 152
1673960289 154
1673960289 158
1673960289 139
1673960289 139
1673960289 147
1673960289 149
1673960289 159
1673960289 148
1673960289 168
1673960289 169
1673960289 165
1673960289 149
1673960289 179
1673960289 171
1673960289 171
1673960289 152
1673960289 155
1673960289 147
1673960289 147
1673960289 152
1673960289 155
1673960289 154
1673960289 146
1673960289 146
1673960289 134
1673960289 132
1673960289 131
1673960289 131
1673960289 130
1673960289 129
1673960289 136
1673960289 135
1673960289 144
1673960289 139
1673960289 129
1673960289 130
1673960289 143
1673960289 159
1673960289 159
1673960289 166
1673960289 170
1673960289 171
1673960289 165
1673960289 163
1673960289 142
1673960289 139
1673960289 149
1673960289 161
1673960290 148
1673960290 132
1673960290 130
1673960290 129
1673960290 153
1673960290 153
1673960290 150
1673960290 149
1673960290 152
1673960290 154
1673960290 155
1673960290 145
1673960290 135
1673960290 159
1673960290 148
1673960290 142
1673960290 122
1673960290 122
1673960290 147
1673960290 146
1673960290 144
1673960290 139
1673960290 131
1673960290 154
1673960290 154
1673960290 145
1673960290 150
1673960290 153
1673960290 173
1673960290 173
1673960290 174
1673960290 174
1673960290 172
1673960290 162
1673960290 188
1673960290 187
1673960290 157
1673960290 164
1673960290 154
1673960290 154
1673960290 154
1673960290 163
1673960290 150
1673960290 148
1673960290 151
1673960290 152
1673960290 150
1673960290 141
1673960290 143
1673960290 125
1673960290 138
1673960290 131
1673960290 135
1673960290 140
1673960290 143
1673960290 153
1673960290 152
1673960290 151
1673960290 160
1673960290 155
1673960290 166
1673960290 170
1673960290 170
1673960290 161
1673960290 154
1673960290 152
1673960290 137
1673960290 143
1673960290 147
1673960290 131
1673960290 130
1673960290 140
1673960290 151
1673960290 154
1673960290 155
1673960291 137
1673960291 137
1673960291 134
1673960291 153
1673960291 169
1673960291 176
1673960291 171
1673960291 174
1673960291 170
1673960291 175
1673960291 169
1673960291 171
1673960291 174
1673960291 176
1673960291 176
1673960291 162
1673960291 164
1673960291 154
1673960291 139
1673960291 144
1673960291 142
1673960291 143
1673960291 162
1673960291 141
1673960291 134
1673960291 136
1673960291 138
1673960291 147
1673960291 147
1673960291 149
1673960291 152
1673960291 149
1673960291 139
1673960291 135
1673960291 139
1673960291 131
1673960291 138
1673960291 142
1673960291 155
1673960291 153
1673960291 144
1673960291 138
1673960291 131
1673960291 138
1673960291 154
1673960291 166
1673960291 162
1673960291 160
1673960291 159
1673960291 137
1673960291 138
1673960291 150
1673960291 153
1673960291 152
1673960291 144
1673960291 130
1673960291 130
1673960291 131
1673960291 135
1673960291 141
1673960291 153
1673960291 157
1673960291 162
1673960291 183
1673960291 183
1673960291 148
1673960292 142
1673960292 155
1673960292 156
1673960292 125
1673960292 127
1673960292 137
1673960292 142
1673960292 150
1673960292 159
1673960292 162
1673960292 161
1673960292 162
1673960292 162
1673960292 158
1673960292 150
1673960292 145
1673960292 146
1673960292 144
1673960292 132
1673960292 139
1673960292 143
1673960292 170
1673960292 161
1673960292 146
1673960292 157
1673960292 158
1673960292 150
1673960292 150
1673960292 165
1673960292 172
1673960292 175
1673960292 180
1673960292 164
1673960292 157
1673960292 152
1673960292 146
1673960292 151
1673960292 152
1673960292 157
1673960292 156
1673960292 152
1673960292 155
1673960292 157
1673960292 158
1673960292 149
1673960292 152
1673960292 151
1673960292 155
1673960292 161
1673960292 136
1673960292 138
1673960292 136
1673960292 134
1673960292 140
1673960292 144
1673960292 142
1673960292 134
1673960292 140
1673960292 142
1673960292 150
1673960292 159
1673960292 151
1673960292 135
1673960292 134
1673960292 138
1673960292 149
1673960292 149
1673960292 154
1673960292 151
1673960292 150
1673960292 143
1673960292 152
1673960292 149
1673960292 165
1673960292 167
1673960292 147
1673960292 165
1673960292 188
1673960292 188
1673960292 167
1673960292 170
1673960292 167
1673960293 143
1673960293 131
1673960293 131
1673960293 138
1673960293 132
1673960293 127
1673960293 128
1673960293 145
1673960293 155
1673960293 137
1673960293 140
1673960293 140
1673960293 150
1673960293 153
1673960293 144
1673960293 156
1673960293 155
1673960293 143
1673960293 161
1673960293 149
1673960293 144
1673960293 153
1673960293 159
1673960293 181
1673960293 155
1673960293 155
1673960293 166
1673960293 152
1673960293 151
1673960293 144
1673960293 134
1673960293 134
1673960293 148
1673960293 150
1673960293 140
1673960293 138
1673960293 136
1673960293 135
1673960293 158
1673960293 130
1673960293 133
1673960293 151
1673960293 159
1673960293 149
1673960293 144
1673960293 148
1673960293 128
1673960293 121
1673960293 138
1673960293 139
1673960293 149
1673960293 150
1673960293 139
1673960293 144
1673960293 154
1673960293 165
1673960293 149
1673960293 141
1673960293 166
1673960293 164
1673960293 126
1673960293 125
1673960293 148
1673960293 148
1673960293 145
1673960293 146
1673960293 138
1673960293 130
1673960293 127
1673960293 155
1673960293 155
1673960293 150
1673960293 140
1673960293 166
1673960294 166
1673960294 167
1673960294 163
1673960294 162
1673960294 147
1673960294 150
1673960294 152
1673960294 159
1673960294 162
1673960294 153
1673960294 139
1673960294 130
1673960294 133
1673960294 136
1673960294 142
1673960294 139
1673960294 141
1673960294 144
1673960294 154
1673960294 145
1673960294 150
1673960294 149
1673960294 142
1673960294 132
1673960294 136
1673960294 150
1673960294 149
1673960294 144
1673960294 145
1673960294 142
1673960294 169
1673960294 181
1673960294 173
1673960294 152
1673960294 147
1673960294 147
1673960294 158
1673960294 163
1673960294 160
1673960294 158
1673960294 160
1673960294 159
1673960294 153
1673960294 164
1673960294 160
1673960294 148
1673960294 136
1673960294 137
1673960294 140
1673960294 143
1673960294 135
1673960294 155
1673960294 108
1673960294 127
1673960294 123
