1673776802 198
1673776803 138
1673776804 106
1673776804 178
1673776806 136
1673776806 193
1673776807 160
1673776807 133
1673776807 150
1673776807 128
1673776808 168
1673776809 128
1673776809 148
1673776809 105
1673776810 175
1673776811 174
1673776811 123
1673776811 173
1673776813 195
1673776815 197
1673776815 170
1673776815 157
1673776816 139
1673776816 181
1673776816 119
1673776817 134
1673776818 121
1673776820 191
1673776821 173
1673776821 123
1673776822 144
1673776822 125
1673776823 154
1673776824 140
1673776825 158
1673776826 157
1673776826 161
1673776826 151
1673776828 109
1673776829 148
1673776829 169
1673776830 124
1673776830 111
1673776831 179
1673776835 122
1673776835 115
1673776837 193
1673776838 109
1673776838 108
1673776839 165
1673776842 119
1673776850 195
1673776850 127
1673776850 140
1673776850 173
1673776851 194
1673776853 148
1673776853 164
1673776857 187
1673776859 121
1673776860 144
1673776861 134
1673776861 118
1673776861 167
1673776861 178
1673776861 117
1673776861 168
1673776863 127
1673776866 159
1673776867 106
1673776867 126
1673776871 102
1673776873 198
1673776873 118
1673776877 148
1673776879 144
1673776879 157
1673776880 176
1673776881 124
1673776882 195
1673776882 112
1673776883 121
1673776884 133
1673776885 184
1673776885 199
1673776886 142
1673776886 104
1673776887 144
1673776887 140
1673776888 121
1673776888 168
1673776889 108
1673776889 124
1673776890 172
1673776892 184
1673776897 152
1673776897 160
1673776897 146
1673776897 109
1673776898 105
1673776898 156
1673776898 166
1673776899 143
1673776899 131
1673776900 195
1673776900 139
1673776900 116
1673776901 142
1673776901 109
1673776903 142
1673776903 154
1673776904 162
1673776905 195
1673776905 193
1673776905 106
1673776906 119
1673776906 157
1673776907 103
1673776907 149
1673776907 108
1673776917 126
1673776917 116
1673776917 181
1673776917 144
1673776917 174
1673776920 140
1673776922 200
1673776922 195
1673776923 178
1673776923 179
1673776923 162
1673776924 163
1673776924 110
1673776924 135
1673776925 149
1673776925 106
1673776925 135
1673776925 171
1673776926 104
1673776926 133
1673776926 170
1673776926 108
1673776926 162
1673776927 107
1673776927 177
1673776928 115
1673776928 130
1673776929 104
1673776929 154
1673776929 142
1673776929 117
1673776930 166
1673776930 120
1673776930 110
1673776931 194
1673776931 122
1673776932 181
1673776932 185
1673776933 194
1673776933 165
1673776933 168
1673776933 181
1673776934 181
1673776934 183
1673776934 183
1673776934 190
1673776934 136
1673776935 124
1673776936 136
1673776936 193
1673776936 168
1673776937 135
1673776937 105
1673776937 120
1673776938 174
1673776939 121
1673776939 162
1673776939 105
1673776939 107
1673776939 192
1673776941 101
1673776941 165
1673776942 162
1673776942 199
1673776942 170
1673776945 194
1673776945 118
1673776945 121
1673776947 124
1673776949 110
1673776949 138
1673776950 141
1673776950 152
1673776950 114
1673776951 109
1673776951 107
1673776952 128
1673776952 192
1673776953 162
1673776953 174
1673776954 164
1673776954 170
1673776955 119
1673776955 149
1673776955 197
1673776955 179
1673776955 113
1673776955 162
1673776955 128
1673776956 146
1673776956 117
1673776956 112
1673776956 180
1673776957 136
1673776957 186
1673776957 194
1673776958 176
1673776959 200
1673776959 197
1673776959 151
1673776959 109
1673776960 144
1673776961 112
1673776961 107
1673776961 114
1673776962 114
1673776962 148
1673776962 185
1673776962 175
1673776963 136
1673776964 111
1673776964 149
1673776964 150
1673776964 141
1673776964 176
1673776964 161
1673776965 158
1673776965 134
1673776965 179
1673776965 195
1673776966 146
1673776966 179
1673776966 111
1673776967 175
1673776967 132
1673776968 178
1673776968 138
1673776968 146
1673776968 104
1673776968 134
1673776968 199
1673776969 103
1673776970 102
1673776970 161
1673776971 177
1673776972 180
1673776972 179
1673776972 155
1673776973 133
1673776973 129
1673776974 118
1673776974 195
1673776974 119
1673776975 130
1673776975 154
1673776976 135
1673776976 121
1673776976 113
1673776977 108
1673776977 173
1673776977 197
1673776977 167
1673776978 151
1673776978 177
1673776978 136
1673776978 197
1673776978 108
1673776979 101
1673776979 171
1673776979 166
1673776979 166
1673776979 156
1673776980 170
1673776980 101
1673776981 181
1673776981 166
1673776982 160
1673776982 171
1673776982 156
1673776984 171
1673776984 170
1673776985 117
1673776985 122
1673776986 177
1673776988 191
1673776990 177
1673776991 152
1673776991 130
1673776992 127
1673776992 111
1673776993 184
1673776996 132
1673776997 196
1673776997 196
1673776998 141
1673776998 136
1673776998 185
1673776998 186
1673776998 104
1673776998 112
1673776999 172
1673776999 169
1673776999 142
1673776999 161
1673777000 106
1673777000 142
1673777001 162
1673777001 116
1673777002 168
1673777002 117
1673777002 119
1673777002 193
1673777002 148
1673777002 122
1673777003 176
1673777003 138
1673777004 192
1673777005 171
1673777005 126
1673777006 143
1673777006 119
1673777007 130
1673777007 200
1673777007 171
1673777008 161
1673777009 159
1673777009 130
1673777011 186
1673777011 171
1673777011 183
1673777012 108
1673777013 156
1673777014 161
1673777014 121
1673777014 163
1673777014 162
1673777015 105
1673777015 139
1673777016 141
1673777016 125
1673777016 118
1673777017 188
1673777017 148
1673777017 103
1673777018 165
1673777018 192
1673777018 146
1673777019 194
1673777019 148
1673777020 160
1673777020 113
1673777020 135
1673777020 147
1673777020 148
1673777021 185
1673777021 105
1673777023 165
1673777023 183
1673777023 111
1673777023 165
1673777024 133
1673777024 129
1673777024 190
1673777024 111
1673777025 117
1673777025 144
1673777025 178
1673777026 154
1673777026 112
1673777026 160
1673777026 122
1673777027 182
1673777027 156
1673777027 163
1673777028 193
1673777028 187
1673777029 115
1673777029 106
1673777029 188
1673777031 101
1673777031 163
1673777032 130
1673777033 162
1673777033 110
1673777033 169
1673777033 123
1673777033 101
1673777033 173
1673777034 190
1673777034 197
1673777034 115
1673777035 161
1673777035 152
1673777035 146
1673777036 190
1673777036 170
1673777036 176
1673777036 115
1673777036 194
1673777038 129
1673777038 156
1673777039 197
1673777039 177
1673777039 166
1673777039 168
1673777040 187
1673777040 174
1673777041 102
1673777041 137
1673777041 139
1673777041 132
1673777041 185
1673777042 137
1673777042 196
1673777042 195
1673777042 141
1673777043 108
1673777043 169
1673777043 141
1673777044 129
1673777044 177
1673777044 169
1673777044 181
1673777045 176
1673777045 123
1673777046 192
1673777046 193
1673777046 119
1673777046 146
1673777047 198
1673777047 182
1673777047 190
1673777047 124
1673777047 144
1673777047 144
1673777047 111
1673777047 162
1673777048 114
1673777048 104
1673777049 151
1673777049 174
1673777049 137
1673777049 177
1673777050 161
1673777050 122
1673777051 140
1673777052 175
1673777053 134
1673777053 120
1673777053 128
1673777053 144
1673777053 165
1673777055 187
1673777055 178
1673777056 181
1673777056 189
1673777056 148
1673777057 151
1673777057 108
1673777057 165
1673777057 120
1673777058 137
1673777058 126
1673777058 120
1673777058 164
1673777059 195
1673777059 110
1673777059 180
1673777060 136
1673777060 147
1673777060 153
1673777061 186
1673777061 194
1673777062 138
1673777062 177
1673777062 122
1673777062 116
1673777062 143
1673777063 188
1673777064 154
1673777065 121
1673777065 149
1673777065 118
1673777065 116
1673777065 124
1673777065 150
1673777066 172
1673777066 138
1673777067 115
1673777067 174
1673777067 140
1673777067 165
1673777068 106
1673777068 197
1673777068 188
1673777068 113
1673777069 162
1673777069 107
1673777069 108
1673777070 197
1673777070 101
1673777070 144
1673777070 163
1673777071 182
1673777071 194
1673777071 113
1673777072 146
1673777072 172
1673777073 120
1673777073 195
1673777075 191
1673777075 183
1673777076 194
1673777076 146
1673777076 188
1673777076 182
1673777077 175
1673777077 124
1673777078 136
1673777078 133
1673777078 131
1673777078 106
1673777079 173
1673777079 171
1673777079 132
1673777079 185
1673777080 111
1673777080 198
1673777080 163
1673777080 188
1673777081 193
1673777081 164
1673777082 131
1673777083 193
1673777083 129
1673777083 155
1673777083 131
1673777083 190
1673777083 157
1673777084 183
1673777084 197
1673777084 140
1673777085 147
1673777085 196
1673777085 133
1673777085 175
1673777086 144
1673777086 104
1673777086 187
1673777087 182
1673777087 135
1673777087 181
1673777088 126
1673777089 127
1673777089 143
1673777089 193
1673777089 116
1673777089 151
1673777090 177
1673777090 120
1673777091 113
1673777091 140
1673777091 166
1673777091 168
1673777092 139
1673777092 165
1673777092 113
1673777092 155
1673777092 148
1673777092 106
1673777093 118
1673777093 173
1673777093 145
1673777094 197
1673777094 160
1673777094 162
1673777095 163
1673777095 171
1673777095 167
1673777095 178
1673777095 119
1673777095 149
1673777096 199
1673777096 137
1673777096 150
1673777097 126
1673777097 133
1673777098 158
1673777098 170
1673777098 110
1673777098 130
1673777099 172
1673777099 190
1673777099 139
1673777100 199
1673777100 110
1673777100 121
1673777100 156
1673777101 185
1673777101 110
1673777101 165
1673777101 103
1673777101 138
1673777102 120
1673777102 117
1673777103 180
1673777103 194
1673777103 165
1673777103 120
1673777104 177
1673777104 135
1673777105 193
1673777105 118
1673777106 167
1673777106 104
1673777107 180
1673777107 162
1673777107 171
1673777107 143
1673777108 115
1673777108 199
1673777108 130
1673777111 175
1673777111 177
1673777112 164
1673777112 150
1673777112 127
1673777112 131
1673777112 175
1673777113 128
1673777115 183
1673777115 155
1673777115 141
1673777115 194
1673777115 110
1673777115 188
1673777115 175
1673777116 124
1673777117 178
1673777117 192
1673777118 198
1673777118 186
1673777118 200
1673777118 180
1673777119 171
1673777119 125
1673777119 158
1673777119 171
1673777119 146
1673777120 112
1673777120 121
1673777120 121
1673777120 200
1673777120 109
1673777121 136
1673777121 106
1673777121 120
1673777121 148
1673777121 142
1673777122 125
1673777122 103
1673777122 172
1673777122 176
1673777122 114
1673777123 130
1673777124 130
1673777124 199
1673777125 184
1673777125 108
1673777126 157
1673777126 123
1673777126 110
1673777126 138
1673777127 109
1673777127 175
1673777128 154
1673777128 108
1673777129 108
1673777129 170
1673777129 141
1673777130 173
1673777130 173
1673777130 134
1673777131 192
1673777131 104
1673777132 179
1673777132 129
1673777132 157
1673777133 140
1673777133 195
1673777133 105
1673777133 170
1673777134 132
1673777134 198
1673777135 135
1673777135 123
1673777135 130
1673777135 192
1673777135 170
1673777135 124
1673777136 141
1673777136 112
1673777136 168
1673777137 176
1673777137 120
1673777139 110
1673777139 133
1673777140 121
1673777140 120
1673777140 195
1673777140 125
1673777141 185
1673777141 166
1673777141 168
1673777141 179
1673777141 133
1673777142 158
1673777142 166
1673777142 172
1673777142 158
1673777143 133
1673777143 146
1673777144 178
1673777144 139
1673777144 199
1673777145 128
1673777145 146
1673777145 178
1673777146 185
1673777147 151
1673777147 179
1673777147 137
1673777148 149
1673777148 198
1673777148 125
1673777149 101
1673777149 184
1673777149 120
1673777150 133
1673777150 197
1673777150 188
1673777150 106
1673777151 150
1673777151 101
1673777151 112
1673777151 178
1673777151 181
1673777151 155
1673777152 173
1673777152 173
1673777152 121
1673777152 192
1673777152 127
1673777153 132
1673777153 138
1673777154 178
1673777155 172
1673777155 165
1673777155 191
1673777157 174
1673777158 199
1673777158 196
1673777158 139
1673777158 163
1673777158 166
1673777159 158
1673777159 114
1673777159 169
1673777160 200
1673777160 160
1673777160 149
1673777161 173
1673777161 175
1673777161 122
1673777162 112
1673777162 187
1673777162 111
1673777162 103
1673777162 142
1673777163 117
1673777163 195
1673777163 138
1673777164 102
1673777164 150
1673777164 140
1673777165 140
1673777165 116
1673777165 105
1673777166 140
1673777166 168
1673777166 128
1673777167 185
1673777168 187
1673777169 163
1673777169 137
1673777169 102
1673777169 174
1673777170 175
1673777170 197
1673777170 176
1673777170 117
1673777170 135
1673777170 169
1673777171 149
1673777171 191
1673777172 199
1673777172 126
1673777172 101
1673777173 113
1673777173 187
1673777173 174
1673777173 144
1673777174 127
1673777174 165
1673777174 181
1673777174 133
1673777174 121
1673777175 123
1673777175 130
1673777176 178
1673777176 126
1673777176 163
1673777176 176
1673777177 174
1673777177 178
1673777177 171
1673777177 180
1673777177 136
1673777177 168
1673777178 138
1673777178 110
1673777178 141
1673777178 197
1673777179 169
1673777179 142
1673777180 105
1673777180 116
1673777180 120
1673777181 184
1673777182 184
1673777182 115
1673777182 120
1673777184 196
1673777185 177
1673777185 172
1673777185 111
1673777186 119
1673777186 144
1673777186 171
1673777186 164
1673777186 167
1673777186 121
1673777187 120
1673777187 122
1673777187 198
1673777187 174
1673777188 196
1673777188 119
1673777189 108
1673777189 167
1673777189 157
1673777189 133
1673777190 183
1673777190 167
1673777191 115
1673777191 128
1673777191 175
1673777191 189
1673777191 138
1673777191 194
1673777192 186
1673777192 135
1673777192 155
1673777192 198
1673777192 115
1673777192 180
1673777192 135
1673777193 149
1673777193 105
1673777194 176
1673777194 137
1673777194 117
1673777194 113
1673777194 157
1673777196 178
1673777196 171
1673777197 125
1673777197 168
1673777197 132
1673777197 139
1673777197 104
1673777197 116
1673777197 133
1673777198 151
1673777198 133
1673777198 193
1673777199 124
1673777200 137
1673777200 153
1673777201 159
1673777201 150
1673777202 182
1673777202 159
1673777202 179
1673777203 175
1673777204 185
1673777204 106
1673777204 125
1673777205 198
1673777206 127
1673777206 160
1673777206 161
1673777206 131
1673777207 146
1673777208 132
1673777209 192
1673777209 131
1673777209 128
1673777209 119
1673777209 103
1673777210 184
1673777211 128
1673777211 162
1673777211 136
1673777211 191
1673777211 200
1673777211 141
1673777212 140
1673777212 165
1673777213 172
1673777213 166
1673777213 169
1673777213 151
1673777213 177
1673777213 168
1673777215 194
1673777216 115
1673777216 125
1673777216 113
1673777216 180
1673777216 117
1673777217 137
1673777217 168
1673777217 188
1673777218 160
1673777219 152
1673777219 168
1673777219 154
1673777219 195
1673777219 167
1673777220 124
1673777221 156
1673777221 102
1673777222 199
1673777222 183
1673777223 161
1673777223 165
1673777224 126
1673777224 182
1673777229 116
1673777229 133
1673777229 103
1673777230 196
1673777230 130
1673777233 187
1673777233 128
1673777233 125
1673777234 165
1673777234 101
1673777234 180
1673777234 101
1673777234 112
1673777235 136
1673777236 171
1673777236 162
1673777236 110
1673777236 151
1673777236 184
1673777237 167
1673777238 132
1673777238 200
1673777241 165
1673777241 139
1673777242 193
1673777242 157
1673777243 119
1673777244 145
1673777245 161
1673777246 117
1673777247 124
1673777248 146
1673777248 140
1673777249 165
1673777249 112
1673777250 157
1673777251 111
1673777251 145
1673777251 114
1673777252 190
1673777252 146
1673777252 186
1673777253 193
1673777253 116
1673777253 196
1673777253 139
1673777254 188
1673777254 172
1673777255 191
1673777255 187
1673777255 101
1673777256 181
1673777256 169
1673777257 165
1673777258 116
1673777258 149
1673777258 106
1673777258 113
1673777258 103
1673777260 182
1673777260 102
1673777260 177
1673777262 158
1673777262 185
1673777263 134
1673777263 162
1673777263 161
1673777263 133
1673777263 187
1673777264 160
1673777264 182
1673777264 136
1673777264 108
1673777264 148
1673777264 172
1673777265 102
1673777265 118
1673777265 158
1673777266 168
1673777266 135
1673777266 190
1673777266 128
1673777267 118
1673777267 166
1673777267 147
1673777267 130
1673777267 163
1673777267 112
1673777268 182
1673777268 126
1673777269 170
1673777269 127
1673777269 200
1673777269 117
1673777269 180
1673777269 155
1673777269 177
1673777270 101
1673777270 108
1673777270 185
1673777270 191
1673777270 183
1673777272 152
1673777272 195
1673777273 161
1673777274 187
1673777274 166
1673777275 185
1673777275 132
1673777276 136
1673777276 136
1673777276 115
1673777277 118
1673777277 179
1673777277 181
1673777277 114
1673777278 108
1673777278 122
1673777279 168
1673777280 106
1673777280 113
1673777280 129
1673777281 104
1673777281 122
1673777281 114
1673777281 191
1673777282 117
1673777283 110
1673777283 132
1673777283 165
1673777283 102
1673777283 167
1673777283 145
1673777283 164
1673777284 170
1673777284 134
1673777284 179
1673777284 118
1673777284 164
1673777284 189
1673777285 119
1673777285 162
1673777286 111
1673777286 181
1673777287 101
1673777287 172
1673777287 163
1673777287 178
1673777288 177
1673777289 183
1673777289 130
1673777289 163
1673777289 153
1673777290 102
1673777290 106
1673777290 145
1673777290 171
1673777290 177
1673777290 191
1673777291 108
1673777291 130
1673777291 148
1673777291 141
1673777291 131
1673777291 106
1673777292 156
1673777292 140
1673777292 125
1673777293 109
1673777293 101
1673777293 187
1673777293 119
1673777293 112
1673777294 107
1673777294 141
1673777294 193
1673777295 186
1673777295 164
1673777296 103
1673777296 180
1673777297 153
1673777297 154
1673777298 136
1673777299 139
1673777299 192
1673777299 127
1673777299 109
1673777300 101
1673777301 117
1673777302 144
1673777302 140
1673777302 158
1673777302 179
1673777303 109
1673777303 135
1673777304 177
1673777304 154
1673777304 125
1673777304 165
1673777305 123
1673777305 121
1673777306 123
1673777306 131
1673777307 126
1673777307 166
1673777307 129
1673777308 105
1673777308 149
1673777308 186
1673777308 118
1673777308 189
1673777308 112
1673777309 103
1673777309 172
1673777310 112
1673777311 123
1673777312 125
1673777312 138
1673777312 133
1673777312 133
1673777312 155
1673777313 153
1673777313 191
1673777314 181
1673777314 186
1673777314 115
1673777315 126
1673777315 149
1673777316 136
1673777316 133
1673777316 163
1673777316 156
1673777316 184
1673777317 120
1673777317 119
1673777317 181
1673777317 110
1673777318 113
1673777318 189
1673777318 183
1673777319 151
1673777319 141
1673777319 158
1673777320 170
1673777320 139
1673777320 172
1673777321 112
1673777321 186
1673777322 174
1673777322 154
1673777323 147
1673777323 127
1673777323 166
1673777324 102
1673777324 115
1673777324 147
1673777325 108
1673777325 149
1673777326 173
1673777326 158
1673777326 186
1673777327 144
1673777327 175
1673777327 188
1673777327 180
1673777327 162
1673777328 133
1673777328 169
1673777329 106
1673777329 144
1673777330 121
1673777330 171
1673777330 102
1673777330 165
1673777330 140
1673777331 153
1673777331 194
1673777332 200
1673777332 107
1673777332 191
1673777332 163
1673777332 112
1673777333 183
1673777333 158
1673777333 170
1673777333 174
1673777334 138
1673777334 115
1673777335 110
1673777335 103
1673777336 103
1673777336 121
1673777337 166
1673777337 166
1673777338 162
1673777338 169
1673777339 156
1673777339 114
1673777339 173
1673777340 168
1673777340 101
1673777340 123
1673777340 160
1673777340 197
1673777341 191
1673777341 118
1673777341 161
1673777342 109
1673777342 131
1673777342 182
1673777344 114
1673777344 167
1673777344 155
1673777344 103
1673777345 197
1673777345 121
1673777346 174
1673777346 180
1673777347 136
1673777347 102
1673777347 198
1673777347 164
1673777360 164
1673777361 166
1673777361 124
1673777361 187
1673777362 120
1673777362 106
1673777362 165
1673777363 182
1673777363 197
1673777363 105
1673777364 112
1673777364 110
1673777364 148
1673777364 113
1673777365 130
1673777365 139
1673777366 168
1673777367 182
1673777367 181
1673777367 113
1673777367 175
1673777367 177
1673777368 193
1673777369 131
1673777369 133
1673777370 136
1673777370 132
1673777370 200
1673777370 107
1673777370 122
1673777372 104
1673777372 175
1673777372 158
1673777373 119
1673777374 108
1673777374 153
1673777374 112
1673777374 148
1673777375 185
1673777375 118
1673777376 119
1673777376 109
1673777376 174
1673777377 160
1673777377 120
1673777377 122
1673777377 104
1673777378 188
1673777378 153
1673777379 178
1673777380 159
1673777380 115
1673777380 139
1673777380 198
1673777380 113
1673777381 178
1673777382 193
1673777382 119
1673777382 162
1673777382 122
1673777383 124
1673777383 118
1673777383 142
1673777385 103
1673777385 161
1673777385 155
1673777385 118
1673777385 120
1673777385 126
1673777386 136
1673777386 187
1673777386 165
1673777386 166
1673777387 134
1673777387 197
1673777387 150
1673777387 132
1673777387 135
1673777388 171
1673777388 145
1673777389 193
1673777389 191
1673777389 102
1673777389 192
1673777390 189
1673777390 121
1673777390 119
1673777390 162
1673777390 110
1673777390 189
1673777391 142
1673777391 192
1673777391 169
1673777391 105
1673777392 146
1673777392 197
1673777393 155
1673777394 168
1673777395 182
1673777395 139
1673777395 151
1673777396 150
1673777396 166
1673777396 137
1673777396 132
1673777396 172
1673777397 147
1673777397 184
1673777397 183
1673777397 160
1673777397 137
1673777398 199
1673777398 161
1673777398 151
1673777399 130
1673777399 200
1673777400 119
1673777401 153
1673777403 167
1673777403 132
1673777403 180
1673777403 155
1673777403 117
1673777404 122
1673777405 169
1673777405 200
1673777405 109
1673777406 132
1673777406 144
1673777406 147
1673777407 153
1673777407 116
1673777407 121
1673777407 181
1673777407 113
1673777408 164
1673777408 152
1673777408 198
1673777408 153
1673777408 153
1673777408 124
1673777409 167
1673777409 115
1673777410 151
1673777410 165
1673777410 126
1673777410 129
1673777410 186
1673777411 160
1673777412 128
1673777412 155
1673777412 183
1673777412 180
1673777413 117
1673777414 124
1673777414 119
1673777414 170
1673777414 116
1673777415 164
1673777415 188
1673777416 200
1673777417 169
1673777417 140
1673777417 119
1673777417 129
1673777417 189
1673777417 159
1673777417 139
1673777417 176
1673777417 111
1673777418 145
1673777418 150
1673777419 145
1673777419 167
1673777419 191
1673777419 131
1673777420 162
1673777420 146
1673777421 164
1673777421 166
1673777421 178
1673777422 138
1673777422 139
1673777423 140
1673777423 115
1673777424 121
1673777424 175
1673777424 134
1673777425 129
1673777425 167
1673777425 190
1673777425 200
1673777425 136
1673777425 198
1673777425 198
1673777426 147
1673777426 176
1673777426 138
1673777427 110
1673777427 197
1673777428 112
1673777428 131
1673777428 111
1673777429 144
1673777429 198
1673777430 177
1673777431 191
1673777432 146
1673777432 176
1673777432 143
1673777432 125
1673777433 136
1673777433 148
1673777434 122
1673777434 129
1673777435 103
1673777435 193
1673777436 111
1673777436 101
1673777436 143
1673777436 161
1673777437 103
1673777437 102
1673777437 104
1673777437 176
1673777438 148
1673777438 106
1673777438 145
1673777438 200
1673777439 174
1673777439 188
1673777439 141
1673777440 184
1673777442 107
1673777442 165
1673777442 130
1673777443 160
1673777443 149
1673777443 116
1673777444 163
1673777444 191
1673777444 183
1673777444 186
1673777445 121
1673777445 153
1673777446 147
1673777446 150
1673777446 178
1673777447 192
1673777448 161
1673777448 187
1673777449 131
1673777449 116
1673777450 195
1673777450 131
1673777452 186
1673777452 141
1673777452 108
1673777452 151
1673777453 125
1673777453 170
1673777453 162
1673777454 148
1673777454 148
1673777454 123
1673777455 171
1673777455 142
1673777455 191
1673777456 160
1673777456 121
1673777456 165
1673777457 103
1673777458 190
1673777458 181
1673777459 128
1673777459 196
1673777459 151
1673777460 186
1673777460 115
1673777460 194
1673777460 134
1673777460 123
1673777461 169
1673777461 178
1673777462 146
1673777462 108
1673777463 143
1673777463 145
1673777463 182
1673777464 108
1673777464 149
1673777465 163
1673777466 138
1673777466 158
1673777466 162
1673777466 113
1673777468 105
1673777469 189
1673777469 151
1673777470 141
1673777470 111
1673777470 105
1673777470 167
1673777471 119
1673777471 190
1673777472 187
1673777472 142
1673777472 132
1673777472 118
1673777472 140
1673777473 156
1673777473 165
1673777473 178
1673777474 117
1673777474 178
1673777474 182
1673777474 118
1673777474 187
1673777474 139
1673777475 111
1673777475 173
1673777475 140
1673777475 173
1673777475 147
1673777476 110
1673777476 124
1673777476 179
1673777477 152
1673777477 150
1673777477 102
1673777477 180
1673777478 124
1673777478 102
1673777478 157
1673777479 130
1673777479 110
1673777479 136
1673777479 199
1673777480 130
1673777480 155
1673777480 178
1673777482 158
1673777482 196
1673777483 136
1673777484 152
1673777484 166
1673777485 173
1673777485 166
1673777485 122
1673777486 169
1673777486 151
1673777486 185
1673777487 155
1673777487 105
1673777488 170
1673777488 112
1673777490 145
1673777490 136
1673777490 110
1673777490 141
1673777491 172
1673777492 130
1673777492 173
1673777495 193
1673777495 175
1673777495 125
1673777496 193
1673777496 163
1673777496 115
1673777497 169
1673777497 134
1673777497 142
1673777497 147
1673777497 156
1673777498 159
1673777498 200
1673777498 107
1673777499 115
1673777499 104
1673777500 188
1673777500 164
1673777501 187
1673777501 102
1673777502 115
1673777502 175
1673777502 120
1673777502 117
1673777503 161
1673777504 200
1673777504 169
1673777504 102
1673777504 108
1673777504 192
1673777504 144
1673777504 159
1673777505 148
1673777505 118
1673777505 169
1673777505 162
1673777505 186
1673777506 106
1673777506 164
1673777506 178
1673777506 123
1673777506 111
1673777506 183
1673777506 141
1673777507 139
1673777507 141
1673777508 188
1673777509 147
1673777510 154
1673777511 180
1673777511 154
1673777512 166
1673777512 194
1673777512 123
1673777512 101
1673777512 185
1673777512 105
1673777513 133
1673777513 177
1673777513 103
1673777513 185
1673777514 185
1673777515 105
1673777517 192
1673777517 121
1673777517 113
1673777517 107
1673777517 142
1673777517 144
1673777517 198
1673777517 170
1673777518 128
1673777519 154
1673777520 116
1673777520 107
1673777520 137
1673777521 195
1673777521 169
1673777521 142
1673777522 107
1673777522 176
1673777522 157
1673777523 187
1673777523 160
1673777523 145
1673777523 120
1673777524 117
1673777524 167
1673777525 172
1673777525 101
1673777526 192
1673777526 136
1673777527 101
1673777527 139
1673777528 186
1673777528 118
1673777528 104
1673777528 106
1673777528 158
1673777529 183
1673777529 118
1673777529 168
1673777530 121
1673777530 162
1673777530 130
1673777530 121
1673777531 155
1673777531 159
1673777531 121
1673777532 142
1673777532 198
1673777532 139
1673777533 137
1673777533 153
1673777533 167
1673777533 175
1673777534 120
1673777535 104
1673777535 190
1673777536 119
1673777536 150
1673777536 135
1673777536 200
1673777536 149
1673777536 190
1673777536 187
1673777537 105
1673777537 196
1673777538 128
1673777538 148
1673777539 199
1673777539 108
1673777540 173
1673777540 116
1673777540 132
1673777540 116
1673777540 148
1673777541 176
1673777541 146
1673777542 163
1673777543 166
1673777543 162
1673777545 186
1673777545 136
1673777545 144
1673777546 165
1673777546 142
1673777547 142
1673777547 107
1673777548 155
1673777550 151
1673777551 117
1673777552 130
1673777552 179
1673777552 143
1673777552 158
1673777552 128
1673777552 135
1673777553 181
1673777553 137
1673777553 107
1673777553 112
1673777554 152
1673777554 149
1673777554 128
1673777554 149
1673777555 140
1673777555 101
1673777555 129
1673777555 169
1673777556 107
1673777557 189
1673777558 107
1673777559 146
1673777559 170
1673777559 161
1673777559 175
1673777560 175
1673777560 145
1673777560 193
1673777560 152
1673777560 186
1673777561 169
1673777561 122
1673777561 187
1673777562 128
1673777562 195
1673777562 152
1673777562 152
1673777563 147
1673777563 122
1673777563 119
1673777563 163
1673777563 104
1673777564 141
1673777565 187
1673777565 109
1673777565 103
1673777566 119
1673777566 151
1673777567 179
1673777567 146
1673777567 154
1673777567 112
1673777567 113
1673777567 119
1673777569 116
1673777569 125
1673777569 172
1673777570 155
1673777570 148
1673777571 154
1673777571 105
1673777571 195
1673777572 151
1673777572 121
1673777572 128
1673777572 126
1673777573 194
1673777573 195
1673777573 121
1673777573 107
1673777574 144
1673777574 159
1673777574 197
1673777574 193
1673777575 164
1673777575 119
1673777576 183
1673777576 160
1673777576 164
1673777576 116
1673777577 130
1673777577 170
1673777577 128
1673777577 148
1673777577 112
1673777578 182
1673777578 108
1673777579 123
1673777579 148
1673777579 197
1673777580 184
1673777581 155
1673777581 101
1673777581 147
1673777581 180
1673777582 116
1673777582 171
1673777582 190
1673777583 117
1673777584 145
1673777584 143
1673777585 141
1673777585 141
1673777585 128
1673777586 105
1673777586 171
1673777586 115
1673777586 148
1673777587 144
1673777587 181
1673777587 163
1673777587 176
1673777587 187
1673777587 171
1673777588 108
1673777588 123
1673777588 170
1673777589 196
1673777589 162
1673777589 157
1673777589 150
1673777589 150
1673777589 114
1673777590 198
1673777591 153
1673777592 111
1673777592 157
1673777592 171
1673777593 178
1673777593 192
1673777593 118
1673777594 162
1673777594 133
1673777595 183
1673777595 103
1673777595 152
1673777595 110
1673777596 124
1673777596 123
1673777597 103
1673777597 147
1673777597 135
1673777598 152
1673777598 164
1673777598 170
1673777599 192
1673777599 142
1673777599 123
1673777600 122
1673777600 161
1673777600 127
1673777600 153
1673777600 157
1673777601 126
1673777601 168
1673777602 147
1673777602 146
1673777602 162
1673777603 102
1673777603 152
1673777604 122
1673777604 162
1673777605 113
1673777605 163
1673777605 180
1673777605 109
1673777605 128
1673777605 161
1673777605 148
1673777606 189
1673777607 114
1673777607 145
1673777608 108
1673777608 121
1673777608 195
1673777609 165
1673777609 167
1673777609 133
1673777611 118
1673777611 136
1673777611 174
1673777611 136
1673777611 186
1673777612 191
1673777612 110
1673777612 194
1673777612 127
1673777612 131
1673777612 134
1673777613 101
1673777613 101
1673777613 167
1673777613 168
1673777614 106
1673777614 124
1673777614 149
1673777614 164
1673777615 103
1673777615 133
1673777615 116
1673777615 183
1673777615 198
1673777615 142
1673777615 148
1673777615 179
1673777616 154
1673777617 159
1673777617 154
1673777617 144
1673777617 161
1673777618 162
1673777618 184
1673777618 180
1673777618 116
1673777619 118
1673777620 164
1673777622 181
1673777622 135
1673777622 178
1673777623 191
1673777623 140
1673777624 184
1673777624 165
1673777624 200
1673777624 183
1673777625 121
1673777625 127
1673777626 194
1673777626 188
1673777626 142
1673777626 198
1673777626 168
1673777626 168
1673777627 120
1673777627 161
1673777627 130
1673777627 196
1673777628 118
1673777628 125
1673777629 123
1673777629 122
1673777629 101
1673777630 183
1673777630 190
1673777631 163
1673777631 124
1673777631 158
1673777632 112
1673777632 133
1673777632 117
1673777632 102
1673777632 200
1673777633 169
1673777633 177
1673777633 169
1673777633 156
1673777634 114
1673777634 165
1673777635 123
1673777635 151
1673777636 172
1673777637 163
1673777637 184
1673777637 181
1673777638 127
1673777638 163
1673777638 141
1673777639 196
1673777639 158
1673777639 128
1673777639 191
1673777640 127
1673777640 158
1673777640 119
1673777641 183
1673777642 128
1673777643 186
1673777643 158
1673777643 146
1673777644 139
1673777644 156
1673777644 126
1673777644 159
1673777644 181
1673777645 112
1673777645 140
1673777645 144
1673777645 152
1673777646 197
1673777646 129
1673777647 158
1673777647 119
1673777650 136
1673777652 199
1673777652 101
1673777654 177
1673777654 191
1673777657 177
1673777658 131
1673777659 115
1673777662 125
1673777662 127
1673777664 192
1673777665 139
1673777665 155
1673777666 113
1673777668 116
1673777669 105
1673777671 109
1673777672 122
1673777672 126
1673777672 168
1673777672 147
1673777674 173
1673777674 147
1673777675 181
1673777675 159
1673777676 129
1673777676 103
1673777677 122
1673777678 169
1673777679 117
1673777681 185
1673777681 174
1673777682 200
1673777682 139
1673777682 143
1673777682 129
1673777683 197
1673777683 185
1673777684 146
1673777687 163
1673777689 167
1673777689 101
1673777689 170
1673777690 123
1673777690 126
1673777690 165
1673777691 157
1673777692 194
1673777692 125
1673777693 166
1673777694 158
1673777695 164
1673777695 177
1673777695 195
1673777696 161
1673777696 113
1673777696 168
1673777698 154
1673777698 161
1673777698 186
1673777699 195
1673777699 199
1673777700 175
1673777700 162
1673777700 103
1673777701 174
1673777703 159
1673777703 120
1673777703 169
1673777704 112
1673777704 170
1673777704 121
1673777704 134
1673777704 132
1673777704 199
1673777705 191
1673777705 182
1673777706 192
1673777706 162
1673777707 143
1673777707 158
1673777707 181
1673777707 170
1673777708 184
1673777708 173
1673777711 134
1673777717 114
1673777717 185
1673777717 139
1673777717 107
1673777718 108
1673777718 153
1673777718 170
1673777719 173
1673777719 132
1673777720 143
1673777720 190
1673777720 173
1673777721 120
1673777721 113
1673777721 118
1673777722 163
1673777722 130
1673777722 135
1673777722 155
1673777723 183
1673777723 135
1673777723 120
1673777723 126
1673777723 154
1673777724 162
1673777724 198
1673777724 166
1673777724 151
1673777725 112
1673777725 159
1673777725 185
1673777725 184
1673777725 109
1673777726 160
1673777726 108
1673777726 111
1673777727 164
1673777727 158
1673777727 135
1673777727 144
1673777728 191
1673777729 123
1673777730 173
1673777730 127
1673777730 156
1673777730 115
1673777730 129
1673777731 193
1673777731 147
1673777731 150
1673777732 143
1673777732 130
1673777732 169
1673777732 194
1673777733 146
1673777733 110
1673777733 149
1673777733 106
1673777734 196
1673777734 159
1673777735 193
1673777737 175
1673777737 103
1673777737 179
1673777737 152
1673777737 162
1673777737 189
1673777737 175
1673777737 115
1673777738 187
1673777738 121
1673777738 166
1673777738 124
1673777739 194
1673777739 164
1673777739 117
1673777740 109
1673777740 151
1673777741 155
1673777741 194
1673777742 117
1673777742 133
1673777742 168
1673777743 148
1673777743 140
1673777744 118
1673777744 112
1673777745 169
1673777745 137
1673777745 195
1673777746 150
1673777746 134
1673777747 188
1673777747 101
1673777747 125
1673777747 172
1673777748 149
1673777748 104
1673777748 113
1673777748 194
1673777749 139
1673777749 111
1673777749 130
1673777749 152
1673777750 161
1673777751 164
1673777752 170
1673777752 159
1673777753 176
1673777753 150
1673777753 179
1673777754 191
1673777755 119
1673777755 159
1673777755 108
1673777755 158
1673777756 110
1673777756 134
1673777756 175
1673777756 170
1673777757 135
1673777757 154
1673777757 110
1673777758 189
1673777758 168
1673777758 151
1673777759 173
1673777759 162
1673777760 129
1673777760 169
1673777760 154
1673777760 125
1673777761 116
1673777761 158
1673777761 131
1673777761 123
1673777761 145
1673777762 153
1673777762 147
1673777762 139
1673777763 196
1673777763 189
1673777765 134
1673777765 112
1673777765 121
1673777767 181
1673777767 135
1673777773 147
1673777775 162
1673777775 194
1673777776 159
1673777776 189
1673777776 174
1673777779 134
1673777780 114
1673777781 175
1673777782 109
1673777782 104
1673777783 126
1673777783 144
1673777784 157
1673777785 158
1673777785 194
1673777785 123
1673777786 200
1673777786 174
1673777787 112
1673777788 179
1673777788 199
1673777801 143
1673777805 147
1673777806 190
1673777806 112
1673777807 186
1673777808 132
1673777808 187
1673777811 110
1673777811 166
1673777813 178
1673777813 137
1673777815 155
1673777817 192
1673777819 196
1673777820 195
1673777820 156
1673777826 151
1673777834 103
1673777836 190
1673777837 106
1673777837 105
1673777837 123
1673777839 191
1673777839 181
1673777844 175
1673777844 148
1673777846 180
1673777849 121
1673777856 108
1673777857 112
1673777857 123
1673777857 199
1673777860 187
1673777860 173
1673777861 154
1673777861 138
1673777861 196
1673777866 181
1673777868 192
1673777872 175
1673777873 130
1673777874 130
1673777874 180
1673777874 172
1673777875 115
1673777875 172
1673777876 131
1673777876 127
1673777876 156
1673777885 169
1673777886 170
1673777903 164
1673777904 198
1673777906 191
1673777908 200
1673777910 169
1673777910 101
1673777910 177
1673777913 140
1673777914 167
1673777915 171
1673777915 132
1673777916 105
1673777916 112
1673777916 105
1673777917 173
1673777920 127
1673777920 118
1673777921 199
1673777923 150
1673777923 192
1673777925 194
1673777925 133
1673777925 191
1673777927 109
1673777927 174
1673777928 199
1673777928 157
1673777929 125
1673777930 128
1673777930 174
1673777930 118
1673777932 179
1673777937 195
1673777937 175
1673777938 172
1673777938 117
1673777938 137
1673777939 112
1673777939 134
1673777939 120
1673777939 189
1673777940 125
1673777940 124
1673777943 182
1673777943 147
1673777944 171
1673777945 116
1673777946 114
1673777946 184
1673777946 142
1673777948 175
1673777950 145
1673777951 106
1673777954 146
1673777954 199
1673777954 178
1673777955 167
1673777957 102
1673777957 147
1673777957 137
1673777957 112
1673777958 115
1673777959 177
1673777959 146
1673777960 174
1673777960 165
1673777961 122
1673777961 103
1673777962 168
1673777963 136
1673777963 106
1673777963 185
1673777964 189
1673777964 149
1673777965 164
1673777965 150
1673777968 189
1673777969 152
1673777969 142
1673777970 170
1673777972 120
1673777972 122
1673777973 144
1673777974 193
1673777981 106
1673777981 159
1673777983 156
1673777984 122
1673777985 167
1673777985 178
1673777986 130
1673777987 182
1673777987 113
1673777996 114
1673777999 153
1673778000 179
1673778001 179
1673778005 161
1673778005 121
1673778007 152
1673778008 138
1673778008 125
1673778008 159
1673778009 113
1673778010 154
1673778012 161
1673778012 198
1673778012 188
1673778012 156
1673778012 126
1673778012 142
1673778012 145
1673778013 195
1673778016 151
1673778017 112
1673778017 153
1673778017 191
1673778018 193
1673778018 112
1673778018 126
1673778023 165
1673778026 173
1673778027 171
1673778027 169
1673778027 149
1673778028 116
1673778030 158
1673778030 156
1673778034 106
1673778034 192
1673778034 180
1673778037 158
1673778043 127
1673778046 147
1673778049 162
1673778050 173
1673778056 178
1673778056 152
1673778057 177
1673778063 121
1673778064 156
1673778065 147
1673778065 151
1673778066 156
1673778067 102
1673778067 113
1673778068 175
1673778068 104
1673778070 144
1673778070 184
1673778072 178
1673778076 142
1673778079 159
1673778084 136
1673778086 166
1673778086 176
1673778086 176
1673778087 186
1673778100 108
1673778100 112
1673778100 177
1673778100 159
1673778100 149
1673778102 159
1673778102 111
1673778102 168
1673778105 181
1673778107 117
1673778107 146
1673778109 130
1673778120 148
1673778122 134
1673778122 153
1673778123 179
1673778124 117
1673778125 108
1673778125 169
1673778128 163
1673778129 130
1673778129 106
1673778129 172
1673778130 103
1673778130 123
1673778131 134
1673778132 155
1673778132 142
1673778133 139
1673778133 130
1673778134 193
1673778138 177
1673778139 197
1673778144 127
1673778147 107
1673778148 116
1673778155 164
1673778157 161
1673778159 169
1673778159 152
1673778159 142
1673778160 116
1673778160 198
1673778160 176
1673778161 168
1673778161 183
1673778161 176
1673778167 145
1673778167 118
1673778169 116
1673778170 164
1673778171 163
1673778171 118
1673778171 161
1673778176 152
1673778176 124
1673778179 154
1673778181 103
1673778182 180
1673778189 150
1673778190 196
1673778190 121
1673778190 147
1673778194 142
1673778196 126
1673778198 120
1673778199 106
1673778204 153
1673778205 158
1673778205 172
1673778206 153
1673778207 133
1673778207 191
1673778207 146
1673778209 122
1673778210 174
1673778210 118
1673778211 120
1673778212 183
1673778212 192
1673778212 186
1673778212 132
1673778212 145
1673778213 154
1673778214 175
1673778214 112
1673778215 144
1673778215 163
1673778216 194
1673778217 176
1673778217 188
1673778217 137
1673778218 128
1673778218 159
1673778221 140
1673778221 179
1673778222 130
1673778222 181
1673778223 126
1673778223 121
1673778225 122
1673778225 129
1673778225 134
1673778226 111
1673778226 136
1673778227 101
1673778227 170
1673778227 198
1673778228 163
1673778230 188
1673778232 169
1673778233 137
1673778233 154
1673778233 113
1673778233 142
1673778233 103
1673778233 102
1673778234 170
1673778234 197
1673778235 158
1673778236 175
1673778236 185
1673778236 133
1673778237 173
1673778237 188
1673778237 187
1673778237 145
1673778237 162
1673778238 115
1673778238 165
1673778239 114
1673778239 127
1673778240 130
1673778240 183
1673778240 135
1673778240 164
1673778240 169
1673778240 130
1673778240 186
1673778240 106
1673778240 169
1673778241 135
1673778241 167
1673778241 138
1673778241 162
1673778241 111
1673778241 185
1673778241 161
1673778242 171
1673778242 124
1673778242 134
1673778242 196
1673778243 148
1673778243 102
1673778243 112
1673778243 156
1673778244 114
1673778245 184
1673778245 191
1673778245 191
1673778245 188
1673778246 108
1673778246 163
1673778247 155
1673778247 131
1673778248 155
1673778248 125
1673778248 126
1673778248 190
1673778248 157
1673778249 197
1673778250 181
1673778250 131
1673778250 139
1673778251 127
1673778251 112
1673778252 123
1673778252 200
1673778253 106
1673778254 108
1673778254 135
1673778254 129
1673778255 166
1673778255 130
1673778256 176
1673778256 162
1673778256 188
1673778256 158
1673778257 104
1673778257 148
1673778258 127
1673778258 106
1673778259 195
1673778259 140
1673778259 140
1673778259 149
1673778260 149
1673778260 155
1673778260 124
1673778261 158
1673778261 193
1673778262 178
1673778262 156
1673778263 180
1673778264 185
1673778264 197
1673778264 108
1673778265 165
1673778265 174
1673778266 167
1673778266 128
1673778266 156
1673778266 124
1673778267 146
1673778268 143
1673778268 163
1673778268 131
1673778269 119
1673778270 175
1673778271 197
1673778271 167
1673778271 118
1673778272 154
1673778272 105
1673778272 179
1673778272 191
1673778273 185
1673778274 189
1673778274 104
1673778275 193
1673778275 179
1673778276 186
1673778276 129
1673778276 153
1673778277 155
1673778277 101
1673778277 103
1673778277 113
1673778278 157
1673778278 101
1673778278 187
1673778278 102
1673778278 198
1673778278 146
1673778278 116
1673778279 177
1673778279 173
1673778279 193
1673778279 165
1673778279 191
1673778280 149
1673778280 106
1673778280 159
1673778280 137
1673778280 125
1673778281 175
1673778281 159
1673778281 191
1673778282 141
1673778282 166
1673778282 178
1673778282 116
1673778282 128
1673778282 193
1673778283 124
1673778284 102
1673778285 128
1673778285 133
1673778285 186
1673778285 131
1673778286 198
1673778287 130
1673778287 146
1673778287 152
1673778287 160
1673778287 103
1673778288 145
1673778288 114
1673778288 111
1673778289 197
1673778289 127
1673778289 155
1673778289 200
1673778289 108
1673778290 143
1673778290 105
1673778290 189
1673778291 159
1673778291 136
1673778291 127
1673778292 110
1673778293 167
1673778293 106
1673778294 170
1673778294 118
1673778294 195
1673778296 142
1673778296 125
1673778296 128
1673778296 152
1673778297 152
1673778298 156
1673778298 167
1673778299 179
1673778299 119
1673778300 106
1673778301 174
1673778301 188
1673778302 192
1673778302 104
1673778303 194
1673778303 160
1673778303 147
1673778303 199
1673778304 190
1673778304 127
1673778304 184
1673778304 148
1673778305 138
1673778305 185
1673778305 195
1673778306 142
1673778307 183
1673778308 191
1673778308 106
1673778309 194
1673778310 149
1673778310 165
1673778310 152
1673778310 190
1673778311 154
1673778311 175
1673778312 129
1673778313 176
1673778314 125
1673778314 166
1673778314 142
1673778314 125
1673778316 136
1673778316 200
1673778317 168
1673778317 139
1673778317 144
1673778317 150
1673778317 173
1673778317 168
1673778318 174
1673778318 186
1673778320 192
1673778321 168
1673778321 142
1673778321 108
1673778324 146
1673778324 113
1673778324 187
1673778324 116
1673778324 151
1673778324 145
1673778324 112
1673778325 128
1673778325 170
1673778325 148
1673778325 178
1673778325 136
1673778325 126
1673778326 139
1673778326 184
1673778326 135
1673778326 136
1673778327 189
1673778327 118
1673778328 183
1673778329 131
1673778329 124
1673778329 195
1673778330 127
1673778330 108
1673778330 199
1673778330 151
1673778331 127
1673778331 116
1673778331 150
1673778331 197
1673778332 128
1673778332 128
1673778332 153
1673778332 200
1673778332 177
1673778333 179
1673778333 140
1673778333 145
1673778333 115
1673778334 112
1673778334 156
1673778335 120
1673778335 116
1673778335 133
1673778335 140
1673778335 115
1673778336 191
1673778336 173
1673778337 182
1673778337 198
1673778337 116
1673778337 150
1673778337 130
1673778338 194
1673778338 122
1673778338 196
1673778338 133
1673778340 135
1673778340 114
1673778341 156
1673778341 110
1673778341 196
1673778341 187
1673778342 165
1673778342 147
1673778342 149
1673778343 159
1673778343 175
1673778344 154
1673778344 161
1673778345 177
1673778345 135
1673778345 113
1673778345 199
1673778347 117
1673778347 159
1673778347 186
1673778347 160
1673778348 138
1673778348 161
1673778349 173
1673778349 183
1673778349 134
1673778350 193
1673778350 130
1673778350 166
1673778351 111
1673778351 107
1673778353 176
1673778353 186
1673778353 181
1673778353 194
1673778353 154
1673778353 162
1673778353 197
1673778354 194
1673778354 116
1673778354 168
1673778355 131
1673778355 139
1673778356 101
1673778356 164
1673778358 193
1673778358 109
1673778358 155
1673778358 191
1673778358 105
1673778358 190
1673778359 113
1673778359 149
1673778360 168
1673778360 129
1673778361 192
1673778361 195
1673778362 191
1673778362 152
1673778362 190
1673778363 145
1673778363 141
1673778363 194
1673778363 159
1673778363 101
1673778365 140
1673778366 127
1673778367 197
1673778367 148
1673778368 188
1673778368 156
1673778368 110
1673778368 183
1673778368 150
1673778370 121
1673778370 128
1673778370 179
1673778371 162
1673778371 185
1673778372 152
1673778372 178
1673778372 130
1673778372 160
1673778373 160
1673778374 163
1673778374 174
1673778375 175
1673778375 118
1673778375 103
1673778375 144
1673778376 189
1673778376 128
1673778377 110
1673778378 180
1673778378 128
1673778378 132
1673778379 197
1673778379 183
1673778379 113
1673778379 190
1673778380 120
1673778380 148
1673778380 107
1673778380 101
1673778381 162
1673778381 177
1673778382 112
1673778382 148
1673778382 134
1673778384 127
1673778385 147
1673778385 134
1673778385 130
1673778385 166
1673778386 121
1673778386 101
1673778386 146
1673778386 175
1673778387 186
1673778388 138
1673778388 146
1673778388 174
1673778389 175
1673778389 142
1673778390 133
1673778391 192
1673778391 195
1673778392 106
1673778394 105
1673778395 118
1673778396 106
1673778396 199
1673778396 140
1673778396 151
1673778397 179
1673778397 134
1673778397 171
1673778397 109
1673778397 198
1673778398 135
1673778398 182
1673778398 133
1673778398 157
1673778398 157
1673778398 143
1673778398 165
1673778398 184
1673778399 109
1673778400 182
1673778400 103
1673778401 174
1673778401 147
1673778401 153
1673778401 163
1673778402 118
1673778402 113
1673778402 195
1673778402 196
1673778403 113
1673778403 107
1673778403 122
1673778404 154
1673778404 172
1673778404 107
1673778404 141
1673778404 179
1673778404 174
1673778405 199
1673778405 167
1673778405 125
1673778405 125
1673778406 187
1673778407 150
1673778407 161
1673778407 119
1673778408 102
1673778408 165
1673778408 178
1673778408 198
1673778409 190
1673778409 162
1673778409 128
1673778409 146
1673778409 147
1673778409 179
1673778409 158
1673778410 107
1673778410 116
1673778410 179
1673778410 199
1673778410 142
1673778411 133
1673778411 126
1673778411 179
1673778411 174
1673778412 143
1673778412 176
1673778412 105
1673778412 121
1673778413 165
1673778414 106
1673778414 197
1673778414 135
1673778415 200
1673778415 200
1673778416 191
1673778416 180
1673778416 106
1673778416 178
1673778416 142
1673778416 136
1673778417 180
1673778417 119
1673778417 125
1673778417 189
1673778417 118
1673778418 102
1673778418 124
1673778418 174
1673778419 152
1673778419 175
1673778419 120
1673778420 118
1673778420 198
1673778421 189
1673778421 192
1673778421 195
1673778421 185
1673778422 132
1673778422 160
1673778422 122
1673778423 179
1673778423 168
1673778424 155
1673778424 173
1673778425 121
1673778425 114
1673778425 184
1673778425 136
1673778425 184
1673778425 114
1673778425 166
1673778426 155
1673778426 166
1673778426 118
1673778426 170
1673778427 184
1673778427 189
1673778428 189
1673778428 132
1673778429 130
1673778429 165
1673778429 135
1673778429 137
1673778429 187
1673778430 161
1673778430 186
1673778430 153
1673778431 166
1673778431 135
1673778431 114
1673778432 122
1673778432 157
1673778432 192
1673778432 126
1673778433 169
1673778433 195
1673778433 106
1673778433 165
1673778434 105
1673778434 175
1673778434 173
1673778435 132
1673778436 171
1673778437 118
1673778438 103
1673778438 187
1673778438 158
1673778438 135
1673778438 113
1673778439 166
1673778440 164
1673778441 182
1673778441 140
1673778441 142
1673778442 101
1673778442 192
1673778442 142
1673778443 152
1673778443 184
1673778443 174
1673778443 169
1673778444 104
1673778444 144
1673778444 148
1673778445 143
1673778445 152
1673778445 107
1673778445 176
1673778445 109
1673778445 178
1673778446 185
1673778448 181
1673778448 140
1673778449 186
1673778449 131
1673778449 153
1673778449 122
1673778449 105
1673778449 194
1673778449 136
1673778449 165
1673778450 144
1673778451 156
1673778452 148
1673778452 197
1673778452 146
1673778453 127
1673778453 112
1673778453 161
1673778453 181
1673778455 109
1673778456 137
1673778456 123
1673778456 180
1673778457 182
1673778457 198
1673778457 109
1673778458 147
1673778458 131
1673778459 183
1673778460 178
1673778460 132
1673778461 192
1673778462 151
1673778462 118
1673778463 181
1673778463 116
1673778463 142
1673778463 119
1673778465 109
1673778466 190
1673778466 195
1673778466 150
1673778467 123
1673778467 164
1673778467 139
1673778467 145
1673778468 143
1673778469 116
1673778469 125
1673778470 183
1673778470 191
1673778470 143
1673778471 166
1673778471 169
1673778471 199
1673778471 141
1673778472 152
1673778472 200
1673778473 104
1673778473 153
1673778474 149
1673778474 113
1673778474 108
1673778475 186
1673778475 176
1673778476 154
1673778476 184
1673778476 153
1673778476 152
1673778476 130
1673778476 120
1673778477 139
1673778477 163
1673778478 193
1673778478 153
1673778478 120
1673778479 131
1673778479 101
1673778480 177
1673778480 157
1673778482 179
1673778483 134
1673778483 125
1673778483 173
1673778483 135
1673778483 147
1673778483 139
1673778483 110
1673778484 143
1673778484 125
1673778484 189
1673778485 135
1673778485 182
1673778486 181
1673778486 121
1673778486 118
1673778486 171
1673778486 184
1673778487 106
1673778487 165
1673778488 158
1673778488 119
1673778488 146
1673778488 132
1673778489 149
1673778489 112
1673778490 111
1673778491 142
1673778491 137
1673778492 186
1673778493 200
1673778493 187
1673778493 111
1673778493 163
1673778494 183
1673778494 143
1673778495 175
1673778495 108
1673778496 108
1673778496 103
1673778497 109
1673778497 112
1673778497 110
1673778498 179
1673778499 173
1673778499 108
1673778499 154
1673778499 184
1673778500 145
1673778501 130
1673778501 182
1673778502 152
1673778502 188
1673778502 172
1673778502 136
1673778503 176
1673778503 146
1673778504 133
1673778504 108
1673778504 152
1673778505 159
1673778506 126
1673778507 192
1673778508 173
1673778508 168
1673778508 173
1673778509 113
1673778509 123
1673778509 173
1673778510 133
1673778511 175
1673778511 135
1673778511 165
1673778512 140
1673778513 182
1673778513 165
1673778513 192
1673778513 110
1673778514 160
1673778514 130
1673778515 132
1673778515 110
1673778515 145
1673778515 102
1673778515 145
1673778515 188
1673778516 196
1673778516 152
1673778516 136
1673778517 119
1673778517 118
1673778517 182
1673778517 185
1673778517 116
1673778518 185
1673778518 150
1673778519 161
1673778519 138
1673778521 169
1673778521 125
1673778521 177
1673778522 198
1673778522 196
1673778522 110
1673778523 123
1673778523 142
1673778523 172
1673778523 147
1673778524 139
1673778524 166
1673778524 121
1673778524 123
1673778524 114
1673778525 111
1673778525 110
1673778525 138
1673778525 193
1673778526 139
1673778526 112
1673778527 176
1673778527 137
1673778527 104
1673778527 158
1673778528 186
1673778529 142
1673778529 175
1673778529 158
1673778529 143
1673778530 153
1673778530 159
1673778530 134
1673778531 155
1673778532 146
1673778532 134
1673778533 128
1673778533 192
1673778534 158
1673778534 135
1673778535 117
1673778535 148
1673778535 106
1673778536 168
1673778537 131
1673778538 149
1673778538 169
1673778538 155
1673778538 165
1673778538 144
1673778539 148
1673778539 108
1673778540 149
1673778540 132
1673778541 128
1673778541 121
1673778542 143
1673778542 194
1673778542 147
1673778543 101
1673778543 166
1673778543 103
1673778544 179
1673778544 127
1673778544 168
1673778544 110
1673778544 133
1673778545 183
1673778545 140
1673778545 134
1673778545 109
1673778545 183
1673778546 132
1673778546 122
1673778546 142
1673778546 168
1673778547 143
1673778547 197
1673778547 137
1673778547 139
1673778547 111
1673778547 197
1673778547 191
1673778548 126
1673778548 105
1673778548 185
1673778549 116
1673778549 112
1673778550 176
1673778550 112
1673778550 104
1673778551 111
1673778551 188
1673778552 197
1673778553 122
1673778553 162
1673778554 184
1673778554 111
1673778554 150
1673778554 117
1673778554 165
1673778554 125
1673778554 125
1673778556 114
1673778556 195
1673778556 171
1673778556 145
1673778557 143
1673778557 106
1673778557 155
1673778557 173
1673778558 178
1673778558 117
1673778558 123
1673778559 129
1673778559 145
1673778560 131
1673778560 156
1673778561 121
1673778561 182
1673778561 149
1673778561 135
1673778561 162
1673778561 135
1673778561 120
1673778562 138
1673778562 154
1673778563 149
1673778563 172
1673778565 183
1673778565 145
1673778565 181
1673778565 128
1673778567 126
1673778567 136
1673778568 137
1673778569 195
1673778569 147
1673778569 184
1673778570 143
1673778570 121
1673778570 194
1673778571 187
1673778571 136
1673778571 142
1673778571 106
1673778572 123
1673778572 196
1673778572 190
1673778572 157
1673778573 118
1673778573 117
1673778574 193
1673778574 165
1673778574 155
1673778574 180
1673778575 195
1673778575 122
1673778576 145
1673778576 174
1673778577 188
1673778578 111
1673778578 191
1673778578 120
1673778579 191
1673778579 173
1673778579 164
1673778579 197
1673778580 164
1673778580 191
1673778580 107
1673778580 177
1673778581 107
1673778581 114
1673778581 192
1673778581 118
1673778581 157
1673778581 117
1673778582 180
1673778583 108
1673778583 152
1673778583 156
1673778583 178
1673778584 107
1673778584 115
1673778585 132
1673778585 192
1673778585 169
1673778585 145
1673778585 138
1673778585 145
1673778585 154
1673778586 153
1673778586 190
1673778586 175
1673778586 180
1673778587 194
1673778588 151
1673778588 122
1673778588 149
1673778588 152
1673778588 194
1673778589 124
1673778590 197
1673778590 115
1673778591 114
1673778591 138
1673778591 106
1673778592 159
1673778593 114
1673778593 170
1673778594 196
1673778594 184
1673778595 165
1673778595 144
1673778596 147
1673778597 157
1673778597 163
1673778597 166
1673778597 108
1673778598 141
1673778598 163
1673778598 128
1673778598 185
1673778598 136
1673778598 104
1673778598 164
1673778598 131
1673778599 137
1673778599 191
1673778599 109
1673778599 116
1673778600 160
1673778600 132
1673778601 200
1673778601 126
1673778601 140
1673778601 141
1673778602 154
1673778602 197
1673778603 123
1673778603 119
1673778603 170
1673778603 125
1673778604 165
1673778604 136
1673778605 177
1673778605 178
1673778605 148
1673778606 159
1673778606 127
1673778606 123
1673778606 184
1673778606 110
1673778607 137
1673778607 152
1673778607 122
1673778607 167
1673778608 194
1673778608 152
1673778610 134
1673778610 187
1673778610 150
1673778610 124
1673778610 131
1673778610 118
1673778611 121
1673778611 120
1673778612 163
1673778612 163
1673778612 184
1673778612 191
1673778612 193
1673778613 130
1673778613 171
1673778613 185
1673778613 135
1673778613 148
1673778613 131
1673778613 156
1673778613 174
1673778613 130
1673778613 183
1673778613 149
1673778614 200
1673778614 156
1673778614 118
1673778615 139
1673778615 180
1673778615 107
1673778615 108
1673778615 152
1673778616 108
1673778616 111
1673778616 168
1673778617 116
1673778617 199
1673778617 194
1673778618 118
1673778618 133
1673778619 128
1673778619 173
1673778620 165
1673778620 193
1673778620 101
1673778621 135
1673778621 182
1673778621 149
1673778622 171
1673778622 196
1673778622 164
1673778622 190
1673778622 174
1673778623 126
1673778623 108
1673778623 105
1673778624 115
1673778625 108
1673778625 194
1673778627 158
1673778628 146
1673778628 131
1673778629 122
1673778629 110
1673778630 125
1673778630 157
1673778630 140
1673778631 187
1673778631 117
1673778631 178
1673778631 193
1673778631 132
1673778632 188
1673778632 150
1673778632 124
1673778632 157
1673778633 127
1673778633 165
1673778633 171
1673778634 196
1673778634 150
1673778634 144
1673778635 171
1673778635 114
1673778635 188
1673778635 186
1673778635 167
1673778636 162
1673778636 146
1673778636 185
1673778636 195
1673778637 160
1673778637 133
1673778637 199
1673778638 106
1673778638 200
1673778638 133
1673778638 199
1673778639 111
1673778639 196
1673778639 129
1673778640 179
1673778640 142
1673778640 133
1673778641 101
1673778641 183
1673778641 141
1673778641 122
1673778641 146
1673778642 194
1673778642 181
1673778642 175
1673778643 124
1673778643 192
1673778644 179
1673778644 177
1673778645 167
1673778645 131
1673778646 174
1673778646 173
1673778646 171
1673778646 158
1673778646 128
1673778646 149
1673778648 148
1673778648 152
1673778648 115
1673778648 190
1673778648 190
1673778649 165
1673778649 144
1673778649 194
1673778649 105
1673778650 197
1673778650 184
1673778651 166
1673778651 128
1673778651 122
1673778653 158
1673778653 130
1673778653 140
1673778653 156
1673778653 174
1673778655 192
1673778656 158
1673778656 134
1673778656 124
1673778656 166
1673778658 139
1673778658 175
1673778658 194
1673778659 186
1673778659 175
1673778660 165
1673778660 125
1673778660 159
1673778660 179
1673778661 144
1673778661 191
1673778661 156
1673778662 175
1673778662 151
1673778662 177
1673778662 124
1673778663 134
1673778663 156
1673778663 156
1673778663 190
1673778664 125
1673778664 168
1673778664 126
1673778664 115
1673778664 122
1673778664 191
1673778665 162
1673778665 162
1673778665 196
1673778665 158
1673778665 149
1673778666 166
1673778667 179
1673778667 163
1673778667 160
1673778668 151
1673778669 113
1673778669 156
1673778669 139
1673778670 102
1673778670 181
1673778670 125
1673778670 138
1673778671 128
1673778671 191
1673778671 121
1673778671 110
1673778672 113
1673778672 157
1673778672 177
1673778673 152
1673778673 101
1673778673 162
1673778673 103
1673778674 129
1673778674 149
1673778674 121
1673778675 146
1673778676 166
1673778677 124
1673778678 151
1673778679 130
1673778679 112
1673778679 158
1673778680 103
1673778680 189
1673778680 154
1673778682 164
1673778683 104
1673778683 110
1673778683 188
1673778683 188
1673778684 177
1673778684 155
1673778684 152
1673778684 107
1673778684 155
1673778685 116
1673778685 134
1673778686 163
1673778687 149
1673778687 134
1673778688 200
1673778688 117
1673778688 170
1673778688 134
1673778688 104
1673778688 186
1673778688 139
1673778688 153
1673778689 167
1673778689 112
1673778690 105
1673778690 111
1673778690 163
1673778690 189
1673778691 122
1673778691 139
1673778691 199
1673778691 172
1673778691 171
1673778692 126
1673778692 137
1673778692 191
1673778692 164
1673778693 137
1673778693 116
1673778695 118
1673778697 183
1673778697 148
1673778697 143
1673778697 133
1673778698 132
1673778699 101
1673778699 175
1673778699 156
1673778699 177
1673778699 176
1673778700 147
1673778700 116
1673778701 113
1673778701 194
1673778702 177
1673778702 166
1673778703 126
1673778703 109
1673778704 111
1673778704 164
1673778704 173
1673778705 105
1673778706 181
1673778706 144
1673778706 167
1673778706 141
1673778706 128
1673778706 161
1673778706 114
1673778707 111
1673778707 183
1673778708 111
1673778708 157
1673778708 168
1673778708 109
1673778709 149
1673778709 136
1673778710 192
1673778710 171
1673778711 175
1673778711 149
1673778711 182
1673778712 196
1673778712 143
1673778712 143
1673778712 188
1673778712 163
1673778712 136
1673778713 114
1673778713 195
1673778713 116
1673778714 165
1673778714 172
1673778714 136
1673778715 103
1673778715 134
1673778716 143
1673778716 193
1673778717 128
1673778717 102
1673778718 116
1673778718 182
1673778718 172
1673778719 124
1673778720 164
1673778720 143
1673778720 161
1673778720 189
1673778721 158
1673778721 177
1673778721 189
1673778725 182
1673778725 178
1673778726 167
1673778726 168
1673778726 168
1673778726 114
1673778726 114
1673778727 168
1673778727 152
1673778727 170
1673778727 191
1673778728 120
1673778728 164
1673778728 164
1673778728 125
1673778729 165
1673778729 105
1673778729 112
1673778730 199
1673778730 117
1673778730 121
1673778731 109
1673778731 163
1673778731 139
1673778731 178
1673778731 101
1673778731 122
1673778731 186
1673778731 114
1673778732 184
1673778732 106
1673778732 196
1673778732 129
1673778733 171
1673778733 109
1673778733 181
1673778734 159
1673778734 158
1673778734 162
1673778734 177
1673778735 168
1673778735 198
1673778735 138
1673778735 126
1673778736 145
1673778736 134
1673778736 171
1673778737 109
1673778738 190
1673778738 173
1673778738 108
1673778738 144
1673778738 113
1673778739 198
1673778740 102
1673778740 136
1673778740 186
1673778740 117
1673778743 104
1673778743 189
1673778743 199
1673778743 102
1673778744 135
1673778744 157
1673778745 128
1673778745 132
1673778746 135
1673778746 189
1673778746 177
1673778746 159
1673778747 160
1673778747 165
1673778747 198
1673778748 186
1673778748 126
1673778748 160
1673778749 169
1673778749 144
1673778749 146
1673778749 103
1673778750 115
1673778750 150
1673778750 142
1673778750 183
1673778750 171
1673778751 115
1673778751 106
1673778751 136
1673778751 131
1673778752 121
1673778753 118
1673778753 171
1673778753 138
1673778753 159
1673778753 125
1673778753 119
1673778753 172
1673778753 174
1673778754 108
1673778755 132
1673778755 133
1673778755 186
1673778756 138
1673778756 106
1673778756 104
1673778756 120
1673778757 196
1673778757 120
1673778757 200
1673778758 159
1673778758 171
1673778758 159
1673778759 140
1673778759 141
1673778759 124
1673778759 136
1673778759 135
1673778760 106
1673778761 123
1673778761 120
1673778761 145
1673778762 149
1673778762 105
1673778762 191
1673778763 140
1673778763 176
1673778763 111
1673778764 146
1673778765 106
1673778765 186
1673778766 132
1673778766 176
1673778767 101
1673778767 127
1673778767 145
1673778768 149
1673778768 162
1673778768 109
1673778769 179
1673778769 154
1673778770 168
1673778770 178
1673778770 182
1673778771 173
1673778771 124
1673778771 158
1673778771 126
1673778772 114
1673778772 181
1673778773 123
1673778773 130
1673778773 145
1673778774 170
1673778774 138
1673778774 108
1673778775 125
1673778776 115
1673778776 183
1673778776 174
1673778777 182
1673778777 174
1673778777 161
1673778778 163
1673778778 130
1673778778 115
1673778779 177
1673778779 133
1673778779 124
1673778779 190
1673778780 193
1673778780 140
1673778780 170
1673778780 143
1673778780 125
1673778780 124
1673778781 142
1673778782 105
1673778784 118
1673778784 139
1673778784 137
1673778784 167
1673778784 145
1673778785 159
1673778785 138
1673778786 159
1673778787 133
1673778787 185
1673778788 198
1673778788 126
1673778789 119
1673778790 170
1673778790 155
1673778790 135
1673778790 189
1673778790 140
1673778791 130
1673778791 136
1673778791 195
1673778791 139
1673778792 176
1673778792 146
1673778792 124
1673778793 163
1673778793 175
1673778793 161
1673778793 109
1673778794 184
1673778794 189
1673778794 103
1673778795 139
1673778795 138
1673778795 138
1673778795 179
1673778796 118
1673778796 187
1673778796 200
1673778797 178
1673778798 160
1673778799 196
1673778799 168
1673778799 172
1673778799 124
1673778799 185
1673778799 161
1673778800 130
1673778800 166
1673778800 125
1673778800 136
1673778801 121
1673778801 114
1673778801 103
1673778803 131
1673778803 146
1673778804 108
1673778804 159
1673778804 110
1673778804 108
1673778804 139
1673778804 155
1673778804 164
1673778805 112
1673778805 185
1673778806 125
1673778806 194
1673778806 182
1673778806 190
1673778807 192
1673778807 114
1673778807 183
1673778807 112
1673778808 174
1673778809 197
1673778809 182
1673778810 165
1673778811 135
1673778812 110
1673778812 170
1673778813 101
1673778814 185
1673778814 192
1673778814 184
1673778814 111
1673778815 128
1673778815 189
1673778816 167
1673778816 119
1673778816 172
1673778817 121
1673778817 169
1673778817 127
1673778817 151
1673778818 150
1673778818 172
1673778819 163
1673778819 175
1673778820 107
1673778820 191
1673778820 112
1673778820 155
1673778820 133
1673778821 101
1673778821 177
1673778822 146
1673778822 191
1673778822 123
1673778822 106
1673778822 149
1673778822 119
1673778822 199
1673778823 135
1673778823 200
1673778823 146
1673778824 116
1673778824 170
1673778824 164
1673778825 139
1673778825 186
1673778825 148
1673778825 170
1673778825 134
1673778826 139
1673778826 134
1673778826 124
1673778826 114
1673778827 189
1673778827 183
1673778827 121
1673778828 115
1673778829 118
1673778829 136
1673778829 135
1673778830 167
1673778830 140
1673778830 119
1673778830 162
1673778830 192
1673778831 110
1673778831 170
1673778831 122
1673778832 186
1673778832 153
1673778832 192
1673778832 170
1673778832 130
1673778832 197
1673778833 141
1673778833 169
1673778834 134
1673778834 174
1673778834 122
1673778835 135
1673778835 134
1673778835 152
1673778836 181
1673778836 196
1673778836 191
1673778836 142
1673778837 168
1673778837 187
1673778837 128
1673778837 193
1673778837 184
1673778838 124
1673778838 153
1673778838 124
1673778838 161
1673778839 184
1673778840 159
1673778841 113
1673778841 182
1673778841 104
1673778842 193
1673778843 178
1673778843 132
1673778843 105
1673778843 122
1673778843 192
1673778844 183
1673778844 170
1673778845 181
1673778846 164
1673778846 171
1673778846 170
1673778848 147
1673778848 114
1673778848 114
1673778849 115
1673778849 170
1673778850 183
1673778850 160
1673778851 194
1673778852 125
1673778852 196
1673778852 120
1673778853 185
1673778854 119
1673778854 104
1673778854 181
1673778854 199
1673778854 194
1673778855 127
1673778855 122
1673778855 128
1673778856 200
1673778856 192
1673778856 114
1673778857 196
1673778858 115
1673778858 175
1673778859 115
1673778859 132
1673778860 109
1673778860 142
1673778860 130
1673778860 154
1673778860 116
1673778860 129
1673778861 183
1673778862 109
1673778862 200
1673778862 109
1673778862 120
1673778862 195
1673778863 140
1673778863 173
1673778863 170
1673778865 179
1673778865 164
1673778865 175
1673778865 119
1673778865 169
1673778865 121
1673778866 182
1673778866 124
1673778867 116
1673778867 119
1673778867 145
1673778868 110
1673778868 171
1673778869 167
1673778869 137
1673778870 178
1673778871 157
1673778871 170
1673778871 172
1673778872 198
1673778872 162
1673778872 102
1673778873 109
1673778873 170
1673778874 194
1673778874 180
1673778874 186
1673778875 119
1673778875 162
1673778876 135
1673778876 185
1673778877 185
1673778877 164
1673778877 142
1673778877 176
1673778877 183
1673778878 135
1673778878 187
1673778878 160
1673778878 113
1673778879 190
1673778879 176
1673778881 130
1673778881 123
1673778882 151
1673778882 120
1673778882 148
1673778882 111
1673778882 161
1673778882 190
1673778883 147
1673778883 111
1673778883 102
1673778883 124
1673778883 151
1673778883 144
1673778883 130
1673778883 131
1673778884 118
1673778884 172
1673778884 182
1673778884 191
1673778884 186
1673778884 186
1673778885 186
1673778885 154
1673778885 158
1673778886 112
1673778886 172
1673778886 180
1673778886 110
1673778886 113
1673778887 105
1673778888 152
1673778888 153
1673778889 165
1673778889 112
1673778889 103
1673778890 130
1673778890 154
1673778891 163
1673778892 191
1673778892 111
1673778892 108
1673778893 179
1673778893 198
1673778894 139
1673778895 114
1673778895 143
1673778895 199
1673778896 123
1673778896 114
1673778896 157
1673778896 116
1673778896 157
1673778896 142
1673778897 172
1673778897 101
1673778897 128
1673778898 141
1673778899 135
1673778899 182
1673778899 117
1673778899 103
1673778899 108
1673778900 181
1673778900 177
1673778900 158
1673778901 111
1673778901 181
1673778902 122
1673778902 117
1673778902 187
1673778902 112
1673778902 136
1673778903 112
1673778904 200
1673778904 163
1673778904 124
1673778904 144
1673778905 139
1673778905 200
1673778905 189
1673778906 187
1673778906 103
1673778906 137
1673778906 199
1673778906 110
1673778906 133
1673778906 148
1673778906 106
1673778907 176
1673778907 109
1673778907 162
1673778907 168
1673778907 190
1673778907 142
1673778908 101
1673778908 178
1673778908 142
1673778908 125
1673778908 169
1673778908 178
1673778909 188
1673778909 191
1673778910 108
1673778910 176
1673778910 163
1673778911 169
1673778912 133
1673778912 111
1673778912 111
1673778912 135
1673778913 142
1673778913 118
1673778913 168
1673778914 169
1673778914 153
1673778914 186
1673778914 138
1673778914 147
1673778914 109
1673778917 141
1673778917 130
1673778917 187
1673778918 107
1673778918 136
1673778919 163
1673778921 154
1673778921 139
1673778921 176
1673778921 147
1673778922 191
1673778922 101
1673778922 155
1673778922 141
1673778922 159
1673778923 144
1673778923 199
1673778923 184
1673778923 190
1673778923 115
1673778923 105
1673778923 196
1673778924 172
1673778924 161
1673778924 148
1673778924 189
1673778924 146
1673778925 132
1673778926 174
1673778926 172
1673778926 108
1673778926 198
1673778927 146
1673778927 128
1673778927 103
1673778927 140
1673778928 106
1673778928 184
1673778928 159
1673778928 134
1673778929 195
1673778929 111
1673778930 161
1673778930 194
1673778931 171
1673778931 131
1673778931 151
1673778932 140
1673778932 132
1673778932 181
1673778933 111
1673778933 200
1673778934 131
1673778934 124
1673778934 104
1673778935 125
1673778935 181
1673778936 170
1673778937 135
1673778937 135
1673778937 129
1673778938 104
1673778938 137
1673778938 135
1673778939 120
1673778939 144
1673778939 156
1673778939 187
1673778940 128
1673778940 183
1673778940 113
1673778941 151
1673778941 101
1673778942 170
1673778942 128
1673778942 108
1673778942 120
1673778942 148
1673778943 174
1673778943 125
1673778943 199
1673778943 190
1673778944 180
1673778944 133
1673778945 141
1673778945 120
1673778945 136
1673778945 152
1673778945 146
1673778946 110
1673778946 194
1673778947 157
1673778947 186
1673778947 158
1673778948 199
1673778948 118
1673778948 131
1673778948 175
1673778949 103
1673778949 175
1673778950 147
1673778950 113
1673778950 143
1673778950 152
1673778951 151
1673778952 176
1673778952 117
1673778953 168
1673778953 127
1673778954 164
1673778955 155
1673778956 181
1673778956 159
1673778956 158
1673778956 153
1673778957 149
1673778959 177
1673778959 197
1673778960 122
1673778960 141
1673778960 108
1673778960 138
1673778960 178
1673778961 143
1673778961 196
1673778961 104
1673778961 169
1673778961 134
1673778962 191
1673778962 146
1673778962 153
1673778962 145
1673778963 185
1673778963 115
1673778963 142
1673778964 182
1673778964 106
1673778964 186
1673778964 127
1673778965 196
1673778965 136
1673778965 157
1673778966 167
1673778966 102
1673778967 121
1673778967 200
1673778967 134
1673778967 199
1673778967 116
1673778969 160
1673778969 146
1673778969 185
1673778971 107
1673778971 141
1673778971 144
1673778971 149
1673778971 163
1673778971 105
1673778974 191
1673778974 106
1673778974 109
1673778975 137
1673778976 115
1673778976 196
1673778977 133
1673778978 199
1673778979 187
1673778979 160
1673778980 188
1673778980 116
1673778980 197
1673778980 156
1673778980 104
1673778980 183
1673778981 130
1673778981 126
1673778982 133
1673778983 108
1673778983 137
1673778983 129
1673778983 104
1673778983 185
1673778984 167
1673778984 149
1673778986 162
1673778986 109
1673778987 178
1673778987 132
1673778988 193
1673778988 167
1673778989 106
1673778989 106
1673778990 108
1673778990 167
1673778990 138
1673778991 150
1673778991 182
1673778992 115
1673778992 154
1673778992 196
1673778992 150
1673778993 152
1673778993 117
1673778993 106
1673778993 139
1673778994 138
1673778994 198
1673778995 182
1673778996 165
1673778996 149
1673778997 109
1673778997 151
1673778998 147
1673778998 144
1673778998 142
1673778998 196
1673778998 139
1673778999 148
1673778999 144
1673778999 130
1673778999 111
1673779000 160
1673779000 147
1673779001 124
1673779001 112
1673779002 112
1673779003 112
1673779003 146
1673779003 194
1673779003 102
1673779004 192
1673779004 106
1673779004 123
1673779004 120
1673779005 139
1673779006 129
1673779007 154
1673779007 129
1673779007 124
1673779007 138
1673779008 190
1673779009 103
1673779011 159
1673779012 143
1673779012 177
1673779013 105
1673779014 145
1673779014 118
1673779014 159
1673779014 187
1673779015 140
1673779015 140
1673779016 177
1673779016 131
1673779016 170
1673779018 196
1673779018 193
1673779018 134
1673779019 116
1673779019 197
1673779020 177
1673779020 118
1673779020 103
1673779020 148
1673779020 155
1673779020 197
1673779020 113
1673779020 145
1673779020 116
1673779021 157
1673779022 155
1673779022 130
1673779023 197
1673779024 194
1673779024 187
1673779024 115
1673779024 132
1673779025 126
1673779025 139
1673779025 155
1673779025 128
1673779025 193
1673779026 152
1673779026 161
1673779026 188
1673779027 186
1673779027 161
1673779027 188
1673779027 175
1673779028 106
1673779028 185
1673779029 186
1673779029 109
1673779030 126
1673779030 106
1673779030 144
1673779031 138
1673779031 103
1673779032 149
1673779032 161
1673779032 116
1673779032 128
1673779032 182
1673779033 136
1673779033 136
1673779033 183
1673779033 134
1673779033 196
1673779033 139
1673779034 185
1673779034 179
1673779035 194
1673779035 189
1673779036 138
1673779036 162
1673779037 104
1673779037 176
1673779037 184
1673779038 141
1673779038 195
1673779038 112
1673779038 156
1673779039 134
1673779040 123
1673779041 199
1673779041 138
1673779042 193
1673779042 119
1673779042 122
1673779043 116
1673779043 175
1673779044 180
1673779045 129
1673779045 127
1673779045 108
1673779045 175
1673779045 166
1673779046 121
1673779046 136
1673779046 154
1673779047 127
1673779047 151
1673779047 114
1673779047 184
1673779048 167
1673779048 171
1673779048 160
1673779049 162
1673779049 164
1673779049 143
1673779049 102
1673779049 198
1673779049 182
1673779049 196
1673779049 176
1673779051 175
1673779051 194
1673779052 131
1673779052 130
1673779052 105
1673779053 136
1673779054 170
1673779054 165
1673779054 131
1673779055 168
1673779055 141
1673779057 141
1673779057 131
1673779057 133
1673779058 150
1673779058 108
1673779058 102
1673779058 162
1673779058 158
1673779059 189
1673779059 171
1673779059 157
1673779059 128
1673779060 165
1673779060 167
1673779060 153
1673779060 129
1673779060 134
1673779060 200
1673779061 183
1673779061 129
1673779061 171
1673779061 125
1673779062 158
1673779062 186
1673779062 118
1673779063 134
1673779063 119
1673779064 102
1673779064 173
1673779064 190
1673779064 198
1673779064 129
1673779065 169
1673779065 193
1673779065 195
1673779066 129
1673779066 158
1673779067 118
1673779068 192
1673779069 133
1673779069 189
1673779070 147
1673779070 152
1673779070 163
1673779070 127
1673779070 113
1673779071 164
1673779071 116
1673779071 135
1673779071 191
1673779072 110
1673779072 113
1673779072 117
1673779072 166
1673779074 154
1673779074 112
1673779074 159
1673779074 183
1673779074 184
1673779076 193
1673779076 170
1673779076 193
1673779076 160
1673779077 128
1673779077 192
1673779077 184
1673779078 130
1673779078 152
1673779079 161
1673779079 189
1673779079 148
1673779079 165
1673779080 136
1673779080 143
1673779081 183
1673779081 157
1673779081 170
1673779081 195
1673779081 187
1673779082 155
1673779082 189
1673779082 144
1673779082 175
1673779082 126
1673779082 134
1673779083 112
1673779083 113
1673779083 126
1673779083 183
1673779083 197
1673779084 182
1673779084 139
1673779086 149
1673779086 131
1673779086 135
1673779086 113
1673779086 157
1673779087 116
1673779087 200
1673779088 162
1673779088 127
1673779088 139
1673779088 162
1673779088 125
1673779089 125
1673779089 171
1673779090 178
1673779090 200
1673779091 137
1673779091 149
1673779091 153
1673779091 193
1673779091 126
1673779092 181
1673779092 191
1673779092 197
1673779092 105
1673779092 121
1673779094 123
1673779094 110
1673779094 200
1673779096 177
1673779096 198
1673779096 136
1673779096 136
1673779097 143
1673779097 101
1673779098 108
1673779098 183
1673779098 110
1673779098 180
1673779098 136
1673779098 122
1673779099 114
1673779099 170
1673779099 186
1673779100 124
1673779101 147
1673779102 109
1673779102 123
1673779104 193
1673779105 109
1673779105 120
1673779106 199
1673779106 200
1673779107 140
1673779107 183
1673779108 141
1673779108 131
1673779108 156
1673779108 174
1673779108 162
1673779108 111
1673779109 118
1673779109 151
1673779109 150
1673779109 155
1673779110 200
1673779110 138
1673779111 114
1673779111 171
1673779111 163
1673779112 129
1673779112 110
1673779112 155
1673779112 102
1673779113 108
1673779114 166
1673779114 111
1673779114 188
1673779114 171
1673779115 113
1673779115 105
1673779116 106
1673779116 186
1673779118 171
1673779118 146
1673779118 134
1673779118 189
1673779119 112
1673779119 152
1673779120 192
1673779120 115
1673779120 172
1673779120 152
1673779120 118
1673779121 178
1673779121 116
1673779122 170
1673779122 196
1673779122 129
1673779123 152
1673779123 187
1673779123 171
1673779123 128
1673779124 143
1673779126 179
1673779126 181
1673779126 177
1673779127 129
1673779127 168
1673779127 190
1673779127 187
1673779128 152
1673779129 144
1673779129 130
1673779129 187
1673779130 184
1673779131 164
1673779131 138
1673779131 166
1673779131 152
1673779132 177
1673779132 182
1673779133 184
1673779133 117
1673779133 134
1673779134 153
1673779135 132
1673779135 108
1673779135 169
1673779135 187
1673779135 101
1673779136 166
1673779136 101
1673779136 164
1673779136 108
1673779136 169
1673779137 171
1673779137 140
1673779137 112
1673779137 122
1673779137 181
1673779139 108
1673779139 146
1673779140 172
1673779140 122
1673779140 124
1673779140 190
1673779140 154
1673779140 159
1673779141 154
1673779141 200
1673779141 199
1673779141 151
1673779142 137
1673779143 102
1673779143 183
1673779143 133
1673779143 145
1673779144 121
1673779144 126
1673779145 161
1673779145 159
1673779145 198
1673779145 131
1673779146 168
1673779146 118
1673779146 191
1673779147 125
1673779147 135
1673779148 126
1673779148 162
1673779148 105
1673779148 110
1673779149 149
1673779149 176
1673779149 111
1673779152 134
1673779152 155
1673779152 190
1673779152 118
1673779152 184
1673779152 186
1673779153 114
1673779153 178
1673779154 186
1673779154 134
1673779154 101
1673779154 191
1673779155 147
1673779155 155
1673779156 148
1673779156 116
1673779157 114
1673779157 141
1673779158 133
1673779159 184
1673779159 169
1673779159 191
1673779159 194
1673779160 182
1673779160 116
1673779160 131
1673779161 185
1673779161 140
1673779162 146
1673779163 137
1673779164 118
1673779164 140
1673779164 120
1673779164 102
1673779165 141
1673779165 134
1673779166 169
1673779166 186
1673779167 122
1673779168 124
1673779169 162
1673779169 134
1673779169 149
1673779170 193
1673779170 142
1673779170 189
1673779170 103
1673779170 181
1673779171 190
1673779171 159
1673779172 147
1673779172 197
1673779172 186
1673779172 128
1673779173 157
1673779173 155
1673779173 126
1673779174 194
1673779174 159
1673779174 147
1673779175 190
1673779175 199
1673779175 186
1673779176 158
1673779176 190
1673779176 146
1673779176 131
1673779177 152
1673779177 165
1673779178 171
1673779178 177
1673779178 120
1673779178 166
1673779178 197
1673779178 198
1673779178 191
1673779179 128
1673779179 101
1673779179 167
1673779180 124
1673779180 106
1673779180 186
1673779180 172
1673779180 110
1673779181 197
1673779181 133
1673779181 155
1673779181 200
1673779181 142
1673779182 189
1673779182 124
1673779183 159
1673779184 149
1673779184 101
1673779185 187
1673779185 193
1673779185 169
1673779185 114
1673779186 101
1673779186 110
1673779187 163
1673779187 167
1673779187 163
1673779187 198
1673779188 166
1673779189 170
1673779189 173
1673779189 129
1673779190 145
1673779190 165
1673779190 181
1673779190 167
1673779191 129
1673779191 114
1673779191 154
1673779191 193
1673779192 194
1673779192 148
1673779192 169
1673779192 199
1673779194 177
1673779195 101
1673779196 197
1673779196 200
1673779197 115
1673779197 198
1673779199 195
1673779199 122
1673779199 140
1673779200 153
1673779200 126
1673779200 145
1673779200 106
1673779201 135
1673779201 118
1673779201 154
1673779202 188
1673779202 149
1673779204 158
1673779204 154
1673779204 109
1673779205 154
1673779206 134
1673779206 109
1673779206 151
1673779207 189
1673779207 121
1673779207 192
1673779207 181
1673779207 154
1673779208 173
1673779208 107
1673779208 159
1673779208 125
1673779208 116
1673779208 101
1673779208 170
1673779209 172
1673779210 142
1673779210 139
1673779211 143
1673779211 112
1673779212 173
1673779212 151
1673779212 170
1673779213 196
1673779213 167
1673779213 189
1673779214 149
1673779214 114
1673779215 132
1673779216 167
1673779216 136
1673779216 119
1673779217 119
1673779217 101
1673779218 152
1673779219 185
1673779219 195
1673779221 145
1673779221 182
1673779221 179
1673779221 105
1673779221 185
1673779222 129
1673779222 168
1673779222 152
1673779222 188
1673779223 182
1673779223 161
1673779224 148
1673779224 194
1673779225 106
1673779225 153
1673779226 160
1673779226 122
1673779226 181
1673779226 143
1673779226 133
1673779227 165
1673779227 102
1673779228 165
1673779228 188
1673779229 131
1673779230 184
1673779230 149
1673779230 131
1673779231 120
1673779231 171
1673779231 195
1673779231 118
1673779232 167
1673779232 123
1673779232 174
1673779232 162
1673779233 144
1673779233 139
1673779233 188
1673779233 182
1673779234 174
1673779234 147
1673779234 104
1673779234 196
1673779235 156
1673779235 120
1673779235 125
1673779235 189
1673779235 196
1673779235 103
1673779236 103
1673779236 123
1673779236 140
1673779236 172
1673779236 156
1673779237 136
1673779238 128
1673779238 173
1673779238 121
1673779238 132
1673779238 104
1673779239 116
1673779239 156
1673779239 148
1673779239 191
1673779240 143
1673779240 160
1673779241 166
1673779241 166
1673779241 171
1673779243 133
1673779243 153
1673779243 151
1673779244 182
1673779245 138
1673779245 131
1673779245 123
1673779245 119
1673779246 141
1673779246 145
1673779246 107
1673779247 104
1673779247 136
1673779247 200
1673779247 175
1673779247 174
1673779248 154
1673779248 185
1673779248 115
1673779249 137
1673779249 124
1673779249 147
1673779250 160
1673779250 159
1673779252 179
1673779252 151
1673779253 163
1673779253 115
1673779253 161
1673779253 114
1673779254 121
1673779254 147
1673779254 101
1673779254 173
1673779255 150
1673779255 163
1673779255 171
1673779255 173
1673779255 182
1673779256 114
1673779256 162
1673779256 193
1673779257 189
1673779257 150
1673779257 179
1673779257 185
1673779258 173
1673779258 186
1673779258 128
1673779258 164
1673779259 146
1673779259 129
1673779260 102
1673779260 163
1673779260 113
1673779261 147
1673779261 136
1673779262 146
1673779262 140
1673779262 156
1673779262 147
1673779263 120
1673779263 194
1673779263 178
1673779264 114
1673779264 169
1673779265 165
1673779265 113
1673779265 190
1673779266 124
1673779266 120
1673779267 138
1673779268 182
1673779268 124
1673779268 173
1673779268 102
1673779268 196
1673779268 183
1673779269 121
1673779270 158
1673779270 161
1673779270 167
1673779270 147
1673779270 200
1673779271 139
1673779271 127
1673779272 167
1673779272 156
1673779272 114
1673779273 191
1673779273 186
1673779273 113
1673779274 195
1673779274 120
1673779274 168
1673779274 194
1673779275 105
1673779275 175
1673779276 111
1673779276 182
1673779276 113
1673779277 118
1673779277 114
1673779277 116
1673779277 133
1673779278 148
1673779278 142
1673779278 177
1673779278 152
1673779279 123
1673779279 182
1673779279 160
1673779281 142
1673779281 113
1673779282 101
1673779282 117
1673779283 148
1673779283 182
1673779284 193
1673779284 152
1673779284 178
1673779285 169
1673779285 175
1673779287 170
1673779287 152
1673779287 150
1673779288 146
1673779289 199
1673779289 200
1673779289 154
1673779289 166
1673779290 110
