1673776803 135
1673776804 148
1673776806 142
1673776806 196
1673776806 147
1673776806 120
1673776807 168
1673776807 133
1673776808 119
1673776810 140
1673776810 181
1673776812 125
1673776812 150
1673776813 150
1673776815 114
1673776816 171
1673776816 196
1673776816 140
1673776820 104
1673776820 191
1673776820 157
1673776820 138
1673776820 119
1673776820 144
1673776820 116
1673776820 185
1673776821 101
1673776821 196
1673776821 134
1673776823 136
1673776824 118
1673776824 129
1673776825 113
1673776826 119
1673776826 122
1673776826 122
1673776827 101
1673776828 186
1673776830 147
1673776831 159
1673776831 117
1673776832 112
1673776833 180
1673776833 112
1673776833 159
1673776835 126
1673776835 163
1673776836 120
1673776836 136
1673776838 125
1673776838 166
1673776840 155
1673776844 137
1673776850 195
1673776851 176
1673776852 178
1673776853 181
1673776853 134
1673776859 140
1673776859 163
1673776860 127
1673776861 118
1673776861 115
1673776861 162
1673776861 120
1673776863 180
1673776863 159
1673776863 172
1673776865 188
1673776866 188
1673776867 164
1673776870 111
1673776872 188
1673776872 168
1673776873 160
1673776873 109
1673776876 140
1673776877 154
1673776877 169
1673776878 185
1673776878 143
1673776878 196
1673776879 155
1673776879 145
1673776879 126
1673776879 165
1673776880 187
1673776880 163
1673776882 200
1673776883 157
1673776883 117
1673776884 197
1673776885 134
1673776885 113
1673776886 200
1673776887 198
1673776888 180
1673776889 140
1673776889 182
1673776889 142
1673776889 115
1673776890 192
1673776890 116
1673776892 122
1673776894 194
1673776897 113
1673776898 191
1673776898 129
1673776899 108
1673776899 118
1673776900 181
1673776900 148
1673776903 127
1673776904 184
1673776904 106
1673776904 177
1673776904 148
1673776906 101
1673776907 143
1673776908 181
1673776917 200
1673776920 199
1673776923 115
1673776923 101
1673776923 138
1673776923 177
1673776923 115
1673776923 149
1673776924 113
1673776925 107
1673776925 171
1673776926 156
1673776926 124
1673776927 105
1673776927 141
1673776927 102
1673776927 175
1673776927 121
1673776928 193
1673776928 139
1673776928 165
1673776928 105
1673776929 119
1673776930 142
1673776930 126
1673776931 171
1673776932 133
1673776933 152
1673776933 145
1673776933 154
1673776933 196
1673776934 163
1673776934 186
1673776935 121
1673776935 168
1673776935 173
1673776936 157
1673776936 159
1673776937 122
1673776937 181
1673776938 148
1673776938 163
1673776938 169
1673776939 169
1673776939 192
1673776940 172
1673776940 192
1673776940 151
1673776940 173
1673776940 194
1673776940 108
1673776941 160
1673776942 176
1673776943 128
1673776944 156
1673776944 147
1673776944 122
1673776945 147
1673776945 172
1673776945 147
1673776945 126
1673776945 133
1673776946 120
1673776946 177
1673776947 165
1673776947 192
1673776948 176
1673776948 168
1673776948 161
1673776948 155
1673776949 166
1673776949 118
1673776949 106
1673776950 169
1673776951 156
1673776951 121
1673776952 139
1673776952 103
1673776952 126
1673776952 185
1673776953 185
1673776954 135
1673776954 115
1673776954 148
1673776954 121
1673776955 164
1673776955 112
1673776955 147
1673776955 104
1673776956 167
1673776956 130
1673776956 120
1673776958 104
1673776959 104
1673776959 110
1673776960 186
1673776960 106
1673776960 191
1673776961 141
1673776961 111
1673776961 103
1673776962 166
1673776963 196
1673776965 139
1673776965 118
1673776966 160
1673776966 172
1673776966 147
1673776967 105
1673776967 188
1673776967 168
1673776968 133
1673776968 108
1673776968 154
1673776968 170
1673776968 176
1673776969 107
1673776969 142
1673776969 167
1673776970 177
1673776970 110
1673776970 138
1673776970 181
1673776971 136
1673776971 116
1673776971 131
1673776971 103
1673776972 200
1673776972 178
1673776972 158
1673776973 178
1673776974 168
1673776974 137
1673776974 148
1673776975 124
1673776975 199
1673776976 108
1673776976 196
1673776976 118
1673776976 152
1673776977 150
1673776977 131
1673776978 147
1673776978 171
1673776978 188
1673776979 130
1673776979 128
1673776979 133
1673776980 134
1673776980 155
1673776980 120
1673776981 116
1673776981 131
1673776981 195
1673776982 107
1673776982 161
1673776983 112
1673776983 102
1673776983 200
1673776984 153
1673776984 170
1673776985 177
1673776986 120
1673776986 127
1673776986 117
1673776986 130
1673776987 193
1673776988 160
1673776989 114
1673776989 158
1673776990 131
1673776990 189
1673776990 148
1673776990 122
1673776991 160
1673776991 176
1673776992 183
1673776992 101
1673776992 149
1673776993 194
1673776993 190
1673776993 134
1673776996 181
1673776996 135
1673776996 182
1673776996 120
1673776997 131
1673776997 105
1673776997 104
1673776997 146
1673776998 116
1673777001 145
1673777001 147
1673777002 192
1673777003 138
1673777004 138
1673777004 135
1673777004 168
1673777004 101
1673777004 133
1673777004 125
1673777005 150
1673777007 114
1673777007 188
1673777007 187
1673777007 184
1673777009 169
1673777009 158
1673777010 133
1673777010 176
1673777010 131
1673777011 194
1673777011 183
1673777012 162
1673777012 144
1673777013 103
1673777014 138
1673777014 164
1673777015 139
1673777015 144
1673777015 169
1673777015 133
1673777016 136
1673777016 156
1673777016 191
1673777016 161
1673777017 137
1673777017 118
1673777017 157
1673777019 145
1673777019 123
1673777019 121
1673777020 165
1673777020 124
1673777022 131
1673777023 180
1673777023 143
1673777025 185
1673777025 171
1673777025 187
1673777026 178
1673777026 124
1673777026 104
1673777026 142
1673777027 142
1673777027 172
1673777027 111
1673777028 159
1673777028 165
1673777028 175
1673777030 149
1673777030 101
1673777030 106
1673777031 172
1673777031 185
1673777032 146
1673777032 101
1673777033 142
1673777033 161
1673777033 137
1673777034 105
1673777034 166
1673777035 174
1673777035 112
1673777035 190
1673777035 107
1673777036 187
1673777036 143
1673777036 159
1673777037 189
1673777037 178
1673777037 141
1673777037 168
1673777037 140
1673777038 181
1673777038 176
1673777038 178
1673777039 137
1673777039 158
1673777040 115
1673777040 162
1673777040 103
1673777041 110
1673777041 154
1673777041 159
1673777041 140
1673777042 195
1673777042 116
1673777043 178
1673777043 165
1673777043 140
1673777043 135
1673777044 138
1673777044 175
1673777044 129
1673777045 172
1673777045 116
1673777046 169
1673777046 177
1673777047 156
1673777047 113
1673777047 123
1673777047 152
1673777049 103
1673777049 112
1673777050 194
1673777050 156
1673777050 121
1673777051 128
1673777051 151
1673777051 116
1673777052 137
1673777052 187
1673777053 108
1673777053 102
1673777053 111
1673777053 114
1673777053 186
1673777053 120
1673777054 133
1673777054 108
1673777054 184
1673777054 104
1673777055 117
1673777056 170
1673777056 147
1673777056 124
1673777056 127
1673777056 106
1673777057 197
1673777057 191
1673777058 123
1673777058 194
1673777059 112
1673777059 158
1673777059 138
1673777061 152
1673777061 128
1673777061 192
1673777061 114
1673777062 138
1673777063 115
1673777063 102
1673777063 122
1673777063 188
1673777064 152
1673777064 161
1673777065 162
1673777065 171
1673777066 152
1673777067 173
1673777068 172
1673777068 147
1673777068 191
1673777068 172
1673777068 162
1673777069 150
1673777069 112
1673777070 193
1673777070 139
1673777070 189
1673777071 170
1673777071 134
1673777071 196
1673777071 107
1673777073 193
1673777073 131
1673777073 138
1673777073 190
1673777074 197
1673777074 124
1673777074 112
1673777077 148
1673777077 150
1673777078 133
1673777078 195
1673777078 154
1673777078 116
1673777079 151
1673777079 139
1673777079 191
1673777080 101
1673777080 132
1673777080 150
1673777081 118
1673777082 183
1673777082 151
1673777082 105
1673777082 129
1673777083 144
1673777083 105
1673777084 169
1673777084 167
1673777084 141
1673777085 171
1673777085 179
1673777085 180
1673777086 187
1673777086 159
1673777087 176
1673777087 179
1673777087 181
1673777088 108
1673777088 183
1673777088 194
1673777088 166
1673777089 192
1673777090 154
1673777091 114
1673777091 140
1673777091 184
1673777091 177
1673777092 182
1673777093 125
1673777094 199
1673777094 143
1673777095 154
1673777095 148
1673777095 155
1673777095 193
1673777095 140
1673777096 128
1673777096 181
1673777096 138
1673777096 193
1673777097 103
1673777097 160
1673777097 163
1673777097 146
1673777097 127
1673777097 161
1673777098 148
1673777098 146
1673777098 128
1673777099 171
1673777099 199
1673777099 103
1673777099 186
1673777100 155
1673777100 102
1673777100 127
1673777100 181
1673777100 146
1673777100 199
1673777101 161
1673777101 127
1673777101 187
1673777101 144
1673777101 155
1673777102 101
1673777102 105
1673777102 153
1673777102 109
1673777103 168
1673777103 141
1673777103 161
1673777103 132
1673777104 156
1673777104 169
1673777104 191
1673777104 118
1673777105 128
1673777105 200
1673777106 140
1673777106 163
1673777107 102
1673777107 193
1673777107 124
1673777109 162
1673777109 132
1673777109 111
1673777109 131
1673777110 165
1673777110 176
1673777110 151
1673777111 172
1673777111 196
1673777112 171
1673777113 175
1673777114 135
1673777114 108
1673777114 112
1673777114 188
1673777114 147
1673777114 119
1673777114 140
1673777115 157
1673777115 145
1673777115 134
1673777115 182
1673777115 188
1673777116 108
1673777117 192
1673777117 145
1673777117 196
1673777118 104
1673777118 104
1673777118 181
1673777118 137
1673777119 179
1673777120 160
1673777120 195
1673777120 192
1673777121 144
1673777121 178
1673777121 194
1673777122 141
1673777122 126
1673777122 140
1673777123 119
1673777123 188
1673777124 122
1673777124 150
1673777124 190
1673777124 189
1673777125 169
1673777125 152
1673777125 108
1673777126 184
1673777126 147
1673777126 172
1673777126 197
1673777127 120
1673777127 185
1673777127 186
1673777128 168
1673777128 116
1673777128 108
1673777128 136
1673777128 180
1673777128 129
1673777129 172
1673777129 106
1673777129 139
1673777130 107
1673777130 112
1673777130 143
1673777131 148
1673777132 105
1673777133 193
1673777133 186
1673777133 110
1673777133 137
1673777133 142
1673777134 184
1673777135 196
1673777135 116
1673777135 144
1673777135 154
1673777136 126
1673777136 115
1673777136 195
1673777136 122
1673777138 108
1673777139 141
1673777140 113
1673777140 120
1673777140 110
1673777140 123
1673777140 134
1673777140 184
1673777140 192
1673777141 102
1673777141 109
1673777142 129
1673777142 187
1673777142 176
1673777142 146
1673777143 113
1673777143 196
1673777143 155
1673777144 150
1673777144 157
1673777145 140
1673777145 192
1673777145 110
1673777146 182
1673777146 172
1673777147 200
1673777147 142
1673777148 151
1673777149 177
1673777149 142
1673777149 141
1673777149 137
1673777149 126
1673777149 163
1673777150 156
1673777150 179
1673777150 135
1673777151 107
1673777151 156
1673777152 173
1673777152 189
1673777153 133
1673777153 133
1673777154 107
1673777154 182
1673777155 144
1673777155 110
1673777156 170
1673777156 163
1673777156 119
1673777157 154
1673777158 147
1673777158 104
1673777159 124
1673777159 130
1673777159 130
1673777160 126
1673777160 197
1673777160 158
1673777160 107
1673777160 118
1673777160 164
1673777161 147
1673777162 140
1673777163 143
1673777163 136
1673777163 193
1673777164 111
1673777164 120
1673777164 119
1673777165 180
1673777165 180
1673777166 164
1673777166 163
1673777166 157
1673777167 115
1673777168 172
1673777168 156
1673777168 121
1673777168 176
1673777169 152
1673777169 199
1673777169 134
1673777169 157
1673777170 151
1673777170 105
1673777170 179
1673777171 114
1673777172 131
1673777173 119
1673777173 166
1673777173 158
1673777173 197
1673777173 187
1673777173 141
1673777173 146
1673777174 118
1673777174 120
1673777176 141
1673777176 182
1673777176 143
1673777176 113
1673777177 135
1673777177 179
1673777177 104
1673777177 127
1673777179 132
1673777179 124
1673777179 173
1673777179 189
1673777179 172
1673777179 138
1673777179 145
1673777180 161
1673777180 124
1673777180 166
1673777181 137
1673777181 114
1673777181 190
1673777181 151
1673777182 182
1673777182 144
1673777182 200
1673777182 115
1673777183 149
1673777184 139
1673777184 184
1673777185 116
1673777185 132
1673777185 110
1673777186 143
1673777186 130
1673777187 158
1673777187 108
1673777187 152
1673777187 186
1673777187 146
1673777187 148
1673777187 160
1673777188 151
1673777188 181
1673777188 143
1673777188 118
1673777188 177
1673777188 140
1673777189 194
1673777189 186
1673777189 154
1673777189 163
1673777190 179
1673777190 183
1673777190 158
1673777190 177
1673777191 105
1673777191 140
1673777192 178
1673777192 150
1673777192 101
1673777192 142
1673777193 163
1673777193 105
1673777193 194
1673777193 151
1673777194 104
1673777194 127
1673777195 101
1673777195 192
1673777195 108
1673777196 162
1673777196 124
1673777196 109
1673777196 178
1673777197 176
1673777197 101
1673777197 145
1673777199 183
1673777199 197
1673777199 103
1673777199 156
1673777200 200
1673777200 148
1673777201 200
1673777202 171
1673777202 143
1673777202 199
1673777202 110
1673777203 133
1673777203 150
1673777203 198
1673777204 177
1673777205 115
1673777205 190
1673777206 184
1673777206 122
1673777207 128
1673777207 168
1673777208 178
1673777209 117
1673777209 155
1673777209 155
1673777209 195
1673777210 168
1673777210 176
1673777210 193
1673777211 160
1673777211 173
1673777211 143
1673777212 150
1673777212 115
1673777212 122
1673777213 143
1673777213 101
1673777213 186
1673777214 180
1673777214 155
1673777214 154
1673777215 121
1673777215 136
1673777215 115
1673777216 141
1673777216 122
1673777216 118
1673777216 144
1673777217 180
1673777217 177
1673777217 168
1673777217 148
1673777218 194
1673777218 133
1673777218 128
1673777219 135
1673777220 118
1673777220 107
1673777220 105
1673777220 111
1673777220 167
1673777220 164
1673777220 186
1673777221 130
1673777221 164
1673777221 174
1673777222 102
1673777222 144
1673777222 162
1673777224 115
1673777225 153
1673777226 150
1673777227 115
1673777227 159
1673777228 114
1673777230 152
1673777230 160
1673777232 124
1673777233 117
1673777233 131
1673777233 186
1673777234 188
1673777235 133
1673777237 176
1673777237 153
1673777238 114
1673777239 163
1673777239 198
1673777239 163
1673777239 172
1673777240 114
1673777240 187
1673777240 189
1673777241 200
1673777242 101
1673777243 148
1673777243 195
1673777243 119
1673777243 115
1673777244 119
1673777247 118
1673777248 102
1673777249 177
1673777249 194
1673777249 181
1673777249 199
1673777249 196
1673777250 117
1673777251 133
1673777251 124
1673777251 182
1673777251 143
1673777252 143
1673777252 173
1673777252 144
1673777252 184
1673777253 106
1673777253 156
1673777253 163
1673777254 130
1673777254 151
1673777255 136
1673777256 105
1673777256 182
1673777256 151
1673777256 117
1673777257 200
1673777257 167
1673777258 116
1673777258 195
1673777258 192
1673777259 166
1673777259 113
1673777259 141
1673777260 123
1673777260 140
1673777260 180
1673777261 102
1673777263 190
1673777263 140
1673777263 128
1673777265 189
1673777265 160
1673777266 144
1673777266 102
1673777266 183
1673777266 133
1673777267 123
1673777267 176
1673777268 186
1673777268 142
1673777268 137
1673777269 182
1673777269 172
1673777269 138
1673777270 162
1673777270 107
1673777271 188
1673777271 200
1673777271 178
1673777271 136
1673777271 189
1673777272 157
1673777272 142
1673777272 190
1673777272 189
1673777272 182
1673777272 128
1673777272 177
1673777273 195
1673777273 173
1673777273 173
1673777273 198
1673777273 184
1673777273 174
1673777274 176
1673777274 197
1673777274 198
1673777274 156
1673777274 195
1673777275 187
1673777275 121
1673777276 160
1673777276 154
1673777277 182
1673777277 145
1673777277 161
1673777277 105
1673777278 191
1673777279 180
1673777279 194
1673777279 153
1673777280 146
1673777280 184
1673777280 172
1673777281 175
1673777281 197
1673777281 179
1673777282 104
1673777282 195
1673777283 176
1673777283 168
1673777283 173
1673777284 150
1673777284 123
1673777285 101
1673777285 187
1673777286 195
1673777286 169
1673777286 172
1673777286 122
1673777286 150
1673777286 185
1673777287 127
1673777287 177
1673777287 113
1673777287 128
1673777288 140
1673777288 111
1673777288 154
1673777288 114
1673777288 146
1673777288 153
1673777289 189
1673777289 164
1673777290 106
1673777290 193
1673777290 161
1673777291 189
1673777291 174
1673777291 122
1673777291 117
1673777291 102
1673777292 162
1673777292 160
1673777293 131
1673777293 131
1673777294 154
1673777295 106
1673777295 154
1673777295 112
1673777296 178
1673777296 125
1673777296 127
1673777296 190
1673777297 158
1673777297 143
1673777297 190
1673777297 102
1673777297 116
1673777297 180
1673777298 142
1673777298 115
1673777298 104
1673777299 146
1673777299 130
1673777299 121
1673777299 196
1673777300 114
1673777300 123
1673777300 153
1673777300 144
1673777300 118
1673777300 176
1673777301 157
1673777302 138
1673777303 172
1673777303 181
1673777304 190
1673777304 159
1673777304 109
1673777305 192
1673777305 199
1673777306 185
1673777307 150
1673777307 166
1673777308 180
1673777308 144
1673777309 170
1673777309 171
1673777309 198
1673777309 165
1673777309 156
1673777309 119
1673777309 176
1673777309 186
1673777309 128
1673777309 200
1673777309 130
1673777310 126
1673777310 200
1673777311 128
1673777311 196
1673777311 105
1673777311 180
1673777311 104
1673777311 179
1673777312 163
1673777312 141
1673777312 122
1673777312 192
1673777313 198
1673777313 182
1673777314 174
1673777315 150
1673777315 143
1673777315 106
1673777315 195
1673777315 188
1673777315 191
1673777315 168
1673777315 164
1673777316 175
1673777316 164
1673777316 156
1673777316 139
1673777317 114
1673777317 156
1673777318 120
1673777319 107
1673777320 160
1673777320 124
1673777321 107
1673777321 199
1673777322 116
1673777322 123
1673777323 160
1673777323 122
1673777323 139
1673777323 164
1673777324 181
1673777324 139
1673777324 145
1673777324 188
1673777324 105
1673777324 139
1673777325 136
1673777325 137
1673777325 157
1673777326 165
1673777326 145
1673777327 101
1673777327 169
1673777327 139
1673777328 131
1673777329 193
1673777329 112
1673777329 134
1673777329 130
1673777330 108
1673777330 104
1673777330 113
1673777331 179
1673777331 147
1673777331 182
1673777331 158
1673777332 199
1673777332 111
1673777333 118
1673777333 121
1673777334 190
1673777334 141
1673777334 152
1673777334 189
1673777334 160
1673777334 162
1673777334 197
1673777334 182
1673777335 149
1673777337 168
1673777337 127
1673777337 123
1673777338 122
1673777339 130
1673777339 170
1673777340 110
1673777340 103
1673777340 105
1673777341 104
1673777341 108
1673777341 106
1673777342 121
1673777343 185
1673777343 145
1673777343 146
1673777343 192
1673777343 174
1673777343 135
1673777344 145
1673777344 197
1673777344 186
1673777344 107
1673777346 168
1673777360 167
1673777360 149
1673777360 158
1673777361 134
1673777361 143
1673777361 165
1673777361 129
1673777361 144
1673777362 192
1673777362 119
1673777363 157
1673777363 167
1673777364 163
1673777364 101
1673777364 121
1673777365 146
1673777365 121
1673777365 104
1673777366 142
1673777366 111
1673777366 121
1673777366 180
1673777366 173
1673777366 134
1673777367 143
1673777367 108
1673777367 140
1673777368 168
1673777369 119
1673777369 106
1673777369 193
1673777370 132
1673777370 191
1673777371 173
1673777372 167
1673777372 169
1673777372 136
1673777373 171
1673777373 126
1673777373 123
1673777374 153
1673777374 102
1673777374 101
1673777375 130
1673777375 121
1673777375 135
1673777375 138
1673777376 123
1673777376 123
1673777376 119
1673777377 174
1673777378 102
1673777378 187
1673777378 185
1673777378 114
1673777379 126
1673777379 172
1673777380 198
1673777380 127
1673777380 135
1673777381 146
1673777381 195
1673777381 186
1673777381 139
1673777381 185
1673777382 128
1673777382 144
1673777382 170
1673777382 143
1673777383 117
1673777383 116
1673777385 131
1673777386 130
1673777387 107
1673777388 143
1673777388 102
1673777388 162
1673777388 140
1673777389 127
1673777390 140
1673777390 188
1673777391 189
1673777391 190
1673777392 140
1673777392 102
1673777392 167
1673777392 146
1673777392 192
1673777393 104
1673777393 197
1673777393 151
1673777394 176
1673777394 119
1673777394 185
1673777394 161
1673777394 123
1673777395 107
1673777395 109
1673777395 146
1673777395 141
1673777395 116
1673777396 135
1673777396 192
1673777397 166
1673777397 199
1673777398 180
1673777398 124
1673777398 111
1673777398 166
1673777398 134
1673777398 106
1673777398 176
1673777399 176
1673777399 117
1673777399 134
1673777400 130
1673777400 108
1673777400 115
1673777400 163
1673777401 189
1673777401 157
1673777402 151
1673777402 114
1673777402 122
1673777402 105
1673777403 172
1673777403 176
1673777404 105
1673777404 188
1673777405 159
1673777406 173
1673777406 145
1673777406 129
1673777406 134
1673777406 143
1673777406 146
1673777406 120
1673777406 120
1673777407 135
1673777408 182
1673777408 117
1673777409 191
1673777409 121
1673777410 108
1673777410 126
1673777411 131
1673777411 197
1673777412 125
1673777413 130
1673777413 119
1673777414 142
1673777414 192
1673777414 178
1673777415 162
1673777416 133
1673777416 176
1673777416 149
1673777416 119
1673777416 105
1673777417 164
1673777417 161
1673777417 147
1673777418 172
1673777419 166
1673777419 175
1673777420 134
1673777420 180
1673777421 115
1673777421 189
1673777422 111
1673777422 132
1673777422 120
1673777422 180
1673777422 117
1673777424 186
1673777424 190
1673777425 139
1673777425 125
1673777425 116
1673777425 189
1673777425 195
1673777426 188
1673777427 122
1673777427 122
1673777428 149
1673777428 107
1673777428 133
1673777429 187
1673777429 194
1673777430 114
1673777431 147
1673777431 197
1673777431 185
1673777431 171
1673777431 194
1673777432 132
1673777432 191
1673777432 156
1673777432 133
1673777433 125
1673777433 167
1673777434 172
1673777434 167
1673777436 160
1673777437 148
1673777437 185
1673777437 175
1673777438 125
1673777438 168
1673777438 158
1673777438 151
1673777439 103
1673777439 142
1673777439 118
1673777440 179
1673777441 159
1673777441 180
1673777441 156
1673777442 198
1673777442 145
1673777442 160
1673777443 135
1673777444 102
1673777444 189
1673777444 149
1673777444 116
1673777444 107
1673777444 113
1673777445 158
1673777445 114
1673777445 106
1673777445 192
1673777446 183
1673777446 110
1673777446 200
1673777446 106
1673777446 123
1673777446 172
1673777446 115
1673777447 137
1673777447 183
1673777447 139
1673777447 117
1673777448 139
1673777448 101
1673777448 129
1673777449 186
1673777449 193
1673777449 126
1673777450 186
1673777451 151
1673777451 115
1673777451 104
1673777452 138
1673777452 183
1673777452 135
1673777453 141
1673777453 175
1673777453 133
1673777454 128
1673777454 176
1673777455 141
1673777455 116
1673777455 193
1673777456 116
1673777456 181
1673777457 153
1673777457 115
1673777458 113
1673777458 200
1673777458 114
1673777459 194
1673777460 116
1673777460 149
1673777461 161
1673777461 122
1673777461 146
1673777462 198
1673777462 199
1673777462 105
1673777462 107
1673777462 155
1673777463 191
1673777463 168
1673777463 115
1673777464 102
1673777464 164
1673777465 112
1673777466 112
1673777466 176
1673777467 159
1673777467 158
1673777467 149
1673777467 149
1673777467 183
1673777467 200
1673777467 108
1673777468 186
1673777468 193
1673777468 127
1673777468 185
1673777469 144
1673777469 176
1673777469 144
1673777469 114
1673777469 159
1673777469 192
1673777470 144
1673777470 167
1673777470 167
1673777471 130
1673777471 119
1673777471 133
1673777472 132
1673777472 171
1673777472 193
1673777472 120
1673777473 132
1673777473 129
1673777474 164
1673777474 149
1673777475 125
1673777475 172
1673777475 197
1673777475 199
1673777475 101
1673777475 126
1673777476 122
1673777476 180
1673777476 181
1673777476 193
1673777477 103
1673777477 124
1673777477 171
1673777477 144
1673777477 112
1673777478 180
1673777478 145
1673777478 132
1673777479 153
1673777479 175
1673777479 141
1673777479 110
1673777480 114
1673777480 115
1673777480 110
1673777480 166
1673777480 135
1673777481 161
1673777481 142
1673777482 162
1673777482 108
1673777482 131
1673777482 119
1673777482 170
1673777483 135
1673777483 123
1673777483 184
1673777484 122
1673777484 109
1673777484 115
1673777484 175
1673777486 162
1673777486 125
1673777487 103
1673777487 138
1673777487 163
1673777488 174
1673777488 107
1673777489 107
1673777489 135
1673777490 148
1673777491 197
1673777492 111
1673777493 103
1673777493 188
1673777493 124
1673777493 157
1673777494 177
1673777495 188
1673777495 109
1673777496 196
1673777496 155
1673777497 151
1673777497 104
1673777497 124
1673777497 131
1673777497 113
1673777497 158
1673777498 170
1673777498 168
1673777498 119
1673777499 143
1673777499 105
1673777501 108
1673777501 172
1673777501 145
1673777502 197
1673777502 101
1673777502 116
1673777502 181
1673777502 150
1673777503 169
1673777503 182
1673777503 190
1673777504 176
1673777504 189
1673777505 188
1673777505 160
1673777506 142
1673777506 160
1673777506 116
1673777506 166
1673777508 127
1673777508 195
1673777508 118
1673777509 177
1673777509 153
1673777509 148
1673777510 191
1673777512 127
1673777513 193
1673777513 107
1673777513 186
1673777514 192
1673777514 167
1673777514 171
1673777515 177
1673777515 163
1673777516 163
1673777516 156
1673777516 183
1673777516 167
1673777516 156
1673777516 162
1673777517 151
1673777517 123
1673777517 136
1673777517 108
1673777517 173
1673777518 127
1673777518 200
1673777518 102
1673777519 136
1673777519 138
1673777520 197
1673777520 200
1673777520 125
1673777521 127
1673777521 103
1673777521 197
1673777521 115
1673777521 148
1673777522 172
1673777522 108
1673777523 148
1673777523 160
1673777523 165
1673777523 163
1673777523 134
1673777523 131
1673777524 197
1673777525 165
1673777525 156
1673777526 155
1673777526 135
1673777527 153
1673777527 157
1673777528 173
1673777528 104
1673777528 127
1673777528 162
1673777529 103
1673777529 192
1673777529 180
1673777529 124
1673777530 177
1673777532 162
1673777532 142
1673777532 124
1673777532 118
1673777533 194
1673777533 151
1673777533 104
1673777533 102
1673777533 106
1673777534 190
1673777534 168
1673777534 106
1673777534 181
1673777534 122
1673777535 199
1673777535 101
1673777535 131
1673777535 194
1673777535 190
1673777536 145
1673777536 106
1673777536 161
1673777536 157
1673777536 115
1673777537 138
1673777538 142
1673777539 139
1673777539 136
1673777539 168
1673777539 115
1673777539 191
1673777539 132
1673777539 109
1673777539 170
1673777539 179
1673777540 196
1673777540 147
1673777540 141
1673777540 116
1673777541 168
1673777541 148
1673777541 172
1673777543 176
1673777543 165
1673777544 192
1673777544 106
1673777544 153
1673777545 137
1673777545 103
1673777546 159
1673777546 104
1673777546 164
1673777547 153
1673777547 142
1673777547 104
1673777547 117
1673777547 159
1673777547 186
1673777548 192
1673777548 165
1673777548 118
1673777549 157
1673777549 125
1673777549 157
1673777549 145
1673777549 196
1673777549 152
1673777549 153
1673777549 181
1673777549 189
1673777550 163
1673777550 108
1673777550 184
1673777550 135
1673777551 110
1673777552 116
1673777553 159
1673777553 142
1673777553 168
1673777553 123
1673777553 128
1673777553 127
1673777553 193
1673777554 171
1673777554 194
1673777555 164
1673777555 153
1673777556 106
1673777556 126
1673777556 190
1673777557 171
1673777557 165
1673777557 138
1673777558 102
1673777558 192
1673777559 101
1673777559 105
1673777560 166
1673777561 156
1673777561 111
1673777561 158
1673777561 110
1673777561 189
1673777561 178
1673777562 159
1673777563 189
1673777564 142
1673777564 197
1673777564 111
1673777564 162
1673777564 128
1673777565 134
1673777565 136
1673777565 124
1673777565 160
1673777565 194
1673777566 175
1673777567 128
1673777567 141
1673777567 136
1673777568 189
1673777568 190
1673777568 158
1673777568 191
1673777568 166
1673777568 140
1673777568 158
1673777569 144
1673777569 123
1673777570 101
1673777571 174
1673777571 174
1673777572 174
1673777572 125
1673777572 111
1673777573 177
1673777573 168
1673777573 126
1673777573 177
1673777573 131
1673777573 107
1673777573 169
1673777574 149
1673777574 104
1673777575 172
1673777575 109
1673777576 157
1673777576 137
1673777577 177
1673777577 173
1673777577 122
1673777577 161
1673777577 143
1673777578 141
1673777578 113
1673777579 113
1673777579 129
1673777579 153
1673777579 195
1673777579 148
1673777579 195
1673777580 134
1673777580 176
1673777580 105
1673777581 116
1673777581 153
1673777582 139
1673777582 151
1673777582 135
1673777582 164
1673777582 117
1673777583 180
1673777583 113
1673777583 177
1673777584 151
1673777584 155
1673777585 170
1673777585 132
1673777585 176
1673777586 174
1673777586 116
1673777586 104
1673777587 185
1673777588 127
1673777589 144
1673777589 102
1673777589 184
1673777590 183
1673777590 118
1673777591 112
1673777592 101
1673777592 151
1673777592 124
1673777592 186
1673777592 124
1673777592 144
1673777592 147
1673777592 183
1673777592 173
1673777593 128
1673777593 141
1673777593 166
1673777593 142
1673777594 110
1673777594 137
1673777594 200
1673777594 120
1673777594 182
1673777595 114
1673777596 195
1673777597 190
1673777598 159
1673777598 182
1673777599 132
1673777599 107
1673777600 166
1673777600 106
1673777600 190
1673777601 166
1673777601 183
1673777601 130
1673777602 178
1673777602 133
1673777602 129
1673777603 108
1673777603 182
1673777603 116
1673777604 125
1673777604 112
1673777604 165
1673777605 162
1673777606 141
1673777606 101
1673777606 111
1673777606 150
1673777607 179
1673777607 188
1673777607 182
1673777607 188
1673777607 120
1673777608 145
1673777608 150
1673777608 173
1673777609 185
1673777609 145
1673777609 142
1673777609 141
1673777610 176
1673777610 131
1673777610 151
1673777610 156
1673777610 120
1673777611 140
1673777611 110
1673777611 195
1673777611 159
1673777612 195
1673777612 173
1673777612 177
1673777612 119
1673777612 102
1673777612 124
1673777612 147
1673777612 121
1673777613 133
1673777613 104
1673777613 155
1673777613 169
1673777613 143
1673777613 174
1673777613 190
1673777614 190
1673777614 114
1673777614 193
1673777615 120
1673777615 137
1673777615 101
1673777615 186
1673777616 148
1673777616 125
1673777617 116
1673777617 170
1673777617 157
1673777618 124
1673777618 140
1673777619 125
1673777619 147
1673777619 105
1673777620 127
1673777620 124
1673777620 197
1673777620 115
1673777621 171
1673777621 112
1673777622 163
1673777622 199
1673777623 138
1673777623 160
1673777623 118
1673777623 144
1673777624 178
1673777624 155
1673777625 142
1673777625 127
1673777625 135
1673777626 136
1673777627 191
1673777627 124
1673777627 114
1673777628 175
1673777628 163
1673777628 152
1673777629 192
1673777629 194
1673777630 143
1673777631 185
1673777631 172
1673777631 161
1673777631 173
1673777632 124
1673777632 115
1673777632 174
1673777632 118
1673777633 101
1673777634 112
1673777634 105
1673777635 107
1673777636 130
1673777636 141
1673777636 192
1673777637 179
1673777637 101
1673777638 186
1673777640 165
1673777640 196
1673777640 129
1673777640 154
1673777641 190
1673777641 147
1673777641 160
1673777642 154
1673777642 159
1673777642 188
1673777642 193
1673777643 103
1673777643 114
1673777644 102
1673777644 104
1673777646 160
1673777647 197
1673777653 147
1673777654 136
1673777654 197
1673777655 163
1673777657 184
1673777657 174
1673777657 180
1673777658 104
1673777659 189
1673777661 122
1673777661 126
1673777661 175
1673777662 144
1673777662 164
1673777662 157
1673777664 195
1673777666 124
1673777668 143
1673777669 116
1673777669 116
1673777669 161
1673777669 161
1673777671 181
1673777671 197
1673777671 121
1673777672 164
1673777672 117
1673777672 180
1673777673 131
1673777673 121
1673777675 153
1673777676 146
1673777677 177
1673777677 140
1673777678 188
1673777681 196
1673777681 144
1673777682 170
1673777683 192
1673777683 186
1673777684 194
1673777686 140
1673777687 152
1673777688 159
1673777688 183
1673777688 157
1673777689 104
1673777689 161
1673777690 121
1673777690 161
1673777691 150
1673777691 118
1673777692 193
1673777692 144
1673777693 183
1673777694 132
1673777694 156
1673777694 129
1673777694 107
1673777694 124
1673777695 137
1673777695 103
1673777695 109
1673777695 148
1673777696 152
1673777696 195
1673777696 138
1673777697 149
1673777697 116
1673777697 168
1673777697 192
1673777698 181
1673777698 166
1673777698 102
1673777698 200
1673777699 106
1673777699 168
1673777699 170
1673777699 133
1673777699 145
1673777700 197
1673777700 137
1673777700 167
1673777701 150
1673777702 121
1673777702 187
1673777703 149
1673777703 107
1673777703 180
1673777704 133
1673777706 121
1673777706 165
1673777707 168
1673777707 156
1673777708 128
1673777709 197
1673777711 173
1673777717 139
1673777717 133
1673777719 165
1673777719 178
1673777719 137
1673777720 160
1673777720 104
1673777720 161
1673777720 131
1673777721 166
1673777721 145
1673777721 175
1673777724 140
1673777725 101
1673777725 126
1673777725 155
1673777726 186
1673777726 175
1673777726 183
1673777726 157
1673777727 177
1673777727 180
1673777727 106
1673777727 183
1673777728 132
1673777728 122
1673777728 191
1673777729 144
1673777729 121
1673777730 115
1673777731 149
1673777732 167
1673777733 146
1673777733 130
1673777733 151
1673777733 115
1673777733 123
1673777734 116
1673777734 125
1673777734 172
1673777735 190
1673777735 174
1673777735 193
1673777735 185
1673777736 136
1673777736 153
1673777736 136
1673777736 143
1673777736 106
1673777737 147
1673777737 182
1673777737 146
1673777737 155
1673777738 190
1673777738 112
1673777739 186
1673777739 111
1673777739 193
1673777739 191
1673777740 139
1673777740 191
1673777740 172
1673777740 195
1673777741 156
1673777741 190
1673777742 127
1673777742 139
1673777742 163
1673777742 147
1673777742 200
1673777743 167
1673777743 141
1673777743 118
1673777743 172
1673777743 135
1673777744 120
1673777745 129
1673777745 132
1673777746 183
1673777746 165
1673777746 138
1673777747 166
1673777747 175
1673777748 189
1673777749 105
1673777750 199
1673777750 154
1673777751 173
1673777751 129
1673777752 192
1673777752 144
1673777752 113
1673777753 175
1673777753 173
1673777753 117
1673777753 158
1673777754 144
1673777754 173
1673777754 162
1673777754 174
1673777754 126
1673777756 147
1673777757 185
1673777757 176
1673777758 174
1673777758 143
1673777759 162
1673777760 167
1673777760 149
1673777760 148
1673777760 148
1673777761 160
1673777761 108
1673777761 181
1673777762 156
1673777762 127
1673777762 174
1673777763 168
1673777763 198
1673777763 136
1673777766 119
1673777775 171
1673777776 167
1673777776 165
1673777781 158
1673777781 123
1673777782 107
1673777783 168
1673777783 148
1673777784 188
1673777785 107
1673777785 183
1673777786 150
1673777787 157
1673777788 179
1673777791 159
1673777791 120
1673777791 170
1673777795 144
1673777795 105
1673777795 168
1673777800 189
1673777802 113
1673777804 157
1673777805 157
1673777805 126
1673777807 173
1673777808 196
1673777810 189
1673777811 197
1673777811 118
1673777811 187
1673777811 134
1673777812 102
1673777812 162
1673777812 144
1673777812 135
1673777812 105
1673777812 147
1673777815 199
1673777817 150
1673777817 154
1673777819 177
1673777819 158
1673777819 125
1673777820 128
1673777821 142
1673777827 148
1673777832 165
1673777833 104
1673777834 162
1673777834 134
1673777834 174
1673777834 123
1673777835 181
1673777837 197
1673777839 159
1673777839 127
1673777840 121
1673777840 121
1673777844 191
1673777844 108
1673777846 109
1673777849 131
1673777853 111
1673777855 147
1673777855 120
1673777855 197
1673777856 148
1673777857 160
1673777859 197
1673777859 149
1673777860 138
1673777861 110
1673777866 158
1673777867 156
1673777868 164
1673777869 172
1673777872 189
1673777872 120
1673777873 156
1673777875 133
1673777875 115
1673777875 139
1673777876 186
1673777876 144
1673777885 151
1673777885 192
1673777891 165
1673777902 141
1673777906 183
1673777908 125
1673777908 165
1673777909 124
1673777910 134
1673777911 190
1673777911 118
1673777911 166
1673777912 158
1673777913 191
1673777914 153
1673777914 108
1673777915 111
1673777915 118
1673777915 145
1673777916 183
1673777917 138
1673777917 164
1673777917 184
1673777917 110
1673777917 141
1673777917 200
1673777920 183
1673777920 132
1673777920 189
1673777921 157
1673777924 163
1673777924 176
1673777925 133
1673777925 113
1673777927 113
1673777930 162
1673777930 198
1673777933 174
1673777934 176
1673777935 138
1673777935 146
1673777937 105
1673777938 191
1673777938 117
1673777938 176
1673777940 134
1673777940 155
1673777940 180
1673777943 198
1673777943 113
1673777943 197
1673777946 157
1673777946 198
1673777946 139
1673777946 183
1673777947 181
1673777947 181
1673777948 142
1673777948 140
1673777948 195
1673777948 117
1673777953 138
1673777953 160
1673777953 193
1673777954 156
1673777954 122
1673777955 125
1673777958 136
1673777959 197
1673777959 138
1673777959 144
1673777959 153
1673777960 165
1673777963 183
1673777963 149
1673777963 140
1673777965 147
1673777967 173
1673777967 142
1673777968 126
1673777970 115
1673777972 175
1673777980 127
1673777980 139
1673777981 116
1673777982 120
1673777982 144
1673777982 193
1673777984 125
1673777985 153
1673777985 116
1673777986 184
1673777987 148
1673777987 200
1673777987 153
1673777987 184
1673778001 111
1673778001 187
1673778004 191
1673778004 176
1673778005 198
1673778005 123
1673778005 147
1673778007 124
1673778009 178
1673778009 152
1673778010 110
1673778011 190
1673778012 145
1673778012 152
1673778012 112
1673778012 138
1673778013 142
1673778013 165
1673778013 105
1673778013 158
1673778014 149
1673778016 117
1673778016 154
1673778017 191
1673778017 176
1673778017 149
1673778019 193
1673778019 158
1673778019 137
1673778026 171
1673778027 113
1673778030 166
1673778037 133
1673778037 196
1673778043 160
1673778057 111
1673778063 123
1673778064 125
1673778064 172
1673778065 131
1673778065 162
1673778066 138
1673778067 146
1673778067 126
1673778068 165
1673778068 191
1673778068 152
1673778069 144
1673778069 177
1673778070 134
1673778071 110
1673778072 132
1673778073 123
1673778076 144
1673778076 196
1673778076 153
1673778076 184
1673778077 127
1673778084 159
1673778086 200
1673778094 137
1673778094 197
1673778095 134
1673778095 172
1673778095 154
1673778100 109
1673778105 187
1673778107 146
1673778108 164
1673778109 146
1673778109 105
1673778109 179
1673778119 161
1673778120 108
1673778122 176
1673778122 102
1673778123 103
1673778123 107
1673778127 153
1673778127 152
1673778130 123
1673778130 176
1673778131 129
1673778131 164
1673778133 199
1673778133 140
1673778138 136
1673778139 177
1673778140 112
1673778140 125
1673778141 131
1673778143 139
1673778148 144
1673778149 107
1673778153 156
1673778155 162
1673778157 183
1673778157 101
1673778160 174
1673778160 181
1673778160 120
1673778160 197
1673778160 137
1673778164 170
1673778164 128
1673778164 159
1673778165 127
1673778167 188
1673778167 172
1673778167 114
1673778168 160
1673778168 116
1673778171 174
1673778179 114
1673778182 164
1673778183 119
1673778188 160
1673778190 190
1673778190 156
1673778190 155
1673778190 139
1673778194 178
1673778194 103
1673778194 113
1673778197 159
1673778197 171
1673778197 119
1673778197 194
1673778198 121
1673778199 191
1673778199 144
1673778200 152
1673778200 128
1673778200 189
1673778201 106
1673778201 157
1673778201 200
1673778203 115
1673778203 151
1673778203 141
1673778204 157
1673778204 168
1673778204 161
1673778206 126
1673778206 132
1673778206 168
1673778207 146
1673778207 111
1673778207 142
1673778208 133
1673778209 113
1673778210 167
1673778211 149
1673778212 166
1673778212 125
1673778212 115
1673778213 186
1673778213 102
1673778214 145
1673778215 133
1673778215 165
1673778216 146
1673778217 136
1673778217 160
1673778218 159
1673778218 127
1673778219 186
1673778219 165
1673778219 187
1673778220 190
1673778221 125
1673778222 143
1673778222 176
1673778222 138
1673778224 114
1673778224 189
1673778224 103
1673778224 146
1673778225 126
1673778225 175
1673778225 133
1673778226 128
1673778226 124
1673778226 149
1673778227 171
1673778227 165
1673778227 149
1673778227 189
1673778228 189
1673778228 154
1673778228 143
1673778231 169
1673778232 151
1673778232 135
1673778234 114
1673778234 177
1673778235 102
1673778235 176
1673778236 175
1673778236 195
1673778236 115
1673778236 145
1673778236 175
1673778236 194
1673778237 128
1673778237 136
1673778238 125
1673778239 114
1673778239 130
1673778240 121
1673778240 123
1673778241 195
1673778241 192
1673778242 178
1673778242 145
1673778242 142
1673778242 109
1673778242 127
1673778243 190
1673778243 196
1673778244 117
1673778244 167
1673778244 158
1673778245 194
1673778245 109
1673778245 163
1673778245 164
1673778245 179
1673778246 145
1673778247 190
1673778247 183
1673778248 143
1673778248 154
1673778249 173
1673778249 164
1673778250 195
1673778250 148
1673778250 108
1673778250 183
1673778251 115
1673778252 146
1673778252 122
1673778253 161
1673778253 106
1673778253 157
1673778253 123
1673778254 174
1673778254 179
1673778254 167
1673778254 132
1673778254 129
1673778255 161
1673778255 110
1673778255 125
1673778255 143
1673778256 118
1673778256 118
1673778256 101
1673778256 196
1673778257 160
1673778257 164
1673778257 128
1673778258 108
1673778259 181
1673778259 105
1673778260 122
1673778260 109
1673778260 130
1673778261 159
1673778261 126
1673778261 194
1673778261 156
1673778261 142
1673778261 199
1673778262 150
1673778262 134
1673778262 200
1673778263 174
1673778264 127
1673778265 190
1673778266 141
1673778266 154
1673778266 181
1673778266 200
1673778267 169
1673778267 148
1673778267 110
1673778267 101
1673778267 183
1673778268 112
1673778268 169
1673778268 134
1673778269 170
1673778269 160
1673778269 143
1673778270 132
1673778270 180
1673778270 139
1673778270 141
1673778271 111
1673778271 145
1673778272 115
1673778272 117
1673778272 112
1673778273 191
1673778274 182
1673778274 185
1673778274 121
1673778275 120
1673778275 131
1673778275 101
1673778275 162
1673778275 182
1673778275 189
1673778275 196
1673778276 102
1673778276 171
1673778276 199
1673778276 200
1673778277 167
1673778277 125
1673778277 126
1673778277 152
1673778278 121
1673778280 178
1673778281 138
1673778281 141
1673778281 139
1673778282 200
1673778283 129
1673778284 178
1673778284 145
1673778284 111
1673778284 160
1673778284 183
1673778285 162
1673778285 117
1673778285 159
1673778285 183
1673778286 112
1673778287 110
1673778288 150
1673778288 140
1673778288 134
1673778288 172
1673778288 135
1673778289 198
1673778289 135
1673778289 187
1673778290 174
1673778291 131
1673778291 136
1673778291 142
1673778292 121
1673778292 105
1673778294 153
1673778295 127
1673778295 154
1673778295 110
1673778295 177
1673778296 184
1673778297 196
1673778297 112
1673778297 157
1673778297 163
1673778297 129
1673778297 139
1673778297 112
1673778297 174
1673778298 105
1673778298 110
1673778298 149
1673778298 167
1673778299 121
1673778299 152
1673778300 167
1673778300 152
1673778300 116
1673778301 143
1673778301 174
1673778301 129
1673778301 125
1673778302 102
1673778302 127
1673778303 166
1673778303 181
1673778303 183
1673778303 141
1673778303 150
1673778303 173
1673778304 126
1673778304 174
1673778304 186
1673778304 193
1673778305 178
1673778305 144
1673778305 189
1673778305 173
1673778305 156
1673778306 185
1673778306 154
1673778307 200
1673778307 186
1673778308 172
1673778308 110
1673778308 180
1673778308 114
1673778308 199
1673778308 119
1673778308 170
1673778309 182
1673778309 193
1673778310 103
1673778310 150
1673778311 131
1673778311 108
1673778311 101
1673778311 126
1673778313 164
1673778313 157
1673778314 187
1673778314 121
1673778315 146
1673778315 179
1673778316 164
1673778316 156
1673778316 136
1673778316 200
1673778317 200
1673778317 180
1673778317 136
1673778317 182
1673778317 178
1673778317 195
1673778318 159
1673778318 105
1673778318 105
1673778318 172
1673778318 126
1673778318 199
1673778319 133
1673778320 105
1673778320 159
1673778320 148
1673778321 115
1673778321 199
1673778322 143
1673778323 173
1673778323 158
1673778323 138
1673778323 194
1673778324 113
1673778324 194
1673778325 109
1673778325 101
1673778327 120
1673778327 165
1673778327 101
1673778327 181
1673778328 129
1673778328 129
1673778329 200
1673778329 173
1673778329 119
1673778330 158
1673778330 138
1673778330 139
1673778330 140
1673778330 145
1673778330 170
1673778331 140
1673778331 142
1673778331 157
1673778331 190
1673778331 161
1673778331 148
1673778332 178
1673778332 133
1673778332 108
1673778332 137
1673778332 133
1673778333 189
1673778333 193
1673778333 133
1673778334 177
1673778334 199
1673778334 143
1673778334 195
1673778335 141
1673778337 179
1673778339 199
1673778339 176
1673778340 151
1673778340 187
1673778340 151
1673778340 152
1673778340 125
1673778341 105
1673778342 101
1673778342 106
1673778343 124
1673778344 136
1673778344 105
1673778344 193
1673778344 184
1673778345 104
1673778346 173
1673778346 181
1673778347 171
1673778347 194
1673778347 117
1673778348 194
1673778349 169
1673778349 167
1673778351 157
1673778351 169
1673778353 185
1673778353 163
1673778354 140
1673778354 151
1673778355 174
1673778357 195
1673778357 187
1673778359 130
1673778359 128
1673778359 115
1673778359 137
1673778359 186
1673778360 116
1673778360 151
1673778360 196
1673778360 103
1673778361 157
1673778361 122
1673778361 181
1673778362 149
1673778362 174
1673778362 151
1673778363 141
1673778364 129
1673778364 184
1673778364 193
1673778365 157
1673778365 195
1673778365 112
1673778365 108
1673778365 179
1673778366 193
1673778366 138
1673778366 105
1673778367 180
1673778367 177
1673778368 199
1673778368 163
1673778369 200
1673778369 101
1673778370 118
1673778370 133
1673778370 186
1673778371 144
1673778371 113
1673778371 158
1673778372 170
1673778373 145
1673778373 153
1673778373 111
1673778373 196
1673778373 116
1673778373 155
1673778374 161
1673778374 184
1673778374 164
1673778374 106
1673778375 178
1673778375 169
1673778375 174
1673778376 123
1673778376 128
1673778377 199
1673778378 107
1673778378 165
1673778379 170
1673778379 104
1673778380 150
1673778380 164
1673778380 114
1673778380 133
1673778380 179
1673778381 121
1673778381 162
1673778381 178
1673778381 118
1673778382 153
1673778382 130
1673778382 188
1673778382 114
1673778382 137
1673778382 200
1673778383 122
1673778383 103
1673778383 151
1673778384 162
1673778384 186
1673778385 198
1673778385 177
1673778386 117
1673778386 177
1673778386 130
1673778387 148
1673778387 147
1673778387 151
1673778387 191
1673778388 173
1673778388 196
1673778389 110
1673778390 117
1673778390 112
1673778391 104
1673778391 144
1673778392 161
1673778392 119
1673778393 177
1673778393 127
1673778393 104
1673778394 140
1673778394 173
1673778394 117
1673778394 124
1673778395 109
1673778395 180
1673778395 117
1673778395 145
1673778396 173
1673778396 145
1673778396 171
1673778398 155
1673778399 141
1673778399 163
1673778399 188
1673778400 199
1673778400 145
1673778400 145
1673778401 102
1673778401 119
1673778402 159
1673778402 109
1673778403 156
1673778404 173
1673778405 131
1673778406 149
1673778406 139
1673778406 126
1673778407 156
1673778407 124
1673778407 173
1673778409 117
1673778410 108
1673778410 101
1673778411 148
1673778411 164
1673778411 111
1673778412 200
1673778412 116
1673778412 135
1673778413 144
1673778414 175
1673778414 106
1673778414 169
1673778415 197
1673778415 198
1673778415 146
1673778415 112
1673778415 166
1673778415 142
1673778417 137
1673778417 178
1673778417 178
1673778417 198
1673778418 124
1673778418 181
1673778419 182
1673778420 171
1673778421 117
1673778421 108
1673778421 165
1673778422 193
1673778422 135
1673778422 192
1673778422 137
1673778422 130
1673778422 188
1673778423 186
1673778423 143
1673778424 186
1673778425 155
1673778425 166
1673778426 118
1673778427 188
1673778427 188
1673778427 167
1673778427 171
1673778428 120
1673778428 141
1673778428 152
1673778429 118
1673778430 121
1673778430 178
1673778430 181
1673778430 166
1673778430 131
1673778431 117
1673778431 140
1673778431 198
1673778432 127
1673778432 101
1673778432 158
1673778432 186
1673778432 118
1673778432 108
1673778432 116
1673778433 146
1673778434 142
1673778435 152
1673778436 130
1673778436 182
1673778436 171
1673778436 172
1673778436 106
1673778436 175
1673778437 122
1673778437 188
1673778437 141
1673778437 148
1673778437 195
1673778438 101
1673778438 126
1673778439 180
1673778442 150
1673778443 160
1673778444 126
1673778444 109
1673778444 180
1673778444 101
1673778445 102
1673778446 189
1673778446 103
1673778446 144
1673778446 183
1673778446 179
1673778447 127
1673778447 166
1673778447 150
1673778448 169
1673778449 151
1673778449 125
1673778449 189
1673778450 156
1673778450 176
1673778450 136
1673778450 145
1673778450 147
1673778451 157
1673778451 118
1673778451 126
1673778451 106
1673778452 126
1673778453 108
1673778454 181
1673778456 121
1673778457 157
1673778457 175
1673778458 124
1673778458 182
1673778458 149
1673778459 153
1673778459 105
1673778459 113
1673778461 124
1673778461 189
1673778462 186
1673778462 103
1673778462 143
1673778463 127
1673778463 185
1673778464 200
1673778464 196
1673778465 137
1673778466 164
1673778466 195
1673778466 163
1673778466 141
1673778467 193
1673778467 115
1673778468 142
1673778468 114
1673778469 172
1673778470 103
1673778470 159
1673778470 109
1673778471 180
1673778471 183
1673778472 160
1673778473 154
1673778473 132
1673778474 104
1673778474 123
1673778474 185
1673778474 167
1673778475 158
1673778475 171
1673778476 167
1673778476 199
1673778476 186
1673778477 129
1673778477 173
1673778477 171
1673778478 146
1673778478 102
1673778479 105
1673778480 130
1673778480 185
1673778480 115
1673778482 165
1673778482 125
1673778482 157
1673778483 158
1673778483 122
1673778483 118
1673778484 157
1673778484 197
1673778484 188
1673778484 138
1673778485 116
1673778485 125
1673778485 195
1673778485 184
1673778486 187
1673778486 163
1673778486 127
1673778487 105
1673778487 148
1673778487 109
1673778487 188
1673778488 142
1673778488 180
1673778489 156
1673778490 153
1673778490 165
1673778491 160
1673778491 139
1673778492 172
1673778492 120
1673778492 123
1673778492 147
1673778492 190
1673778492 152
1673778492 174
1673778492 171
1673778493 164
1673778493 124
1673778493 159
1673778493 136
1673778494 143
1673778494 169
1673778494 178
1673778494 148
1673778494 106
1673778495 101
1673778495 127
1673778495 135
1673778495 165
1673778496 164
1673778496 180
1673778496 147
1673778496 163
1673778497 183
1673778497 188
1673778497 148
1673778497 136
1673778498 141
1673778498 166
1673778499 111
1673778500 115
1673778500 117
1673778501 155
1673778502 160
1673778502 129
1673778502 144
1673778502 127
1673778503 168
1673778503 168
1673778504 148
1673778505 188
1673778505 173
1673778505 120
1673778505 174
1673778505 184
1673778505 126
1673778505 106
1673778506 151
1673778506 137
1673778507 132
1673778507 142
1673778507 194
1673778508 102
1673778508 186
1673778508 198
1673778508 139
1673778509 147
1673778509 128
1673778510 135
1673778510 189
1673778510 105
1673778510 102
1673778510 195
1673778510 156
1673778511 196
1673778511 170
1673778512 165
1673778512 143
1673778512 148
1673778512 144
1673778512 191
1673778513 120
1673778514 183
1673778514 126
1673778514 173
1673778514 120
1673778514 167
1673778515 195
1673778515 131
1673778515 169
1673778516 112
1673778516 147
1673778517 109
1673778517 167
1673778517 175
1673778517 169
1673778518 105
1673778519 160
1673778519 121
1673778519 174
1673778520 148
1673778520 165
1673778521 163
1673778521 165
1673778521 143
1673778521 139
1673778522 120
1673778522 142
1673778522 119
1673778522 108
1673778523 121
1673778524 144
1673778524 191
1673778525 180
1673778525 138
1673778525 136
1673778525 174
1673778526 115
1673778527 150
1673778529 124
1673778529 118
1673778529 190
1673778529 197
1673778530 184
1673778530 153
1673778531 198
1673778531 163
1673778531 151
1673778532 192
1673778532 154
1673778533 177
1673778533 147
1673778534 200
1673778534 106
1673778534 104
1673778534 133
1673778535 133
1673778535 180
1673778536 132
1673778536 176
1673778536 152
1673778537 163
1673778537 166
1673778537 193
1673778537 109
1673778537 101
1673778537 128
1673778538 172
1673778538 182
1673778539 128
1673778540 124
1673778540 118
1673778541 191
1673778541 167
1673778541 149
1673778541 145
1673778541 189
1673778542 145
1673778542 171
1673778543 156
1673778543 162
1673778543 153
1673778544 121
1673778544 134
1673778544 112
1673778544 178
1673778545 141
1673778545 171
1673778546 172
1673778546 135
1673778547 187
1673778547 183
1673778547 169
1673778547 176
1673778548 136
1673778549 135
1673778550 175
1673778550 186
1673778551 171
1673778551 137
1673778552 102
1673778552 163
1673778553 149
1673778553 189
1673778553 148
1673778553 119
1673778555 109
1673778555 165
1673778556 102
1673778556 124
1673778556 156
1673778556 168
1673778557 129
1673778557 153
1673778557 109
1673778557 163
1673778557 151
1673778558 193
1673778558 174
1673778558 118
1673778558 131
1673778559 164
1673778559 162
1673778559 145
1673778559 132
1673778561 186
1673778561 128
1673778562 132
1673778562 107
1673778564 143
1673778564 165
1673778564 123
1673778564 115
1673778564 138
1673778564 127
1673778564 176
1673778564 162
1673778565 143
1673778565 181
1673778566 194
1673778566 160
1673778566 101
1673778567 142
1673778567 112
1673778567 149
1673778568 119
1673778568 156
1673778568 113
1673778569 142
1673778569 102
1673778570 140
1673778570 147
1673778570 134
1673778570 136
1673778571 142
1673778571 135
1673778571 140
1673778571 153
1673778571 133
1673778571 123
1673778572 200
1673778573 186
1673778573 171
1673778573 171
1673778574 120
1673778574 165
1673778574 193
1673778575 147
1673778575 127
1673778575 161
1673778576 124
1673778576 199
1673778577 172
1673778577 131
1673778577 147
1673778577 177
1673778578 185
1673778578 142
1673778578 118
1673778578 157
1673778579 144
1673778579 127
1673778580 170
1673778580 192
1673778580 128
1673778580 143
1673778580 171
1673778581 200
1673778581 116
1673778581 133
1673778582 168
1673778582 130
1673778583 196
1673778583 154
1673778583 162
1673778583 189
1673778584 164
1673778584 158
1673778584 197
1673778585 104
1673778585 133
1673778585 118
1673778585 191
1673778586 182
1673778586 166
1673778586 155
1673778586 140
1673778587 122
1673778587 107
1673778587 182
1673778588 103
1673778588 196
1673778589 169
1673778589 175
1673778589 146
1673778589 122
1673778590 135
1673778590 142
1673778591 126
1673778591 144
1673778591 111
1673778591 127
1673778592 155
1673778592 162
1673778592 135
1673778592 185
1673778592 199
1673778593 131
1673778593 111
1673778593 128
1673778594 174
1673778595 135
1673778595 172
1673778596 149
1673778596 149
1673778597 173
1673778597 122
1673778597 150
1673778597 157
1673778597 200
1673778598 107
1673778598 171
1673778598 189
1673778598 115
1673778599 200
1673778600 116
1673778600 186
1673778600 155
1673778601 106
1673778601 121
1673778602 185
1673778603 153
1673778603 138
1673778603 119
1673778603 103
1673778604 188
1673778604 175
1673778604 134
1673778605 132
1673778605 172
1673778605 121
1673778605 126
1673778605 167
1673778605 138
1673778606 125
1673778606 106
1673778607 140
1673778607 175
1673778607 136
1673778607 169
1673778607 193
1673778607 159
1673778607 162
1673778609 185
1673778609 110
1673778609 188
1673778610 195
1673778610 192
1673778610 151
1673778611 155
1673778611 149
1673778611 200
1673778611 165
1673778612 105
1673778613 103
1673778613 165
1673778613 170
1673778614 130
1673778614 177
1673778615 165
1673778615 142
1673778615 191
1673778616 159
1673778616 114
1673778617 162
1673778617 133
1673778618 167
1673778618 126
1673778618 141
1673778619 104
1673778619 197
1673778620 196
1673778620 114
1673778620 152
1673778621 107
1673778622 131
1673778622 180
1673778622 111
1673778623 185
1673778623 137
1673778623 114
1673778623 182
1673778623 146
1673778623 145
1673778624 197
1673778624 159
1673778624 150
1673778624 106
1673778625 161
1673778625 142
1673778625 174
1673778626 143
1673778626 123
1673778626 177
1673778626 193
1673778627 127
1673778627 195
1673778627 192
1673778627 193
1673778627 183
1673778627 137
1673778628 123
1673778629 103
1673778629 119
1673778629 110
1673778629 191
1673778629 162
1673778629 169
1673778629 157
1673778629 161
1673778630 168
1673778630 115
1673778631 110
1673778631 134
1673778632 169
1673778632 125
1673778632 176
1673778632 151
1673778633 174
1673778633 103
1673778633 193
1673778634 117
1673778634 129
1673778634 130
1673778634 103
1673778634 179
1673778636 114
1673778636 109
1673778636 123
1673778636 110
1673778636 105
1673778636 191
1673778637 157
1673778638 115
1673778639 184
1673778639 102
1673778640 200
1673778640 195
1673778641 139
1673778642 117
1673778642 174
1673778642 153
1673778643 165
1673778643 132
1673778644 141
1673778644 131
1673778645 186
1673778646 128
1673778646 124
1673778647 110
1673778647 195
1673778648 147
1673778648 129
1673778648 132
1673778649 168
1673778649 199
1673778649 135
1673778650 139
1673778651 149
1673778652 165
1673778652 113
1673778652 126
1673778653 101
1673778653 195
1673778653 121
1673778653 195
1673778654 181
1673778655 153
1673778656 187
1673778656 194
1673778656 173
1673778657 101
1673778657 139
1673778657 162
1673778657 196
1673778658 152
1673778658 187
1673778659 156
1673778659 186
1673778660 175
1673778660 179
1673778660 139
1673778660 151
1673778661 181
1673778661 199
1673778661 195
1673778662 157
1673778662 188
1673778663 118
1673778663 154
1673778663 146
1673778663 176
1673778663 200
1673778664 172
1673778664 148
1673778664 165
1673778664 191
1673778666 166
1673778666 154
1673778667 114
1673778667 110
1673778668 137
1673778668 128
1673778669 138
1673778669 190
1673778669 193
1673778670 166
1673778670 115
1673778670 126
1673778671 142
1673778671 194
1673778671 112
1673778671 199
1673778673 112
1673778673 169
1673778673 113
1673778675 104
1673778676 163
1673778676 134
1673778677 145
1673778677 196
1673778677 155
1673778677 101
1673778678 194
1673778679 193
1673778679 195
1673778680 156
1673778680 112
1673778680 186
1673778681 193
1673778681 136
1673778681 150
1673778682 107
1673778682 195
1673778682 187
1673778682 109
1673778683 106
1673778683 147
1673778684 165
1673778684 187
1673778684 192
1673778684 188
1673778684 179
1673778685 155
1673778685 119
1673778685 152
1673778685 140
1673778686 139
1673778686 123
1673778687 143
1673778688 181
1673778688 137
1673778688 106
1673778689 180
1673778690 171
1673778690 103
1673778691 126
1673778691 142
1673778691 118
1673778691 179
1673778691 102
1673778692 194
1673778694 131
1673778695 108
1673778695 107
1673778696 131
1673778696 178
1673778697 162
1673778697 104
1673778697 132
1673778697 135
1673778698 168
1673778698 166
1673778698 197
1673778699 149
1673778699 131
1673778699 108
1673778699 104
1673778700 198
1673778700 107
1673778700 167
1673778701 162
1673778702 197
1673778703 138
1673778703 134
1673778703 126
1673778704 140
1673778705 110
1673778705 153
1673778705 155
1673778705 156
1673778705 168
1673778706 133
1673778706 189
1673778708 187
1673778708 190
1673778709 157
1673778709 167
1673778711 160
1673778712 143
1673778713 171
1673778713 179
1673778713 158
1673778714 105
1673778715 191
1673778716 141
1673778716 134
1673778716 114
1673778716 163
1673778716 160
1673778716 125
1673778717 156
1673778717 186
1673778717 180
1673778718 198
1673778718 200
1673778719 108
1673778719 181
1673778719 133
1673778720 172
1673778720 121
1673778721 162
1673778721 132
1673778722 160
1673778722 136
1673778723 172
1673778723 128
1673778723 174
1673778723 123
1673778724 177
1673778724 119
1673778725 111
1673778725 163
1673778725 173
1673778725 118
1673778726 180
1673778726 165
1673778727 154
1673778728 153
1673778728 159
1673778728 185
1673778729 181
1673778730 101
1673778730 104
1673778731 108
1673778731 129
1673778732 190
1673778732 124
1673778732 188
1673778732 192
1673778732 125
1673778733 177
1673778733 116
1673778733 106
1673778733 167
1673778734 136
1673778734 102
1673778734 110
1673778734 181
1673778734 200
1673778734 131
1673778735 173
1673778735 169
1673778736 103
1673778736 171
1673778736 101
1673778736 187
1673778737 156
1673778737 182
1673778738 143
1673778738 139
1673778738 102
1673778739 107
1673778739 163
1673778740 133
1673778740 107
1673778741 120
1673778741 194
1673778743 162
1673778743 120
1673778743 179
1673778743 159
1673778743 108
1673778744 129
1673778745 167
1673778745 186
1673778745 131
1673778745 119
1673778745 130
1673778745 111
1673778745 172
1673778746 159
1673778747 189
1673778747 152
1673778748 171
1673778748 185
1673778748 142
1673778749 146
1673778749 182
1673778750 129
1673778750 180
1673778750 119
1673778750 104
1673778750 137
1673778750 194
1673778751 146
1673778751 200
1673778751 137
1673778751 183
1673778752 104
1673778753 110
1673778753 196
1673778754 149
1673778754 137
1673778755 128
1673778755 102
1673778756 174
1673778757 123
1673778757 102
1673778757 118
1673778757 114
1673778758 148
1673778758 103
1673778759 104
1673778759 147
1673778759 171
1673778760 187
1673778760 176
1673778760 105
1673778761 173
1673778761 155
1673778761 108
1673778761 139
1673778761 180
1673778761 172
1673778762 149
1673778762 162
1673778762 133
1673778763 148
1673778763 196
1673778763 142
1673778763 102
1673778764 196
1673778764 107
1673778764 161
1673778764 132
1673778766 102
1673778766 170
1673778766 146
1673778766 144
1673778766 175
1673778767 191
1673778767 130
1673778767 132
1673778768 102
1673778768 156
1673778768 153
1673778768 120
1673778770 117
1673778770 139
1673778770 101
1673778770 180
1673778771 143
1673778771 116
1673778771 184
1673778772 109
1673778773 189
1673778773 188
1673778773 130
1673778773 138
1673778774 110
1673778774 196
1673778775 134
1673778775 111
1673778775 112
1673778776 176
1673778776 161
1673778776 106
1673778778 162
1673778779 152
1673778779 193
1673778780 126
1673778780 121
1673778780 103
1673778781 116
1673778781 159
1673778782 155
1673778782 130
1673778783 132
1673778783 198
1673778784 132
1673778784 146
1673778784 199
1673778784 144
1673778785 128
1673778785 120
1673778785 122
1673778785 120
1673778786 167
1673778786 187
1673778786 139
1673778787 158
1673778788 181
1673778788 191
1673778788 163
1673778789 136
1673778789 184
1673778789 125
1673778789 152
1673778789 174
1673778790 195
1673778790 111
1673778790 126
1673778791 137
1673778792 157
1673778792 200
1673778792 117
1673778792 159
1673778793 140
1673778794 132
1673778794 167
1673778794 168
1673778794 151
1673778795 195
1673778795 196
1673778796 190
1673778797 194
1673778797 162
1673778797 187
1673778797 123
1673778797 113
1673778797 130
1673778799 103
1673778800 183
1673778800 162
1673778800 138
1673778801 164
1673778801 184
1673778801 193
1673778801 120
1673778802 142
1673778802 106
1673778802 176
1673778802 127
1673778803 197
1673778803 142
1673778804 108
1673778804 176
1673778804 114
1673778804 196
1673778804 118
1673778804 187
1673778805 157
1673778805 147
1673778805 114
1673778806 145
1673778806 157
1673778806 191
1673778807 149
1673778807 118
1673778807 121
1673778807 178
1673778807 195
1673778808 106
1673778809 166
1673778809 136
1673778809 143
1673778809 162
1673778809 118
1673778810 175
1673778811 162
1673778811 147
1673778811 121
1673778811 196
1673778812 157
1673778812 173
1673778812 182
1673778812 124
1673778812 192
1673778813 161
1673778814 168
1673778814 170
1673778814 133
1673778814 179
1673778815 149
1673778815 134
1673778815 132
1673778815 116
1673778816 200
1673778816 194
1673778817 165
1673778817 186
1673778817 172
1673778817 194
1673778817 111
1673778817 178
1673778817 146
1673778818 124
1673778818 116
1673778818 140
1673778819 200
1673778819 161
1673778820 138
1673778820 149
1673778820 150
1673778821 168
1673778821 144
1673778821 167
1673778821 186
1673778822 122
1673778822 180
1673778822 132
1673778822 161
1673778823 118
1673778823 135
1673778824 124
1673778824 129
1673778824 112
1673778825 118
1673778825 154
1673778826 189
1673778826 168
1673778826 183
1673778826 171
1673778827 195
1673778827 194
1673778827 179
1673778828 192
1673778828 156
1673778828 173
1673778829 167
1673778829 114
1673778829 154
1673778829 176
1673778829 192
1673778830 129
1673778831 171
1673778831 134
1673778831 146
1673778832 154
1673778832 176
1673778832 138
1673778832 111
1673778833 166
1673778833 194
1673778834 151
1673778834 108
1673778834 195
1673778835 165
1673778835 124
1673778835 168
1673778835 190
1673778835 135
1673778835 131
1673778836 149
1673778836 102
1673778836 199
1673778836 171
1673778836 191
1673778837 189
1673778837 120
1673778838 114
1673778840 199
1673778840 103
1673778840 173
1673778841 195
1673778841 194
1673778841 140
1673778841 111
1673778841 183
1673778842 112
1673778842 184
1673778842 198
1673778842 181
1673778843 147
1673778843 114
1673778843 103
1673778843 117
1673778844 111
1673778844 161
1673778844 181
1673778844 107
1673778845 154
1673778845 189
1673778845 137
1673778846 171
1673778846 129
1673778848 186
1673778848 186
1673778848 178
1673778848 146
1673778848 178
1673778849 158
1673778849 151
1673778849 146
1673778850 159
1673778850 200
1673778850 109
1673778850 162
1673778851 155
1673778851 179
1673778852 189
1673778852 139
1673778852 129
1673778852 128
1673778853 123
1673778853 115
1673778854 147
1673778854 179
1673778854 148
1673778855 156
1673778855 157
1673778855 188
1673778855 198
1673778856 118
1673778856 138
1673778857 153
1673778857 110
1673778857 180
1673778858 151
1673778858 129
1673778858 116
1673778858 115
1673778858 142
1673778860 126
1673778860 142
1673778860 171
1673778860 142
1673778860 125
1673778860 144
1673778861 174
1673778861 103
1673778861 127
1673778862 186
1673778862 200
1673778862 189
1673778862 174
1673778862 102
1673778862 193
1673778862 169
1673778863 196
1673778863 164
1673778863 165
1673778863 135
1673778864 124
1673778864 180
1673778865 153
1673778865 146
1673778865 136
1673778865 103
1673778865 106
1673778865 147
1673778866 190
1673778866 184
1673778866 164
1673778866 123
1673778866 134
1673778867 171
1673778868 167
1673778868 195
1673778868 189
1673778869 117
1673778869 176
1673778869 181
1673778870 166
1673778870 152
1673778870 178
1673778871 160
1673778871 199
1673778871 107
1673778871 144
1673778872 105
1673778872 161
1673778873 155
1673778873 118
1673778873 187
1673778874 169
1673778874 175
1673778875 150
1673778876 195
1673778877 189
1673778877 120
1673778877 117
1673778877 178
1673778878 186
1673778878 144
1673778878 197
1673778878 142
1673778879 124
1673778879 160
1673778879 188
1673778879 110
1673778879 177
1673778880 183
1673778881 149
1673778881 124
1673778881 179
1673778881 165
1673778881 184
1673778881 196
1673778881 130
1673778882 155
1673778882 141
1673778882 151
1673778884 109
1673778884 126
1673778885 166
1673778885 162
1673778885 154
1673778886 196
1673778887 129
1673778887 115
1673778888 129
1673778888 171
1673778888 161
1673778889 127
1673778889 134
1673778890 104
1673778890 176
1673778891 189
1673778891 157
1673778891 112
1673778891 182
1673778892 189
1673778892 164
1673778893 172
1673778893 192
1673778894 164
1673778894 144
1673778895 114
1673778895 131
1673778895 144
1673778895 166
1673778895 131
1673778896 128
1673778896 150
1673778896 196
1673778896 158
1673778896 190
1673778896 141
1673778897 178
1673778897 163
1673778897 150
1673778898 137
1673778899 166
1673778899 107
1673778899 191
1673778899 129
1673778900 119
1673778900 138
1673778900 111
1673778901 195
1673778901 151
1673778901 171
1673778901 197
1673778901 114
1673778901 188
1673778902 160
1673778902 197
1673778903 188
1673778904 133
1673778904 188
1673778904 179
1673778904 156
1673778906 171
1673778906 168
1673778906 158
1673778907 168
1673778907 187
1673778907 174
1673778907 160
1673778907 151
1673778908 158
1673778908 200
1673778909 126
1673778909 141
1673778909 105
1673778910 148
1673778910 126
1673778910 165
1673778910 107
1673778911 177
1673778911 149
1673778911 104
1673778912 159
1673778912 147
1673778913 134
1673778913 162
1673778913 117
1673778913 145
1673778914 178
1673778914 116
1673778915 184
1673778916 120
1673778916 117
1673778916 128
1673778918 133
1673778918 116
1673778918 193
1673778919 134
1673778919 119
1673778920 185
1673778920 161
1673778920 111
1673778920 169
1673778920 138
1673778920 192
1673778921 167
1673778921 162
1673778922 144
1673778922 143
1673778922 125
1673778923 140
1673778923 134
1673778924 108
1673778924 199
1673778924 189
1673778924 131
1673778925 197
1673778925 170
1673778926 177
1673778926 119
1673778926 101
1673778926 156
1673778926 138
1673778927 171
1673778927 196
1673778927 162
1673778928 137
1673778928 109
1673778928 103
1673778929 198
1673778929 168
1673778930 185
1673778930 182
1673778930 173
1673778930 162
1673778930 111
1673778930 184
1673778931 189
1673778931 134
1673778931 106
1673778932 138
1673778932 188
1673778933 107
1673778933 167
1673778934 141
1673778934 153
1673778936 164
1673778936 175
1673778936 172
1673778936 121
1673778936 160
1673778937 150
1673778937 101
1673778937 166
1673778937 173
1673778937 175
1673778938 118
1673778938 158
1673778938 165
1673778938 130
1673778938 166
1673778938 196
1673778938 148
1673778938 134
1673778939 170
1673778939 195
1673778940 153
1673778940 137
1673778940 173
1673778940 143
1673778940 130
1673778941 134
1673778941 161
1673778943 154
1673778943 167
1673778943 189
1673778944 120
1673778945 192
1673778946 151
1673778946 136
1673778946 177
1673778946 153
1673778946 137
1673778946 120
1673778948 137
1673778948 171
1673778949 198
1673778949 122
1673778949 169
1673778949 129
1673778949 138
1673778950 117
1673778951 151
1673778951 170
1673778952 121
1673778952 108
1673778952 175
1673778952 148
1673778953 126
1673778953 169
1673778954 176
1673778954 185
1673778954 113
1673778954 142
1673778955 117
1673778955 165
1673778955 137
1673778956 117
1673778956 135
1673778956 198
1673778957 181
1673778957 184
1673778958 115
1673778958 112
1673778958 159
1673778958 140
1673778958 132
1673778959 117
1673778959 199
1673778959 194
1673778960 185
1673778961 179
1673778961 177
1673778962 121
1673778962 101
1673778962 160
1673778962 189
1673778963 174
1673778963 123
1673778964 118
1673778964 137
1673778964 110
1673778965 110
1673778965 118
1673778965 176
1673778965 159
1673778965 139
1673778966 192
1673778966 180
1673778967 155
1673778967 165
1673778967 144
1673778967 175
1673778968 180
1673778968 195
1673778968 132
1673778969 142
1673778969 191
1673778969 103
1673778969 181
1673778969 125
1673778970 113
1673778970 105
1673778970 193
1673778970 131
1673778971 152
1673778971 126
1673778971 199
1673778972 186
1673778973 136
1673778974 173
1673778974 172
1673778975 113
1673778975 165
1673778976 129
1673778977 132
1673778977 198
1673778978 173
1673778978 144
1673778978 129
1673778979 177
1673778979 159
1673778979 134
1673778979 167
1673778980 147
1673778980 133
1673778981 160
1673778982 108
1673778982 101
1673778982 198
1673778982 188
1673778983 163
1673778983 137
1673778984 157
1673778984 113
1673778986 162
1673778986 167
1673778986 176
1673778987 104
1673778988 186
1673778989 157
1673778990 164
1673778991 140
1673778991 196
1673778991 119
1673778991 127
1673778993 184
1673778994 168
1673778994 198
1673778994 107
1673778994 169
1673778994 125
1673778995 182
1673778995 197
1673778996 163
1673778996 144
1673778997 126
1673778997 178
1673778997 188
1673778997 152
1673778997 106
1673778997 130
1673778998 175
1673778998 164
1673778998 152
1673778998 186
1673778999 108
1673778999 103
1673778999 153
1673778999 196
1673778999 122
1673779000 191
1673779000 169
1673779000 199
1673779000 142
1673779000 137
1673779001 158
1673779001 145
1673779001 151
1673779001 143
1673779002 196
1673779002 165
1673779002 166
1673779002 118
1673779002 136
1673779004 176
1673779005 141
1673779005 139
1673779005 156
1673779006 145
1673779006 179
1673779007 199
1673779007 117
1673779007 187
1673779007 157
1673779008 177
1673779009 158
1673779010 177
1673779011 120
1673779011 171
1673779011 112
1673779012 163
1673779012 160
1673779013 199
1673779013 107
1673779013 145
1673779013 141
1673779015 169
1673779016 198
1673779016 185
1673779017 197
1673779017 114
1673779018 108
1673779018 129
1673779019 143
1673779019 152
1673779019 200
1673779019 169
1673779019 191
1673779020 166
1673779020 114
1673779020 111
1673779020 160
1673779021 124
1673779021 147
1673779022 171
1673779022 152
1673779023 131
1673779023 107
1673779023 181
1673779023 143
1673779023 166
1673779024 200
1673779024 148
1673779025 176
1673779026 106
1673779026 174
1673779026 116
1673779026 106
1673779028 104
1673779028 173
1673779028 182
1673779028 130
1673779029 149
1673779029 137
1673779030 171
1673779030 138
1673779030 102
1673779030 107
1673779030 158
1673779031 130
1673779031 175
1673779031 191
1673779031 142
1673779031 146
1673779032 166
1673779032 179
1673779033 182
1673779033 154
1673779033 142
1673779033 170
1673779033 117
1673779034 171
1673779034 120
1673779034 179
1673779035 163
1673779035 178
1673779036 178
1673779036 121
1673779036 181
1673779037 155
1673779037 118
1673779037 112
1673779037 153
1673779038 113
1673779038 187
1673779039 171
1673779039 138
1673779040 145
1673779040 170
1673779040 158
1673779041 116
1673779041 169
1673779041 192
1673779043 135
1673779044 102
1673779045 179
1673779045 141
1673779045 196
1673779045 189
1673779046 179
1673779047 169
1673779047 133
1673779047 106
1673779047 197
1673779048 190
1673779048 131
1673779049 180
1673779049 150
1673779049 152
1673779050 187
1673779050 120
1673779050 106
1673779051 200
1673779052 167
1673779052 186
1673779052 189
1673779053 186
1673779053 139
1673779055 134
1673779055 190
1673779056 182
1673779056 124
1673779056 169
1673779056 157
1673779057 168
1673779057 120
1673779057 200
1673779057 194
1673779057 177
1673779057 103
1673779058 145
1673779058 183
1673779058 188
1673779058 134
1673779058 157
1673779059 148
1673779059 139
1673779059 183
1673779060 141
1673779060 126
1673779060 161
1673779062 200
1673779062 158
1673779062 116
1673779063 196
1673779063 146
1673779063 196
1673779064 184
1673779065 198
1673779065 182
1673779065 158
1673779065 165
1673779065 119
1673779066 105
1673779066 163
1673779067 121
1673779068 104
1673779069 144
1673779070 188
1673779070 194
1673779071 152
1673779071 170
1673779071 169
1673779073 144
1673779073 160
1673779074 172
1673779075 138
1673779076 144
1673779076 159
1673779076 123
1673779076 147
1673779077 190
1673779078 127
1673779079 191
1673779079 111
1673779079 125
1673779080 107
1673779080 115
1673779081 187
1673779082 192
1673779082 119
1673779083 189
1673779083 184
1673779084 110
1673779084 142
1673779084 170
1673779085 135
1673779085 190
1673779085 112
1673779085 199
1673779086 124
1673779086 185
1673779087 194
1673779088 121
1673779088 158
1673779090 154
1673779090 109
1673779091 167
1673779091 105
1673779091 102
1673779092 175
1673779092 124
1673779092 102
1673779092 111
1673779092 156
1673779093 134
1673779094 126
1673779094 122
1673779094 148
1673779095 189
1673779095 132
1673779095 146
1673779095 121
1673779096 165
1673779098 174
1673779098 127
1673779099 131
1673779099 182
1673779100 116
1673779100 153
1673779100 174
1673779101 152
1673779101 189
1673779102 103
1673779102 182
1673779102 193
1673779102 102
1673779103 191
1673779104 179
1673779104 168
1673779104 157
1673779105 115
1673779106 191
1673779106 120
1673779107 178
1673779107 154
1673779107 180
1673779107 169
1673779107 111
1673779108 147
1673779108 172
1673779108 157
1673779108 200
1673779109 110
1673779109 167
1673779109 119
1673779109 130
1673779110 147
1673779110 133
1673779111 156
1673779111 113
1673779111 175
1673779112 167
1673779112 168
1673779112 140
1673779113 157
1673779114 120
1673779114 127
1673779115 136
1673779115 173
1673779115 147
1673779115 146
1673779115 145
1673779115 196
1673779116 131
1673779117 158
1673779117 154
1673779117 195
1673779117 171
1673779117 187
1673779118 175
1673779118 183
1673779119 140
1673779119 187
1673779119 199
1673779119 175
1673779119 184
1673779119 158
1673779120 111
1673779120 193
1673779120 140
1673779120 143
1673779120 131
1673779121 163
1673779121 170
1673779121 145
1673779121 114
1673779121 137
1673779122 182
1673779122 107
1673779123 165
1673779123 147
1673779124 158
1673779125 160
1673779126 153
1673779126 147
1673779127 155
1673779128 143
1673779128 167
1673779128 155
1673779129 141
1673779129 119
1673779129 176
1673779129 199
1673779129 104
1673779129 106
1673779129 115
1673779129 139
1673779130 186
1673779130 148
1673779130 142
1673779131 182
1673779132 152
1673779132 116
1673779133 144
1673779133 136
1673779133 138
1673779133 140
1673779133 150
1673779134 127
1673779134 102
1673779135 143
1673779135 192
1673779135 175
1673779135 200
1673779136 168
1673779137 155
1673779138 120
1673779138 197
1673779138 199
1673779139 156
1673779140 169
1673779140 114
1673779141 146
1673779142 142
1673779142 166
1673779142 123
1673779142 136
1673779142 104
1673779143 187
1673779144 111
1673779146 103
1673779147 128
1673779147 176
1673779147 165
1673779147 188
1673779147 198
1673779148 144
1673779148 162
1673779150 183
1673779151 176
1673779151 190
1673779152 194
1673779152 110
1673779153 147
1673779154 129
1673779154 123
1673779154 133
1673779154 164
1673779155 130
1673779155 166
1673779155 109
1673779156 156
1673779156 191
1673779157 182
1673779157 176
1673779157 173
1673779158 105
1673779158 104
1673779159 102
1673779159 109
1673779159 156
1673779160 153
1673779161 172
1673779161 106
1673779161 193
1673779163 186
1673779163 152
1673779164 175
1673779165 157
1673779165 183
1673779165 185
1673779165 168
1673779165 136
1673779165 109
1673779166 187
1673779166 155
1673779167 147
1673779167 136
1673779168 194
1673779168 188
1673779168 106
1673779168 105
1673779168 200
1673779169 183
1673779169 108
1673779169 192
1673779170 106
1673779170 195
1673779171 120
1673779171 164
1673779171 106
1673779172 130
1673779172 109
1673779172 187
1673779172 194
1673779173 176
1673779173 159
1673779174 129
1673779174 197
1673779174 165
1673779174 170
1673779174 179
1673779175 138
1673779176 163
1673779176 177
1673779176 179
1673779176 154
1673779176 186
1673779177 161
1673779177 161
1673779177 113
1673779178 181
1673779178 188
1673779178 118
1673779178 177
1673779178 113
1673779178 177
1673779179 189
1673779180 160
1673779180 135
1673779180 126
1673779180 157
1673779180 195
1673779180 155
1673779180 200
1673779181 163
1673779181 173
1673779182 128
1673779182 169
1673779183 152
1673779184 154
1673779185 137
1673779185 197
1673779185 106
1673779185 102
1673779185 122
1673779186 164
1673779187 164
1673779188 108
1673779188 181
1673779188 199
1673779188 147
1673779188 152
1673779189 165
1673779189 128
1673779190 182
1673779190 193
1673779190 114
1673779190 145
1673779191 162
1673779191 170
1673779191 117
1673779192 116
1673779192 119
1673779193 168
1673779194 181
1673779194 142
1673779194 193
1673779194 189
1673779195 197
1673779195 123
1673779196 159
1673779196 147
1673779196 167
1673779196 118
1673779196 181
1673779196 125
1673779196 167
1673779197 121
1673779197 108
1673779197 131
1673779198 178
1673779198 155
1673779199 188
1673779199 192
1673779199 192
1673779200 125
1673779200 169
1673779200 104
1673779201 111
1673779201 126
1673779201 158
1673779201 129
1673779201 190
1673779202 149
1673779202 129
1673779202 171
1673779202 192
1673779203 157
1673779203 195
1673779203 145
1673779203 179
1673779204 190
1673779205 104
1673779205 146
1673779206 151
1673779206 195
1673779206 111
1673779206 135
1673779206 189
1673779206 107
1673779207 154
1673779207 199
1673779207 130
1673779207 172
1673779208 178
1673779208 164
1673779210 182
1673779210 171
1673779210 149
1673779210 170
1673779211 158
1673779211 191
1673779212 161
1673779212 198
1673779212 104
1673779212 162
1673779213 109
1673779214 106
1673779214 192
1673779214 197
1673779214 157
1673779214 146
1673779215 103
1673779215 166
1673779216 177
1673779216 155
1673779216 191
1673779216 177
1673779217 129
1673779217 127
1673779218 118
1673779219 200
1673779219 130
1673779219 177
1673779219 182
1673779219 126
1673779219 168
1673779219 173
1673779220 115
1673779220 120
1673779220 109
1673779220 144
1673779221 166
1673779221 107
1673779221 168
1673779221 115
1673779221 179
1673779222 196
1673779222 169
1673779223 161
1673779224 131
1673779225 111
1673779225 184
1673779225 151
1673779226 102
1673779226 179
1673779227 165
1673779227 185
1673779228 135
1673779228 103
1673779229 164
1673779229 169
1673779229 154
1673779230 187
1673779230 124
1673779231 175
1673779231 150
1673779231 130
1673779231 163
1673779232 116
1673779233 109
1673779233 158
1673779234 141
1673779234 165
1673779235 107
1673779235 169
1673779235 167
1673779235 143
1673779236 124
1673779236 159
1673779236 160
1673779237 142
1673779237 162
1673779237 126
1673779238 144
1673779239 131
1673779240 179
1673779240 107
1673779240 133
1673779241 143
1673779242 151
1673779242 123
1673779242 136
1673779243 187
1673779243 125
1673779244 175
1673779244 127
1673779244 120
1673779244 122
1673779247 107
1673779247 152
1673779247 191
1673779247 158
1673779247 186
1673779247 145
1673779248 142
1673779248 173
1673779248 144
1673779249 144
1673779249 134
1673779249 183
1673779249 179
1673779249 117
1673779250 133
1673779250 176
1673779250 129
1673779250 157
1673779250 119
1673779251 175
1673779251 177
1673779251 152
1673779251 198
1673779252 144
1673779253 148
1673779253 168
1673779253 138
1673779253 156
1673779254 101
1673779255 177
1673779255 199
1673779255 198
1673779257 197
1673779257 180
1673779257 124
1673779258 193
1673779259 194
1673779259 177
1673779259 194
1673779260 181
1673779260 175
1673779261 179
1673779262 139
1673779262 129
1673779262 124
1673779263 144
1673779263 128
1673779263 197
1673779263 168
1673779264 196
1673779265 160
1673779265 182
1673779265 188
1673779265 198
1673779266 182
1673779266 157
1673779266 171
1673779267 112
1673779267 166
1673779268 184
1673779268 172
1673779268 167
1673779268 164
1673779270 196
1673779271 126
1673779271 151
1673779271 136
1673779272 146
1673779273 155
1673779273 188
1673779274 193
1673779274 110
1673779274 157
1673779274 101
1673779275 136
1673779275 157
1673779276 132
1673779276 175
1673779277 149
1673779277 140
1673779278 164
1673779278 131
1673779278 153
1673779279 102
1673779279 105
1673779279 134
1673779279 127
1673779279 174
1673779279 104
1673779281 135
1673779281 181
1673779282 191
1673779282 164
1673779282 184
1673779282 198
1673779282 108
1673779283 144
1673779283 162
1673779283 127
1673779283 157
1673779283 184
1673779284 142
1673779284 198
1673779284 200
1673779284 166
1673779284 125
1673779284 104
1673779284 170
1673779284 128
1673779284 162
1673779285 193
1673779286 142
1673779286 122
1673779286 158
1673779286 189
1673779287 154
1673779288 156
1673779288 162
1673779289 107
1673779289 161
1673779289 165
1673779290 137
