1673776804 188
1673776806 104
1673776807 138
1673776807 146
1673776807 143
1673776807 153
1673776809 193
1673776809 154
1673776810 183
1673776812 110
1673776813 189
1673776813 139
1673776813 192
1673776814 147
1673776817 142
1673776818 150
1673776818 135
1673776821 169
1673776821 117
1673776821 155
1673776822 180
1673776824 192
1673776824 178
1673776826 178
1673776826 181
1673776826 137
1673776827 148
1673776827 195
1673776829 169
1673776829 119
1673776829 168
1673776829 154
1673776830 199
1673776831 123
1673776832 165
1673776833 190
1673776834 132
1673776834 159
1673776835 174
1673776836 177
1673776838 156
1673776838 110
1673776841 167
1673776848 144
1673776849 139
1673776852 114
1673776856 145
1673776856 173
1673776857 137
1673776858 182
1673776858 140
1673776858 133
1673776859 164
1673776859 108
1673776860 147
1673776860 124
1673776860 199
1673776861 163
1673776861 139
1673776861 104
1673776861 199
1673776861 182
1673776862 176
1673776866 181
1673776866 173
1673776867 128
1673776867 132
1673776867 103
1673776871 140
1673776872 106
1673776872 127
1673776872 141
1673776873 177
1673776874 108
1673776875 189
1673776876 135
1673776876 168
1673776878 169
1673776879 180
1673776880 190
1673776880 173
1673776881 107
1673776882 119
1673776882 152
1673776883 147
1673776885 183
1673776887 180
1673776888 186
1673776888 196
1673776889 153
1673776889 155
1673776889 127
1673776890 171
1673776892 195
1673776894 108
1673776895 142
1673776895 125
1673776895 117
1673776896 118
1673776896 132
1673776897 195
1673776898 147
1673776898 183
1673776899 150
1673776900 143
1673776900 113
1673776900 199
1673776901 128
1673776901 191
1673776901 109
1673776903 152
1673776904 153
1673776904 166
1673776907 150
1673776907 150
1673776907 156
1673776907 161
1673776917 136
1673776917 120
1673776920 160
1673776920 184
1673776920 134
1673776921 168
1673776922 104
1673776923 179
1673776923 121
1673776923 108
1673776924 177
1673776924 189
1673776925 185
1673776925 199
1673776925 181
1673776926 138
1673776926 190
1673776927 177
1673776928 109
1673776928 171
1673776929 142
1673776929 122
1673776930 186
1673776930 167
1673776930 151
1673776930 134
1673776931 127
1673776931 188
1673776931 102
1673776932 102
1673776933 102
1673776933 106
1673776933 157
1673776934 135
1673776934 108
1673776935 126
1673776935 200
1673776935 144
1673776935 185
1673776936 162
1673776936 108
1673776936 177
1673776936 182
1673776936 150
1673776937 122
1673776937 195
1673776938 175
1673776938 115
1673776938 126
1673776938 178
1673776938 102
1673776939 129
1673776940 117
1673776940 137
1673776940 179
1673776941 166
1673776942 148
1673776942 134
1673776943 169
1673776943 130
1673776943 167
1673776944 109
1673776944 175
1673776944 142
1673776945 189
1673776946 104
1673776947 120
1673776948 160
1673776949 179
1673776949 180
1673776949 144
1673776949 131
1673776950 121
1673776951 143
1673776951 102
1673776951 161
1673776951 128
1673776951 193
1673776952 138
1673776952 147
1673776953 168
1673776953 192
1673776953 130
1673776954 101
1673776954 194
1673776955 169
1673776955 157
1673776955 166
1673776959 105
1673776959 181
1673776959 175
1673776960 120
1673776960 183
1673776960 186
1673776960 135
1673776961 149
1673776961 192
1673776961 149
1673776961 132
1673776961 146
1673776961 126
1673776961 186
1673776962 103
1673776962 119
1673776962 124
1673776963 154
1673776964 185
1673776964 104
1673776964 109
1673776964 149
1673776965 172
1673776965 194
1673776965 177
1673776966 182
1673776966 159
1673776966 110
1673776967 143
1673776967 183
1673776967 179
1673776968 188
1673776968 113
1673776969 179
1673776970 171
1673776970 173
1673776970 101
1673776970 200
1673776971 138
1673776971 180
1673776971 108
1673776972 129
1673776972 112
1673776972 128
1673776972 109
1673776972 112
1673776972 141
1673776973 133
1673776974 119
1673776974 179
1673776974 168
1673776974 123
1673776975 198
1673776975 171
1673776975 112
1673776975 150
1673776975 147
1673776976 110
1673776976 103
1673776976 125
1673776977 186
1673776977 151
1673776977 183
1673776978 110
1673776978 193
1673776978 170
1673776978 157
1673776978 143
1673776978 173
1673776978 140
1673776979 111
1673776979 186
1673776980 133
1673776980 136
1673776980 110
1673776981 115
1673776981 106
1673776981 112
1673776981 160
1673776982 182
1673776982 165
1673776982 191
1673776983 181
1673776983 148
1673776985 104
1673776985 152
1673776986 155
1673776987 124
1673776988 181
1673776988 137
1673776989 146
1673776989 183
1673776992 146
1673776993 109
1673776993 199
1673776996 192
1673776998 102
1673776998 185
1673776998 115
1673776999 120
1673776999 176
1673776999 126
1673777000 184
1673777002 102
1673777002 126
1673777003 188
1673777003 148
1673777003 102
1673777004 158
1673777004 119
1673777004 129
1673777004 188
1673777006 114
1673777007 146
1673777008 105
1673777009 193
1673777009 154
1673777009 131
1673777009 169
1673777009 192
1673777010 124
1673777011 190
1673777012 118
1673777013 137
1673777014 132
1673777014 182
1673777015 120
1673777015 104
1673777016 135
1673777016 108
1673777016 159
1673777016 146
1673777017 101
1673777017 153
1673777017 107
1673777017 104
1673777019 163
1673777019 158
1673777023 117
1673777024 110
1673777025 136
1673777025 129
1673777025 160
1673777026 127
1673777026 113
1673777027 118
1673777027 103
1673777028 180
1673777028 167
1673777028 111
1673777028 152
1673777028 180
1673777029 153
1673777029 198
1673777029 121
1673777029 196
1673777029 129
1673777029 143
1673777030 133
1673777031 186
1673777031 195
1673777031 182
1673777031 137
1673777031 107
1673777032 141
1673777033 186
1673777033 143
1673777034 111
1673777034 151
1673777035 122
1673777035 117
1673777035 104
1673777035 102
1673777036 159
1673777036 128
1673777036 127
1673777036 169
1673777037 200
1673777037 132
1673777037 113
1673777037 115
1673777037 187
1673777038 167
1673777038 130
1673777038 144
1673777039 199
1673777039 101
1673777040 175
1673777040 113
1673777040 104
1673777041 149
1673777041 121
1673777041 150
1673777041 119
1673777042 154
1673777042 154
1673777042 112
1673777042 110
1673777042 129
1673777043 122
1673777043 145
1673777044 114
1673777044 150
1673777045 123
1673777045 122
1673777046 167
1673777046 108
1673777046 144
1673777046 160
1673777047 157
1673777047 120
1673777047 184
1673777047 179
1673777048 124
1673777048 108
1673777048 151
1673777048 140
1673777049 145
1673777049 161
1673777049 183
1673777050 174
1673777050 157
1673777050 193
1673777051 146
1673777051 134
1673777051 189
1673777051 132
1673777052 131
1673777052 141
1673777052 134
1673777052 178
1673777052 127
1673777052 177
1673777052 161
1673777053 105
1673777053 157
1673777053 113
1673777054 155
1673777055 173
1673777056 182
1673777056 112
1673777056 135
1673777056 128
1673777057 188
1673777057 144
1673777057 163
1673777057 108
1673777058 178
1673777058 125
1673777058 143
1673777059 200
1673777059 114
1673777060 194
1673777060 120
1673777060 127
1673777060 125
1673777060 129
1673777061 146
1673777061 128
1673777061 153
1673777061 112
1673777061 157
1673777062 160
1673777063 197
1673777063 167
1673777063 126
1673777063 137
1673777063 117
1673777064 162
1673777064 139
1673777064 147
1673777064 154
1673777064 139
1673777065 110
1673777065 184
1673777065 183
1673777065 186
1673777066 127
1673777066 131
1673777066 144
1673777067 144
1673777067 185
1673777067 174
1673777067 104
1673777068 170
1673777069 145
1673777069 195
1673777069 141
1673777069 186
1673777070 111
1673777070 172
1673777070 173
1673777071 198
1673777071 142
1673777071 114
1673777071 130
1673777071 140
1673777071 125
1673777072 109
1673777072 197
1673777072 117
1673777073 163
1673777073 187
1673777074 130
1673777074 163
1673777075 199
1673777075 121
1673777075 177
1673777076 169
1673777076 106
1673777077 177
1673777077 184
1673777077 180
1673777077 125
1673777077 157
1673777077 153
1673777078 119
1673777078 195
1673777078 193
1673777078 113
1673777078 107
1673777078 177
1673777079 109
1673777079 189
1673777079 129
1673777079 161
1673777079 113
1673777080 141
1673777080 145
1673777081 174
1673777081 113
1673777081 159
1673777082 160
1673777082 191
1673777082 118
1673777083 129
1673777083 141
1673777084 180
1673777084 148
1673777084 129
1673777084 163
1673777084 166
1673777084 119
1673777085 129
1673777085 160
1673777086 199
1673777086 101
1673777087 119
1673777087 124
1673777087 129
1673777088 128
1673777088 150
1673777089 176
1673777089 197
1673777090 158
1673777092 148
1673777092 113
1673777092 177
1673777093 157
1673777093 173
1673777093 200
1673777093 101
1673777093 151
1673777093 136
1673777093 154
1673777093 143
1673777094 136
1673777094 129
1673777094 170
1673777095 178
1673777095 126
1673777095 159
1673777095 185
1673777096 158
1673777096 164
1673777096 107
1673777096 101
1673777096 107
1673777097 132
1673777097 104
1673777097 183
1673777097 107
1673777098 156
1673777098 185
1673777098 169
1673777098 110
1673777099 108
1673777099 182
1673777099 196
1673777100 156
1673777100 138
1673777100 197
1673777100 189
1673777100 112
1673777100 102
1673777100 149
1673777101 152
1673777101 155
1673777101 196
1673777101 175
1673777102 116
1673777102 145
1673777103 108
1673777103 186
1673777103 116
1673777104 196
1673777104 178
1673777104 123
1673777104 162
1673777104 199
1673777105 137
1673777105 113
1673777106 163
1673777106 178
1673777106 116
1673777106 110
1673777106 156
1673777107 148
1673777107 158
1673777108 184
1673777108 169
1673777108 184
1673777108 127
1673777108 184
1673777109 115
1673777109 183
1673777109 137
1673777109 108
1673777109 165
1673777110 171
1673777110 144
1673777111 128
1673777111 132
1673777111 164
1673777111 131
1673777111 112
1673777111 156
1673777111 185
1673777112 102
1673777113 142
1673777113 124
1673777114 141
1673777114 101
1673777115 139
1673777115 150
1673777115 150
1673777116 134
1673777116 135
1673777117 153
1673777117 123
1673777117 174
1673777117 133
1673777118 105
1673777119 111
1673777119 149
1673777120 149
1673777120 101
1673777121 160
1673777121 136
1673777121 152
1673777122 120
1673777123 137
1673777123 115
1673777123 148
1673777123 149
1673777123 175
1673777123 132
1673777124 146
1673777124 177
1673777124 159
1673777124 166
1673777125 168
1673777125 195
1673777125 114
1673777125 186
1673777126 149
1673777127 172
1673777127 195
1673777127 109
1673777127 190
1673777127 120
1673777128 163
1673777128 198
1673777128 137
1673777128 147
1673777130 164
1673777131 105
1673777131 121
1673777131 101
1673777132 136
1673777132 156
1673777133 146
1673777134 114
1673777134 179
1673777134 156
1673777134 157
1673777135 180
1673777136 115
1673777136 157
1673777136 158
1673777136 105
1673777136 129
1673777136 154
1673777137 108
1673777137 177
1673777137 113
1673777138 198
1673777138 194
1673777138 125
1673777138 166
1673777138 135
1673777139 175
1673777140 182
1673777140 117
1673777140 167
1673777141 142
1673777142 131
1673777143 177
1673777143 183
1673777144 186
1673777144 156
1673777144 175
1673777144 184
1673777145 196
1673777145 125
1673777147 196
1673777147 140
1673777147 179
1673777147 179
1673777147 193
1673777148 156
1673777148 144
1673777148 192
1673777149 103
1673777149 155
1673777149 132
1673777149 200
1673777149 187
1673777149 120
1673777149 195
1673777150 173
1673777150 178
1673777150 190
1673777150 190
1673777150 109
1673777151 132
1673777151 134
1673777151 178
1673777152 122
1673777152 129
1673777152 145
1673777152 103
1673777152 165
1673777153 112
1673777153 123
1673777154 172
1673777154 188
1673777154 119
1673777154 152
1673777155 142
1673777156 124
1673777157 135
1673777157 158
1673777157 193
1673777158 196
1673777158 107
1673777159 178
1673777159 118
1673777159 136
1673777159 143
1673777160 147
1673777160 168
1673777160 148
1673777160 149
1673777161 107
1673777161 122
1673777161 167
1673777161 184
1673777161 115
1673777162 152
1673777162 103
1673777163 165
1673777163 135
1673777164 199
1673777164 148
1673777165 142
1673777165 173
1673777166 156
1673777166 140
1673777166 183
1673777166 154
1673777167 165
1673777167 189
1673777167 136
1673777168 116
1673777168 102
1673777168 171
1673777168 146
1673777168 133
1673777169 128
1673777169 173
1673777170 105
1673777170 186
1673777170 195
1673777171 146
1673777171 109
1673777172 147
1673777172 121
1673777172 137
1673777173 131
1673777173 156
1673777173 172
1673777173 195
1673777174 152
1673777174 102
1673777174 101
1673777175 118
1673777175 141
1673777175 151
1673777177 187
1673777177 191
1673777177 106
1673777178 136
1673777178 167
1673777178 110
1673777178 128
1673777178 109
1673777179 186
1673777179 139
1673777179 197
1673777180 184
1673777180 197
1673777181 142
1673777181 199
1673777181 190
1673777182 190
1673777182 190
1673777182 126
1673777182 128
1673777183 101
1673777183 105
1673777184 103
1673777184 181
1673777184 162
1673777184 181
1673777184 188
1673777185 122
1673777185 141
1673777185 157
1673777185 137
1673777186 134
1673777186 136
1673777186 191
1673777186 160
1673777186 149
1673777187 144
1673777187 199
1673777187 170
1673777187 163
1673777188 144
1673777188 197
1673777188 172
1673777188 167
1673777188 158
1673777189 172
1673777189 144
1673777189 107
1673777190 163
1673777190 167
1673777191 187
1673777191 144
1673777192 135
1673777192 177
1673777192 144
1673777193 196
1673777194 193
1673777194 168
1673777194 175
1673777194 116
1673777194 139
1673777194 162
1673777194 185
1673777195 141
1673777195 101
1673777196 150
1673777196 119
1673777196 187
1673777196 135
1673777196 168
1673777196 120
1673777197 168
1673777197 146
1673777197 196
1673777197 144
1673777198 159
1673777198 177
1673777198 176
1673777199 168
1673777199 179
1673777199 199
1673777199 129
1673777199 197
1673777200 117
1673777201 123
1673777201 167
1673777202 192
1673777202 177
1673777202 110
1673777203 121
1673777203 191
1673777203 134
1673777203 190
1673777203 190
1673777204 189
1673777204 187
1673777204 106
1673777204 108
1673777204 143
1673777205 179
1673777206 195
1673777206 184
1673777206 161
1673777207 153
1673777207 126
1673777209 153
1673777209 196
1673777210 139
1673777210 150
1673777210 111
1673777210 191
1673777210 128
1673777211 117
1673777211 184
1673777211 136
1673777211 195
1673777211 173
1673777212 152
1673777212 107
1673777212 134
1673777213 144
1673777213 189
1673777214 163
1673777214 195
1673777215 130
1673777215 148
1673777216 151
1673777216 109
1673777216 193
1673777216 174
1673777217 128
1673777218 149
1673777218 111
1673777218 180
1673777219 117
1673777219 167
1673777221 129
1673777221 156
1673777222 176
1673777222 177
1673777222 200
1673777222 165
1673777222 143
1673777224 111
1673777225 163
1673777225 109
1673777227 143
1673777228 180
1673777228 188
1673777229 127
1673777230 102
1673777233 173
1673777233 103
1673777233 119
1673777233 140
1673777234 189
1673777234 134
1673777236 141
1673777236 178
1673777236 139
1673777236 111
1673777237 128
1673777237 194
1673777238 130
1673777239 146
1673777239 142
1673777239 194
1673777239 162
1673777239 146
1673777240 110
1673777240 189
1673777240 161
1673777241 200
1673777241 185
1673777241 153
1673777242 181
1673777243 151
1673777244 109
1673777244 188
1673777244 140
1673777244 126
1673777244 109
1673777247 172
1673777247 198
1673777248 105
1673777248 137
1673777249 187
1673777249 121
1673777249 200
1673777249 156
1673777250 144
1673777250 166
1673777250 199
1673777250 191
1673777251 112
1673777251 112
1673777251 186
1673777251 190
1673777251 109
1673777251 108
1673777252 126
1673777253 124
1673777253 107
1673777253 126
1673777254 175
1673777255 180
1673777255 177
1673777255 198
1673777255 167
1673777256 113
1673777256 137
1673777256 112
1673777257 123
1673777258 142
1673777258 109
1673777258 135
1673777259 178
1673777259 136
1673777259 163
1673777259 162
1673777259 177
1673777260 120
1673777260 112
1673777260 127
1673777261 145
1673777261 162
1673777261 179
1673777261 138
1673777262 158
1673777262 102
1673777262 104
1673777262 200
1673777262 170
1673777263 126
1673777263 170
1673777263 106
1673777264 131
1673777264 178
1673777264 102
1673777265 196
1673777265 197
1673777265 144
1673777265 158
1673777265 113
1673777266 104
1673777266 173
1673777267 129
1673777267 151
1673777267 124
1673777267 170
1673777267 104
1673777268 140
1673777268 111
1673777269 117
1673777269 108
1673777269 155
1673777269 113
1673777270 189
1673777270 198
1673777270 197
1673777271 180
1673777271 184
1673777271 160
1673777272 195
1673777272 114
1673777272 152
1673777272 120
1673777273 142
1673777273 171
1673777273 146
1673777274 110
1673777274 177
1673777275 144
1673777275 195
1673777275 142
1673777275 125
1673777276 119
1673777276 178
1673777277 199
1673777277 162
1673777277 178
1673777277 149
1673777278 185
1673777278 156
1673777279 143
1673777279 145
1673777279 148
1673777279 199
1673777279 155
1673777279 190
1673777280 165
1673777280 162
1673777281 145
1673777281 145
1673777282 102
1673777282 101
1673777282 167
1673777282 137
1673777283 197
1673777283 198
1673777284 116
1673777286 192
1673777286 133
1673777286 167
1673777287 179
1673777287 172
1673777287 148
1673777288 159
1673777288 184
1673777288 170
1673777288 106
1673777288 125
1673777289 124
1673777290 120
1673777290 145
1673777290 199
1673777290 135
1673777290 158
1673777291 167
1673777291 173
1673777291 193
1673777291 101
1673777291 146
1673777292 158
1673777292 188
1673777292 114
1673777292 179
1673777293 138
1673777293 186
1673777293 135
1673777294 167
1673777295 143
1673777295 123
1673777295 138
1673777295 172
1673777295 187
1673777296 190
1673777297 158
1673777297 121
1673777298 164
1673777298 103
1673777298 185
1673777299 130
1673777301 120
1673777301 123
1673777302 131
1673777302 156
1673777302 124
1673777303 105
1673777304 185
1673777304 166
1673777304 114
1673777304 164
1673777305 136
1673777305 128
1673777306 199
1673777307 158
1673777308 196
1673777308 179
1673777309 184
1673777309 112
1673777310 113
1673777310 183
1673777310 156
1673777310 120
1673777311 182
1673777311 130
1673777311 117
1673777311 181
1673777311 196
1673777311 153
1673777312 160
1673777312 171
1673777312 193
1673777314 122
1673777314 121
1673777315 196
1673777316 197
1673777316 122
1673777316 112
1673777317 115
1673777317 176
1673777317 119
1673777318 133
1673777318 107
1673777318 105
1673777319 178
1673777319 162
1673777320 132
1673777320 187
1673777320 127
1673777320 119
1673777321 104
1673777321 189
1673777321 113
1673777322 178
1673777322 134
1673777322 179
1673777323 143
1673777323 149
1673777323 133
1673777323 198
1673777324 146
1673777325 150
1673777325 104
1673777325 130
1673777325 197
1673777326 189
1673777326 191
1673777326 154
1673777326 134
1673777326 161
1673777327 102
1673777327 120
1673777327 183
1673777327 181
1673777327 111
1673777328 102
1673777328 155
1673777329 101
1673777329 110
1673777329 176
1673777330 106
1673777330 129
1673777330 106
1673777330 192
1673777331 122
1673777331 190
1673777331 196
1673777331 113
1673777332 197
1673777333 200
1673777333 113
1673777334 140
1673777334 107
1673777334 143
1673777334 104
1673777334 145
1673777335 132
1673777335 104
1673777335 163
1673777335 194
1673777335 175
1673777336 164
1673777336 161
1673777337 196
1673777337 140
1673777337 159
1673777337 123
1673777337 167
1673777338 128
1673777338 157
1673777338 126
1673777338 136
1673777338 148
1673777338 184
1673777339 102
1673777339 137
1673777339 139
1673777339 199
1673777339 117
1673777341 178
1673777341 102
1673777341 185
1673777341 112
1673777343 200
1673777344 166
1673777344 121
1673777345 114
1673777345 192
1673777347 116
1673777347 199
1673777348 132
1673777348 153
1673777360 199
1673777360 164
1673777360 175
1673777361 190
1673777362 167
1673777362 146
1673777362 138
1673777363 101
1673777363 114
1673777363 185
1673777364 124
1673777364 172
1673777364 175
1673777364 136
1673777366 108
1673777366 123
1673777366 127
1673777366 200
1673777366 185
1673777367 163
1673777367 159
1673777367 196
1673777368 197
1673777368 179
1673777368 127
1673777369 163
1673777370 181
1673777370 105
1673777370 188
1673777371 157
1673777371 175
1673777371 120
1673777372 196
1673777372 131
1673777373 194
1673777373 117
1673777373 111
1673777373 156
1673777373 149
1673777374 146
1673777374 153
1673777375 106
1673777375 190
1673777375 146
1673777375 139
1673777376 123
1673777376 135
1673777377 103
1673777377 177
1673777377 107
1673777378 193
1673777378 181
1673777379 154
1673777379 183
1673777379 193
1673777380 105
1673777381 129
1673777381 130
1673777382 175
1673777382 130
1673777383 136
1673777383 182
1673777383 191
1673777383 123
1673777384 198
1673777385 119
1673777385 179
1673777386 167
1673777386 159
1673777386 169
1673777386 109
1673777387 108
1673777388 191
1673777388 151
1673777388 179
1673777388 133
1673777388 162
1673777389 102
1673777389 155
1673777389 119
1673777389 117
1673777389 127
1673777390 129
1673777390 168
1673777390 193
1673777390 186
1673777391 183
1673777391 181
1673777392 143
1673777392 130
1673777393 184
1673777393 122
1673777394 141
1673777394 125
1673777394 198
1673777395 144
1673777395 131
1673777395 186
1673777395 144
1673777395 128
1673777395 106
1673777396 129
1673777396 189
1673777396 187
1673777397 139
1673777397 105
1673777397 196
1673777398 153
1673777398 173
1673777399 141
1673777400 136
1673777400 142
1673777400 141
1673777401 131
1673777401 130
1673777401 195
1673777401 130
1673777401 148
1673777401 104
1673777401 128
1673777402 160
1673777403 174
1673777403 142
1673777404 185
1673777404 161
1673777404 131
1673777405 161
1673777405 144
1673777405 180
1673777405 107
1673777405 140
1673777405 162
1673777407 159
1673777408 175
1673777410 141
1673777410 179
1673777411 178
1673777411 146
1673777411 101
1673777412 163
1673777412 200
1673777412 139
1673777413 122
1673777413 128
1673777413 157
1673777413 139
1673777413 111
1673777414 142
1673777414 173
1673777414 132
1673777414 113
1673777415 192
1673777415 171
1673777415 156
1673777416 187
1673777416 162
1673777416 145
1673777416 181
1673777417 108
1673777417 119
1673777417 135
1673777417 160
1673777417 136
1673777418 135
1673777419 182
1673777419 118
1673777420 177
1673777420 147
1673777420 128
1673777420 188
1673777420 162
1673777421 138
1673777421 125
1673777421 160
1673777421 176
1673777422 169
1673777422 184
1673777422 159
1673777423 178
1673777423 177
1673777423 155
1673777424 130
1673777424 112
1673777424 196
1673777425 152
1673777425 160
1673777425 169
1673777425 125
1673777425 150
1673777425 184
1673777425 101
1673777425 167
1673777426 147
1673777426 195
1673777426 104
1673777427 117
1673777428 132
1673777428 128
1673777428 199
1673777429 124
1673777429 154
1673777430 126
1673777430 188
1673777430 150
1673777431 141
1673777432 195
1673777432 188
1673777432 176
1673777433 174
1673777433 196
1673777433 183
1673777433 103
1673777434 195
1673777435 118
1673777435 122
1673777435 164
1673777436 188
1673777437 125
1673777437 184
1673777437 193
1673777437 149
1673777438 132
1673777438 129
1673777438 115
1673777438 118
1673777438 109
1673777438 105
1673777439 182
1673777439 112
1673777439 179
1673777439 195
1673777440 103
1673777440 138
1673777440 156
1673777440 115
1673777441 188
1673777442 141
1673777442 151
1673777444 169
1673777444 142
1673777444 172
1673777444 190
1673777445 148
1673777445 142
1673777446 118
1673777446 114
1673777446 150
1673777447 186
1673777447 107
1673777447 117
1673777447 139
1673777447 166
1673777447 107
1673777447 181
1673777448 144
1673777448 102
1673777448 142
1673777449 175
1673777450 172
1673777450 130
1673777450 111
1673777450 117
1673777450 146
1673777450 124
1673777450 110
1673777451 121
1673777451 184
1673777452 184
1673777452 120
1673777452 173
1673777452 150
1673777452 155
1673777453 148
1673777453 113
1673777454 101
1673777454 127
1673777454 127
1673777454 184
1673777454 183
1673777455 167
1673777455 179
1673777455 185
1673777455 122
1673777455 128
1673777456 150
1673777456 166
1673777456 157
1673777457 164
1673777457 143
1673777457 164
1673777457 173
1673777457 193
1673777457 105
1673777458 161
1673777458 126
1673777458 141
1673777458 148
1673777458 135
1673777458 142
1673777458 115
1673777459 120
1673777459 102
1673777460 106
1673777460 133
1673777460 177
1673777461 126
1673777461 171
1673777461 200
1673777461 138
1673777461 187
1673777462 191
1673777462 119
1673777462 172
1673777463 139
1673777463 160
1673777464 138
1673777465 120
1673777465 117
1673777465 159
1673777465 176
1673777465 108
1673777465 155
1673777465 167
1673777466 170
1673777466 165
1673777466 184
1673777466 108
1673777467 136
1673777467 169
1673777467 195
1673777467 174
1673777468 176
1673777468 104
1673777470 189
1673777470 103
1673777470 109
1673777471 155
1673777472 168
1673777472 131
1673777472 148
1673777473 142
1673777473 116
1673777474 136
1673777474 173
1673777474 180
1673777474 117
1673777474 166
1673777475 105
1673777475 181
1673777477 147
1673777477 104
1673777477 160
1673777478 126
1673777478 152
1673777478 198
1673777478 193
1673777478 171
1673777479 112
1673777479 118
1673777479 165
1673777479 139
1673777479 170
1673777479 123
1673777480 186
1673777480 141
1673777481 189
1673777482 178
1673777482 180
1673777482 143
1673777483 143
1673777483 108
1673777483 167
1673777483 199
1673777484 113
1673777484 138
1673777484 120
1673777485 139
1673777485 128
1673777486 158
1673777486 127
1673777486 104
1673777486 136
1673777486 182
1673777486 160
1673777487 199
1673777487 124
1673777487 112
1673777487 171
1673777487 140
1673777488 156
1673777488 166
1673777488 127
1673777489 106
1673777489 150
1673777489 102
1673777489 177
1673777489 173
1673777490 154
1673777490 191
1673777490 192
1673777491 140
1673777491 154
1673777491 145
1673777491 145
1673777492 132
1673777492 170
1673777492 196
1673777492 181
1673777492 107
1673777492 153
1673777493 182
1673777493 165
1673777493 200
1673777493 180
1673777493 139
1673777494 102
1673777494 109
1673777496 108
1673777496 102
1673777496 124
1673777497 127
1673777498 163
1673777498 191
1673777498 144
1673777499 176
1673777499 116
1673777499 154
1673777500 128
1673777500 153
1673777500 159
1673777501 161
1673777501 136
1673777502 181
1673777502 112
1673777503 163
1673777504 125
1673777504 153
1673777504 183
1673777504 109
1673777505 153
1673777506 107
1673777506 108
1673777506 161
1673777506 114
1673777507 163
1673777507 161
1673777507 120
1673777508 196
1673777508 145
1673777508 192
1673777508 106
1673777509 159
1673777509 134
1673777510 126
1673777510 135
1673777510 131
1673777511 177
1673777512 175
1673777512 174
1673777512 190
1673777512 113
1673777512 147
1673777513 123
1673777513 143
1673777513 172
1673777514 155
1673777515 184
1673777515 173
1673777515 200
1673777515 106
1673777516 122
1673777517 155
1673777517 132
1673777517 122
1673777517 129
1673777518 134
1673777518 177
1673777519 190
1673777519 115
1673777519 146
1673777519 133
1673777519 174
1673777520 105
1673777520 146
1673777520 142
1673777520 178
1673777521 168
1673777521 129
1673777521 152
1673777521 185
1673777522 126
1673777522 130
1673777522 105
1673777523 132
1673777523 180
1673777523 135
1673777523 197
1673777523 121
1673777524 157
1673777524 141
1673777524 163
1673777524 181
1673777524 102
1673777524 125
1673777524 195
1673777525 137
1673777525 131
1673777525 134
1673777527 136
1673777527 116
1673777527 152
1673777527 144
1673777527 117
1673777527 194
1673777527 182
1673777528 195
1673777528 127
1673777528 104
1673777528 162
1673777529 196
1673777529 168
1673777529 135
1673777530 193
1673777530 115
1673777530 113
1673777531 138
1673777531 163
1673777531 134
1673777532 118
1673777532 166
1673777533 144
1673777533 118
1673777533 158
1673777533 179
1673777533 109
1673777533 117
1673777533 130
1673777534 123
1673777534 126
1673777535 158
1673777536 187
1673777536 122
1673777537 109
1673777537 200
1673777537 112
1673777538 167
1673777538 156
1673777538 111
1673777538 106
1673777538 175
1673777539 164
1673777539 127
1673777539 116
1673777540 133
1673777540 144
1673777541 188
1673777541 114
1673777541 181
1673777542 115
1673777542 178
1673777542 191
1673777543 194
1673777544 144
1673777544 151
1673777545 187
1673777545 176
1673777545 194
1673777545 141
1673777547 175
1673777547 146
1673777548 165
1673777548 108
1673777548 144
1673777548 117
1673777549 121
1673777549 134
1673777550 180
1673777551 156
1673777551 193
1673777551 120
1673777552 176
1673777553 165
1673777553 183
1673777554 134
1673777554 185
1673777554 171
1673777555 182
1673777555 152
1673777555 109
1673777556 112
1673777556 117
1673777556 104
1673777557 196
1673777558 165
1673777558 150
1673777558 164
1673777559 186
1673777559 116
1673777560 174
1673777562 104
1673777563 139
1673777563 132
1673777564 157
1673777564 134
1673777564 138
1673777565 136
1673777566 176
1673777566 183
1673777566 163
1673777567 150
1673777567 186
1673777568 141
1673777568 193
1673777568 168
1673777568 165
1673777568 117
1673777569 131
1673777569 170
1673777569 193
1673777570 163
1673777570 148
1673777570 165
1673777571 199
1673777571 104
1673777571 128
1673777571 197
1673777572 194
1673777573 105
1673777573 194
1673777573 177
1673777574 176
1673777574 182
1673777575 136
1673777576 172
1673777576 188
1673777576 170
1673777576 131
1673777577 168
1673777578 178
1673777578 109
1673777578 132
1673777578 166
1673777579 135
1673777580 146
1673777581 149
1673777581 132
1673777582 122
1673777582 156
1673777583 127
1673777583 189
1673777583 138
1673777583 196
1673777584 183
1673777585 121
1673777586 137
1673777586 148
1673777587 144
1673777587 186
1673777587 200
1673777589 191
1673777589 136
1673777589 135
1673777589 136
1673777590 186
1673777590 151
1673777590 158
1673777591 116
1673777591 125
1673777591 160
1673777591 109
1673777592 114
1673777592 128
1673777592 169
1673777592 172
1673777592 144
1673777592 186
1673777593 149
1673777593 150
1673777593 138
1673777594 157
1673777595 123
1673777595 117
1673777595 167
1673777596 182
1673777596 113
1673777597 150
1673777597 111
1673777598 130
1673777598 139
1673777598 167
1673777598 198
1673777598 119
1673777600 142
1673777601 191
1673777601 131
1673777601 119
1673777602 117
1673777602 107
1673777602 137
1673777602 157
1673777603 177
1673777603 144
1673777604 167
1673777604 192
1673777605 110
1673777605 152
1673777606 140
1673777606 135
1673777606 200
1673777606 178
1673777607 194
1673777607 199
1673777608 187
1673777609 118
1673777610 123
1673777610 182
1673777611 189
1673777611 196
1673777611 138
1673777612 155
1673777613 171
1673777614 123
1673777614 173
1673777614 200
1673777615 148
1673777615 164
1673777616 132
1673777616 182
1673777616 102
1673777616 146
1673777616 199
1673777617 154
1673777617 185
1673777617 161
1673777618 172
1673777619 137
1673777619 109
1673777619 147
1673777619 108
1673777620 180
1673777620 166
1673777621 144
1673777622 188
1673777622 127
1673777622 149
1673777623 129
1673777623 152
1673777624 105
1673777624 122
1673777624 105
1673777624 117
1673777624 176
1673777625 112
1673777625 104
1673777626 160
1673777626 131
1673777626 119
1673777627 162
1673777627 150
1673777627 176
1673777628 189
1673777628 119
1673777629 183
1673777630 122
1673777630 146
1673777631 161
1673777631 101
1673777632 144
1673777632 125
1673777633 106
1673777633 161
1673777633 137
1673777633 117
1673777633 143
1673777634 151
1673777634 127
1673777634 133
1673777634 169
1673777635 137
1673777636 125
1673777636 141
1673777636 156
1673777636 112
1673777637 175
1673777637 138
1673777638 174
1673777638 126
1673777638 170
1673777638 103
1673777639 200
1673777640 121
1673777640 139
1673777640 126
1673777641 186
1673777641 109
1673777642 120
1673777643 189
1673777643 101
1673777644 140
1673777644 154
1673777644 178
1673777645 107
1673777646 167
1673777647 180
1673777647 188
1673777647 137
1673777647 164
1673777647 123
1673777647 155
1673777649 161
1673777649 121
1673777651 178
1673777651 178
1673777651 144
1673777652 101
1673777652 183
1673777652 149
1673777652 151
1673777653 195
1673777655 123
1673777655 160
1673777657 127
1673777657 119
1673777657 167
1673777658 159
1673777658 154
1673777658 118
1673777660 104
1673777661 185
1673777661 118
1673777664 190
1673777665 199
1673777666 176
1673777668 124
1673777669 129
1673777669 177
1673777669 173
1673777669 145
1673777670 106
1673777671 119
1673777671 178
1673777672 194
1673777672 198
1673777673 109
1673777673 196
1673777674 118
1673777677 117
1673777678 189
1673777678 146
1673777679 124
1673777679 195
1673777681 125
1673777683 143
1673777683 123
1673777683 114
1673777684 110
1673777684 170
1673777687 198
1673777687 174
1673777687 120
1673777687 173
1673777688 121
1673777688 194
1673777689 159
1673777689 126
1673777690 119
1673777690 163
1673777691 197
1673777691 135
1673777693 102
1673777694 137
1673777695 158
1673777695 147
1673777695 124
1673777697 103
1673777697 192
1673777697 192
1673777698 164
1673777698 108
1673777698 139
1673777699 106
1673777699 127
1673777699 185
1673777699 159
1673777700 127
1673777700 189
1673777700 180
1673777700 126
1673777701 136
1673777701 151
1673777701 139
1673777701 109
1673777702 132
1673777702 125
1673777702 145
1673777702 106
1673777702 174
1673777702 148
1673777702 110
1673777703 189
1673777703 144
1673777703 166
1673777704 190
1673777704 177
1673777705 121
1673777707 196
1673777716 117
1673777718 138
1673777718 160
1673777718 174
1673777719 129
1673777719 136
1673777720 156
1673777720 101
1673777720 161
1673777720 196
1673777720 171
1673777720 158
1673777722 147
1673777722 152
1673777722 101
1673777723 127
1673777723 180
1673777723 147
1673777724 176
1673777724 113
1673777725 159
1673777725 130
1673777725 181
1673777726 129
1673777727 126
1673777728 149
1673777728 109
1673777728 200
1673777728 182
1673777728 116
1673777728 133
1673777728 151
1673777729 126
1673777729 119
1673777729 157
1673777729 124
1673777729 194
1673777730 127
1673777730 189
1673777730 101
1673777730 186
1673777731 177
1673777731 194
1673777731 120
1673777731 168
1673777731 104
1673777731 182
1673777732 127
1673777733 104
1673777733 194
1673777733 178
1673777734 122
1673777734 185
1673777734 128
1673777735 120
1673777735 130
1673777736 197
1673777736 137
1673777736 171
1673777737 105
1673777737 119
1673777737 137
1673777737 149
1673777738 196
1673777738 187
1673777738 142
1673777738 115
1673777738 160
1673777738 136
1673777738 162
1673777739 150
1673777739 143
1673777739 185
1673777739 194
1673777740 161
1673777740 160
1673777740 136
1673777740 101
1673777740 155
1673777740 121
1673777741 146
1673777741 159
1673777742 165
1673777742 152
1673777743 156
1673777743 165
1673777743 138
1673777743 113
1673777743 109
1673777743 148
1673777745 199
1673777745 153
1673777745 142
1673777746 133
1673777746 157
1673777746 101
1673777747 156
1673777747 193
1673777747 166
1673777749 158
1673777750 114
1673777750 134
1673777751 184
1673777752 172
1673777753 183
1673777754 102
1673777754 176
1673777754 104
1673777755 151
1673777756 121
1673777757 174
1673777757 172
1673777757 133
1673777757 140
1673777757 114
1673777758 115
1673777758 177
1673777759 106
1673777759 129
1673777759 134
1673777759 134
1673777760 131
1673777760 115
1673777761 170
1673777761 199
1673777761 165
1673777762 170
1673777762 187
1673777763 108
1673777768 198
1673777775 188
1673777777 167
1673777777 194
1673777777 110
1673777778 168
1673777778 150
1673777781 173
1673777781 193
1673777782 103
1673777782 103
1673777783 191
1673777785 162
1673777785 126
1673777786 194
1673777787 161
1673777788 103
1673777795 109
1673777800 185
1673777802 108
1673777805 181
1673777805 171
1673777805 140
1673777806 139
1673777806 187
1673777807 194
1673777808 178
1673777808 103
1673777808 138
1673777808 196
1673777810 139
1673777810 140
1673777810 196
1673777811 149
1673777812 191
1673777812 131
1673777814 189
1673777814 159
1673777815 108
1673777815 118
1673777818 166
1673777818 163
1673777819 119
1673777820 123
1673777820 200
1673777833 155
1673777836 122
1673777836 156
1673777836 187
1673777836 191
1673777839 126
1673777839 145
1673777840 122
1673777844 150
1673777844 140
1673777844 194
1673777844 173
1673777845 172
1673777846 172
1673777846 177
1673777846 163
1673777847 154
1673777849 185
1673777857 172
1673777860 192
1673777860 118
1673777860 169
1673777861 164
1673777867 148
1673777868 180
1673777868 168
1673777869 186
1673777871 150
1673777872 198
1673777873 137
1673777873 130
1673777874 189
1673777875 178
1673777875 172
1673777876 118
1673777876 157
1673777876 114
1673777876 111
1673777876 186
1673777877 134
1673777881 175
1673777886 113
1673777902 141
1673777906 101
1673777908 117
1673777909 129
1673777909 123
1673777910 115
1673777910 114
1673777910 139
1673777911 190
1673777911 176
1673777912 168
1673777912 113
1673777913 184
1673777913 162
1673777914 171
1673777916 109
1673777916 171
1673777916 169
1673777917 176
1673777917 187
1673777917 133
1673777920 153
1673777920 177
1673777920 134
1673777920 153
1673777923 105
1673777924 130
1673777925 127
1673777925 157
1673777925 109
1673777927 128
1673777928 170
1673777928 150
1673777930 185
1673777932 179
1673777933 120
1673777933 162
1673777934 154
1673777936 195
1673777936 156
1673777937 178
1673777937 139
1673777937 191
1673777937 128
1673777939 130
1673777944 164
1673777944 121
1673777944 146
1673777944 169
1673777946 103
1673777946 142
1673777947 116
1673777947 159
1673777948 191
1673777948 152
1673777950 123
1673777954 150
1673777954 124
1673777954 168
1673777954 116
1673777954 171
1673777955 196
1673777957 130
1673777957 109
1673777957 121
1673777959 101
1673777959 161
1673777963 170
1673777965 184
1673777967 116
1673777967 180
1673777968 147
1673777969 129
1673777971 163
1673777971 184
1673777971 161
1673777971 109
1673777971 174
1673777973 153
1673777973 132
1673777978 165
1673777978 123
1673777980 171
1673777981 135
1673777983 199
1673777983 136
1673777984 127
1673777985 172
1673777985 122
1673777986 196
1673777986 183
1673777988 153
1673777988 141
1673777991 151
1673777998 115
1673777999 123
1673777999 120
1673777999 168
1673778002 196
1673778003 162
1673778004 157
1673778004 115
1673778004 171
1673778009 158
1673778009 167
1673778009 196
1673778010 140
1673778011 115
1673778013 140
1673778013 166
1673778016 197
1673778016 191
1673778016 190
1673778016 126
1673778016 153
1673778017 108
1673778018 192
1673778019 115
1673778026 186
1673778027 199
1673778027 190
1673778038 195
1673778048 126
1673778048 120
1673778049 122
1673778050 105
1673778061 196
1673778065 177
1673778066 196
1673778070 187
1673778070 133
1673778071 102
1673778071 137
1673778071 126
1673778071 138
1673778072 123
1673778084 144
1673778084 183
1673778084 182
1673778094 154
1673778095 147
1673778095 146
1673778101 142
1673778101 146
1673778107 185
1673778107 175
1673778108 184
1673778119 123
1673778119 109
1673778120 107
1673778122 118
1673778123 131
1673778123 105
1673778129 162
1673778129 106
1673778130 198
1673778130 168
1673778130 162
1673778130 172
1673778130 190
1673778130 120
1673778133 169
1673778133 194
1673778134 115
1673778139 161
1673778139 161
1673778140 166
1673778140 194
1673778141 155
1673778143 174
1673778143 134
1673778144 170
1673778147 183
1673778148 176
1673778148 167
1673778157 113
1673778157 139
1673778159 185
1673778159 111
1673778159 118
1673778160 187
1673778160 200
1673778160 126
1673778161 137
1673778161 157
1673778164 133
1673778164 125
1673778164 157
1673778165 108
1673778165 156
1673778168 178
1673778169 160
1673778177 170
1673778177 145
1673778188 141
1673778194 167
1673778195 135
1673778195 167
1673778197 167
1673778197 138
1673778197 170
1673778197 108
1673778197 141
1673778198 143
1673778198 169
1673778199 120
1673778201 149
1673778203 198
1673778203 129
1673778204 140
1673778204 162
1673778204 188
1673778205 119
1673778206 135
1673778207 195
1673778207 153
1673778208 184
1673778208 197
1673778208 191
1673778208 191
1673778208 142
1673778210 153
1673778211 158
1673778211 163
1673778212 176
1673778213 140
1673778214 171
1673778214 114
1673778216 153
1673778216 111
1673778217 141
1673778220 133
1673778221 177
1673778222 190
1673778223 151
1673778224 105
1673778224 139
1673778225 169
1673778225 188
1673778225 136
1673778226 155
1673778226 107
1673778226 152
1673778226 118
1673778227 118
1673778228 169
1673778228 162
1673778228 192
1673778229 196
1673778229 193
1673778229 163
1673778230 123
1673778233 182
1673778234 133
1673778234 182
1673778234 167
1673778234 126
1673778235 164
1673778235 146
1673778236 182
1673778236 109
1673778236 139
1673778236 139
1673778237 159
1673778237 150
1673778237 128
1673778237 139
1673778238 163
1673778238 198
1673778238 135
1673778238 169
1673778239 164
1673778240 178
1673778240 120
1673778241 166
1673778241 134
1673778241 115
1673778242 163
1673778242 183
1673778242 192
1673778243 151
1673778243 146
1673778243 172
1673778244 199
1673778245 182
1673778246 126
1673778246 118
1673778247 154
1673778247 200
1673778247 110
1673778248 174
1673778248 166
1673778248 154
1673778248 151
1673778249 191
1673778250 180
1673778250 123
1673778251 192
1673778251 162
1673778251 141
1673778252 199
1673778252 119
1673778253 150
1673778253 134
1673778253 142
1673778254 120
1673778254 141
1673778256 135
1673778256 136
1673778256 138
1673778257 127
1673778257 125
1673778257 167
1673778258 141
1673778259 106
1673778259 118
1673778259 149
1673778259 141
1673778260 126
1673778261 106
1673778261 172
1673778261 116
1673778262 194
1673778262 178
1673778262 186
1673778262 163
1673778263 185
1673778263 143
1673778263 187
1673778264 119
1673778264 141
1673778264 150
1673778264 191
1673778264 158
1673778265 116
1673778266 185
1673778266 155
1673778267 182
1673778267 165
1673778268 145
1673778268 125
1673778269 111
1673778269 104
1673778269 130
1673778269 160
1673778270 153
1673778270 149
1673778270 108
1673778270 159
1673778271 165
1673778271 195
1673778272 157
1673778272 156
1673778273 120
1673778273 178
1673778273 128
1673778274 111
1673778274 117
1673778274 132
1673778275 152
1673778275 186
1673778275 166
1673778276 200
1673778276 170
1673778276 111
1673778276 109
1673778276 107
1673778277 184
1673778277 114
1673778278 141
1673778279 101
1673778279 172
1673778279 159
1673778279 168
1673778279 113
1673778280 159
1673778280 103
1673778280 183
1673778281 155
1673778281 152
1673778282 131
1673778282 149
1673778282 119
1673778282 112
1673778283 176
1673778283 157
1673778284 188
1673778284 136
1673778285 147
1673778285 175
1673778285 196
1673778285 189
1673778285 178
1673778285 172
1673778285 161
1673778286 196
1673778286 189
1673778286 185
1673778287 133
1673778288 102
1673778288 108
1673778289 109
1673778289 126
1673778290 138
1673778290 115
1673778290 114
1673778291 164
1673778291 132
1673778291 150
1673778291 150
1673778291 112
1673778292 164
1673778292 127
1673778292 174
1673778293 183
1673778293 177
1673778293 119
1673778293 115
1673778294 103
1673778294 127
1673778295 154
1673778295 150
1673778295 136
1673778295 193
1673778296 161
1673778296 161
1673778297 126
1673778297 172
1673778297 112
1673778298 120
1673778298 116
1673778298 151
1673778298 134
1673778298 124
1673778298 171
1673778299 161
1673778299 140
1673778300 194
1673778300 162
1673778300 185
1673778301 158
1673778301 136
1673778301 188
1673778301 158
1673778301 170
1673778302 157
1673778302 158
1673778302 128
1673778302 176
1673778302 170
1673778302 190
1673778303 105
1673778303 109
1673778303 147
1673778303 172
1673778304 194
1673778304 104
1673778304 106
1673778304 108
1673778304 125
1673778304 108
1673778305 165
1673778305 191
1673778305 185
1673778306 169
1673778306 118
1673778307 118
1673778307 182
1673778307 150
1673778307 167
1673778307 135
1673778307 184
1673778308 142
1673778308 127
1673778308 179
1673778308 191
1673778309 114
1673778309 103
1673778309 147
1673778309 152
1673778310 134
1673778310 158
1673778310 162
1673778310 177
1673778310 168
1673778311 122
1673778312 175
1673778312 145
1673778313 175
1673778313 186
1673778313 147
1673778313 111
1673778313 143
1673778314 105
1673778315 141
1673778315 192
1673778315 178
1673778315 122
1673778316 109
1673778316 138
1673778317 193
1673778317 159
1673778317 102
1673778318 123
1673778318 190
1673778318 161
1673778318 196
1673778318 150
1673778319 140
1673778319 160
1673778319 102
1673778319 147
1673778320 156
1673778320 177
1673778320 140
1673778320 165
1673778320 171
1673778320 127
1673778320 129
1673778321 187
1673778322 152
1673778322 164
1673778323 114
1673778323 122
1673778323 170
1673778324 145
1673778325 184
1673778326 161
1673778327 198
1673778327 197
1673778327 138
1673778328 165
1673778328 137
1673778328 128
1673778328 142
1673778328 149
1673778328 160
1673778328 135
1673778328 193
1673778328 194
1673778329 137
1673778329 104
1673778329 170
1673778330 129
1673778330 155
1673778330 196
1673778331 115
1673778331 198
1673778332 149
1673778332 128
1673778332 169
1673778332 128
1673778332 171
1673778333 113
1673778334 149
1673778334 140
1673778334 184
1673778336 143
1673778336 196
1673778336 117
1673778337 109
1673778337 173
1673778337 136
1673778337 110
1673778338 114
1673778338 137
1673778339 196
1673778339 119
1673778339 187
1673778340 118
1673778341 192
1673778341 128
1673778341 145
1673778341 130
1673778342 102
1673778342 110
1673778343 144
1673778343 174
1673778343 106
1673778344 126
1673778344 145
1673778344 142
1673778344 109
1673778344 166
1673778345 174
1673778345 157
1673778345 142
1673778345 193
1673778346 191
1673778346 103
1673778346 184
1673778346 193
1673778347 110
1673778348 121
1673778348 150
1673778348 123
1673778348 134
1673778348 112
1673778348 186
1673778348 112
1673778348 133
1673778349 195
1673778349 164
1673778350 121
1673778350 147
1673778350 162
1673778350 105
1673778350 146
1673778351 133
1673778351 143
1673778352 152
1673778352 115
1673778352 112
1673778352 193
1673778352 196
1673778353 130
1673778354 147
1673778354 188
1673778355 164
1673778355 140
1673778355 181
1673778355 145
1673778356 177
1673778356 117
1673778356 145
1673778356 180
1673778356 123
1673778357 114
1673778357 182
1673778357 101
1673778357 171
1673778357 135
1673778357 154
1673778358 166
1673778358 193
1673778358 158
1673778359 165
1673778359 163
1673778359 104
1673778359 117
1673778360 134
1673778360 143
1673778360 148
1673778361 114
1673778362 123
1673778363 124
1673778364 186
1673778364 127
1673778365 135
1673778365 113
1673778365 197
1673778365 178
1673778366 101
1673778366 180
1673778367 176
1673778368 178
1673778368 114
1673778368 179
1673778369 159
1673778369 117
1673778369 110
1673778371 133
1673778371 114
1673778372 197
1673778372 194
1673778372 174
1673778372 131
1673778372 110
1673778372 137
1673778373 123
1673778373 164
1673778373 134
1673778374 199
1673778374 157
1673778374 101
1673778374 153
1673778374 141
1673778374 182
1673778375 127
1673778375 123
1673778376 108
1673778378 126
1673778378 197
1673778378 104
1673778378 109
1673778379 175
1673778379 157
1673778380 163
1673778380 198
1673778381 198
1673778381 150
1673778382 188
1673778382 109
1673778382 147
1673778382 194
1673778382 101
1673778383 125
1673778383 120
1673778383 107
1673778383 189
1673778383 123
1673778384 175
1673778384 101
1673778384 121
1673778385 163
1673778385 124
1673778385 158
1673778386 189
1673778386 118
1673778387 137
1673778389 191
1673778389 159
1673778389 102
1673778389 104
1673778390 126
1673778390 152
1673778390 135
1673778390 172
1673778391 171
1673778391 198
1673778391 145
1673778391 131
1673778391 130
1673778392 153
1673778393 137
1673778393 154
1673778394 116
1673778394 125
1673778394 133
1673778394 121
1673778395 116
1673778395 110
1673778395 105
1673778395 183
1673778395 111
1673778396 158
1673778398 119
1673778398 138
1673778398 104
1673778398 123
1673778399 176
1673778399 134
1673778399 159
1673778400 184
1673778400 163
1673778400 194
1673778402 127
1673778402 141
1673778402 115
1673778402 124
1673778403 135
1673778403 123
1673778405 169
1673778405 158
1673778405 179
1673778405 184
1673778405 142
1673778407 152
1673778407 193
1673778407 129
1673778408 176
1673778408 127
1673778408 151
1673778408 180
1673778409 181
1673778409 194
1673778409 102
1673778410 185
1673778410 190
1673778410 110
1673778411 165
1673778411 146
1673778411 147
1673778412 155
1673778413 150
1673778413 138
1673778413 172
1673778413 114
1673778413 147
1673778414 121
1673778415 145
1673778415 193
1673778415 144
1673778416 151
1673778416 105
1673778416 148
1673778417 176
1673778417 127
1673778417 116
1673778417 194
1673778417 112
1673778417 178
1673778418 145
1673778418 198
1673778419 121
1673778419 173
1673778419 113
1673778419 119
1673778420 142
1673778420 195
1673778421 159
1673778421 164
1673778421 178
1673778421 179
1673778421 135
1673778422 196
1673778422 172
1673778422 138
1673778423 107
1673778424 143
1673778424 178
1673778424 161
1673778424 167
1673778425 116
1673778425 137
1673778425 128
1673778426 187
1673778426 194
1673778426 158
1673778427 150
1673778427 132
1673778427 168
1673778428 140
1673778428 198
1673778428 173
1673778428 178
1673778428 161
1673778429 157
1673778429 115
1673778429 113
1673778430 196
1673778430 102
1673778431 101
1673778431 135
1673778431 131
1673778431 139
1673778431 149
1673778431 169
1673778432 154
1673778432 165
1673778433 161
1673778434 145
1673778434 165
1673778434 186
1673778435 182
1673778435 164
1673778436 168
1673778438 182
1673778438 134
1673778439 111
1673778439 133
1673778440 119
1673778440 166
1673778440 149
1673778441 107
1673778442 169
1673778442 170
1673778442 160
1673778443 166
1673778443 124
1673778443 160
1673778443 184
1673778445 182
1673778445 174
1673778445 146
1673778446 153
1673778446 153
1673778446 130
1673778447 185
1673778447 114
1673778447 156
1673778447 125
1673778447 104
1673778448 197
1673778448 161
1673778449 178
1673778449 106
1673778449 178
1673778450 123
1673778450 197
1673778450 119
1673778450 144
1673778451 114
1673778451 169
1673778451 191
1673778451 194
1673778451 200
1673778453 183
1673778453 164
1673778454 109
1673778454 114
1673778454 180
1673778455 151
1673778455 132
1673778455 182
1673778455 195
1673778455 114
1673778456 199
1673778456 167
1673778456 182
1673778456 149
1673778456 113
1673778457 151
1673778457 112
1673778458 182
1673778459 195
1673778459 169
1673778459 153
1673778459 132
1673778460 136
1673778460 109
1673778460 185
1673778462 160
1673778462 175
1673778462 147
1673778462 109
1673778463 185
1673778463 177
1673778463 188
1673778464 169
1673778464 153
1673778465 195
1673778465 121
1673778465 114
1673778467 163
1673778467 119
1673778467 127
1673778468 144
1673778468 125
1673778468 166
1673778468 160
1673778469 155
1673778469 116
1673778469 109
1673778469 160
1673778470 180
1673778470 161
1673778470 179
1673778471 177
1673778472 134
1673778472 120
1673778472 187
1673778473 198
1673778473 101
1673778473 114
1673778473 131
1673778473 148
1673778473 179
1673778474 199
1673778474 161
1673778474 110
1673778474 173
1673778474 200
1673778474 124
1673778475 164
1673778475 193
1673778476 112
1673778476 109
1673778477 170
1673778477 132
1673778478 152
1673778478 129
1673778478 186
1673778479 169
1673778479 122
1673778479 110
1673778479 131
1673778480 158
1673778480 149
1673778481 141
1673778482 134
1673778482 158
1673778484 182
1673778484 136
1673778484 173
1673778484 190
1673778485 150
1673778485 198
1673778485 139
1673778486 166
1673778486 142
1673778486 114
1673778486 185
1673778487 116
1673778487 165
1673778488 141
1673778489 199
1673778489 174
1673778489 198
1673778490 129
1673778490 155
1673778491 186
1673778491 190
1673778492 187
1673778492 169
1673778493 142
1673778493 146
1673778493 169
1673778493 176
1673778493 180
1673778493 150
1673778494 119
1673778494 174
1673778494 191
1673778494 179
1673778494 137
1673778494 107
1673778495 155
1673778495 141
1673778496 110
1673778496 172
1673778496 190
1673778497 133
1673778497 182
1673778497 196
1673778497 171
1673778497 175
1673778497 179
1673778497 199
1673778498 172
1673778498 175
1673778498 106
1673778498 154
1673778500 118
1673778500 158
1673778500 167
1673778500 187
1673778500 127
1673778502 112
1673778502 189
1673778502 182
1673778502 102
1673778503 124
1673778503 171
1673778503 157
1673778503 195
1673778504 141
1673778505 163
1673778505 134
1673778506 118
1673778506 177
1673778506 196
1673778506 154
1673778507 171
1673778507 193
1673778508 111
1673778508 154
1673778508 102
1673778509 152
1673778509 126
1673778509 186
1673778509 134
1673778510 151
1673778510 193
1673778510 156
1673778510 160
1673778511 189
1673778511 176
1673778512 130
1673778512 136
1673778512 125
1673778512 111
1673778513 118
1673778513 168
1673778513 164
1673778514 137
1673778514 144
1673778514 110
1673778515 156
1673778515 121
1673778516 159
1673778517 111
1673778518 125
1673778518 139
1673778519 200
1673778519 183
1673778519 156
1673778519 191
1673778520 151
1673778520 197
1673778520 123
1673778520 167
1673778520 128
1673778520 114
1673778521 134
1673778521 198
1673778522 102
1673778522 131
1673778522 135
1673778523 154
1673778524 154
1673778524 155
1673778525 133
1673778525 116
1673778525 114
1673778526 157
1673778526 145
1673778526 169
1673778527 178
1673778527 200
1673778527 113
1673778528 137
1673778528 159
1673778528 197
1673778529 131
1673778529 182
1673778529 173
1673778530 126
1673778530 104
1673778531 130
1673778531 113
1673778531 152
1673778532 200
1673778532 127
1673778532 173
1673778533 156
1673778533 169
1673778534 150
1673778534 149
1673778534 191
1673778535 170
1673778535 124
1673778535 115
1673778536 186
1673778536 165
1673778536 167
1673778536 136
1673778537 196
1673778537 188
1673778537 124
1673778538 155
1673778538 127
1673778538 127
1673778538 154
1673778538 126
1673778538 195
1673778538 169
1673778539 137
1673778539 132
1673778539 121
1673778539 108
1673778540 179
1673778540 180
1673778540 168
1673778541 160
1673778542 133
1673778543 120
1673778543 154
1673778544 167
1673778544 151
1673778545 194
1673778545 112
1673778546 188
1673778548 174
1673778548 149
1673778548 185
1673778548 166
1673778548 130
1673778549 181
1673778549 173
1673778549 112
1673778550 130
1673778550 181
1673778550 188
1673778551 184
1673778551 133
1673778551 110
1673778551 107
1673778551 118
1673778552 171
1673778552 157
1673778552 138
1673778553 147
1673778555 155
1673778556 141
1673778557 196
1673778557 122
1673778557 125
1673778557 163
1673778557 132
1673778558 146
1673778558 199
1673778558 119
1673778559 126
1673778559 127
1673778559 107
1673778559 134
1673778560 136
1673778560 178
1673778560 200
1673778560 101
1673778561 196
1673778562 102
1673778562 109
1673778562 107
1673778563 105
1673778564 160
1673778564 165
1673778565 166
1673778566 188
1673778566 126
1673778566 166
1673778566 141
1673778566 152
1673778567 139
1673778567 180
1673778567 103
1673778568 199
1673778568 148
1673778569 116
1673778569 119
1673778569 194
1673778569 140
1673778570 168
1673778570 108
1673778570 110
1673778571 107
1673778571 181
1673778571 128
1673778571 190
1673778571 191
1673778572 139
1673778572 162
1673778572 123
1673778572 193
1673778573 111
1673778574 133
1673778574 177
1673778575 196
1673778575 153
1673778575 199
1673778576 192
1673778576 154
1673778576 193
1673778576 196
1673778576 178
1673778576 127
1673778576 161
1673778576 114
1673778577 149
1673778577 156
1673778578 192
1673778578 125
1673778578 133
1673778579 134
1673778580 141
1673778580 110
1673778581 153
1673778581 187
1673778582 134
1673778582 168
1673778583 155
1673778583 176
1673778585 140
1673778585 168
1673778585 132
1673778585 119
1673778585 116
1673778585 174
1673778585 168
1673778586 108
1673778586 200
1673778586 131
1673778586 153
1673778587 133
1673778587 123
1673778587 108
1673778588 175
1673778589 111
1673778589 127
1673778590 120
1673778591 169
1673778591 195
1673778591 170
1673778591 171
1673778592 120
1673778592 120
1673778592 196
1673778592 140
1673778593 171
1673778593 158
1673778593 185
1673778593 179
1673778593 141
1673778594 128
1673778595 124
1673778595 184
1673778595 133
1673778596 147
1673778596 130
1673778596 198
1673778597 192
1673778598 101
1673778598 196
1673778599 135
1673778599 198
1673778600 107
1673778600 111
1673778600 186
1673778601 166
1673778602 142
1673778602 164
1673778602 196
1673778603 116
1673778604 194
1673778604 106
1673778604 106
1673778604 105
1673778605 200
1673778605 144
1673778605 194
1673778608 136
1673778608 189
1673778608 147
1673778609 165
1673778609 131
1673778609 165
1673778610 187
1673778610 176
1673778610 183
1673778610 156
1673778611 124
1673778611 155
1673778612 110
1673778612 185
1673778612 112
1673778612 154
1673778612 131
1673778613 101
1673778613 148
1673778614 165
1673778614 196
1673778614 178
1673778614 128
1673778614 116
1673778615 115
1673778615 149
1673778615 128
1673778616 157
1673778616 189
1673778616 134
1673778616 158
1673778617 176
1673778617 136
1673778617 152
1673778617 191
1673778617 198
1673778618 187
1673778618 176
1673778619 134
1673778619 133
1673778620 124
1673778620 164
1673778620 183
1673778621 139
1673778621 108
1673778622 113
1673778623 109
1673778623 150
1673778623 151
1673778624 132
1673778624 145
1673778624 129
1673778625 137
1673778626 143
1673778626 123
1673778626 171
1673778627 166
1673778627 118
1673778628 175
1673778628 188
1673778628 174
1673778628 177
1673778629 105
1673778630 117
1673778630 117
1673778630 130
1673778630 163
1673778631 146
1673778631 159
1673778631 147
1673778631 140
1673778631 138
1673778632 196
1673778632 107
1673778632 147
1673778632 109
1673778633 187
1673778634 125
1673778634 167
1673778634 140
1673778634 155
1673778635 166
1673778635 104
1673778635 132
1673778635 178
1673778636 158
1673778637 178
1673778637 171
1673778638 179
1673778638 159
1673778639 183
1673778639 123
1673778639 127
1673778639 168
1673778639 165
1673778640 102
1673778640 161
1673778640 182
1673778641 149
1673778641 169
1673778641 163
1673778641 111
1673778642 139
1673778642 167
1673778642 189
1673778642 130
1673778643 161
1673778643 139
1673778643 137
1673778643 129
1673778645 173
1673778645 157
1673778645 161
1673778645 173
1673778646 177
1673778646 193
1673778646 157
1673778646 185
1673778647 175
1673778648 166
1673778648 131
1673778648 167
1673778648 149
1673778648 157
1673778649 107
1673778650 191
1673778650 155
1673778650 111
1673778650 149
1673778650 108
1673778651 175
1673778651 195
1673778651 153
1673778651 128
1673778651 169
1673778652 187
1673778653 192
1673778653 174
1673778653 194
1673778653 104
1673778654 197
1673778654 137
1673778655 132
1673778655 102
1673778655 164
1673778655 184
1673778655 175
1673778656 155
1673778656 177
1673778657 148
1673778657 140
1673778657 148
1673778657 127
1673778658 111
1673778659 158
1673778659 168
1673778660 155
1673778660 145
1673778660 185
1673778660 170
1673778661 111
1673778662 177
1673778662 138
1673778662 131
1673778663 109
1673778664 118
1673778664 163
1673778664 132
1673778665 155
1673778665 171
1673778665 111
1673778666 116
1673778666 114
1673778666 200
1673778667 145
1673778667 115
1673778667 105
1673778667 109
1673778668 135
1673778668 110
1673778668 163
1673778668 146
1673778668 167
1673778668 110
1673778669 127
1673778669 168
1673778669 152
1673778669 115
1673778670 189
1673778670 193
1673778670 135
1673778670 172
1673778670 193
1673778671 123
1673778671 162
1673778671 186
1673778671 143
1673778672 134
1673778672 118
1673778672 109
1673778672 200
1673778672 145
1673778672 138
1673778672 130
1673778673 144
1673778673 121
1673778673 130
1673778673 127
1673778673 110
1673778673 153
1673778674 103
1673778674 142
1673778674 185
1673778675 144
1673778675 145
1673778675 198
1673778675 116
1673778676 138
1673778676 107
1673778676 143
1673778676 135
1673778677 191
1673778677 104
1673778678 110
1673778678 121
1673778678 180
1673778679 200
1673778679 141
1673778679 183
1673778680 147
1673778681 176
1673778681 103
1673778681 190
1673778681 145
1673778681 163
1673778681 161
1673778682 158
1673778682 101
1673778683 132
1673778683 160
1673778683 144
1673778683 191
1673778684 181
1673778684 184
1673778684 143
1673778684 113
1673778685 101
1673778685 152
1673778685 105
1673778685 195
1673778686 188
1673778686 116
1673778687 136
1673778687 152
1673778689 171
1673778689 198
1673778689 144
1673778690 159
1673778690 161
1673778690 144
1673778691 186
1673778691 113
1673778693 111
1673778693 123
1673778693 116
1673778693 173
1673778694 175
1673778694 104
1673778695 127
1673778695 126
1673778696 157
1673778697 127
1673778697 172
1673778698 167
1673778698 128
1673778698 147
1673778699 107
1673778699 159
1673778700 120
1673778700 142
1673778700 106
1673778700 118
1673778701 165
1673778701 120
1673778701 157
1673778701 101
1673778701 119
1673778702 110
1673778702 159
1673778702 130
1673778702 156
1673778703 185
1673778704 133
1673778705 137
1673778705 131
1673778705 137
1673778705 135
1673778706 159
1673778706 154
1673778706 119
1673778708 187
1673778709 127
1673778709 135
1673778709 143
1673778710 116
1673778710 169
1673778710 196
1673778712 194
1673778712 193
1673778713 190
1673778713 119
1673778714 169
1673778714 155
1673778716 122
1673778716 146
1673778716 132
1673778716 151
1673778716 150
1673778716 166
1673778717 179
1673778717 198
1673778717 146
1673778717 133
1673778718 115
1673778719 186
1673778719 179
1673778721 126
1673778721 118
1673778721 153
1673778721 127
1673778721 106
1673778721 167
1673778723 175
1673778724 164
1673778724 112
1673778725 109
1673778725 174
1673778725 104
1673778725 140
1673778726 196
1673778727 188
1673778727 103
1673778727 185
1673778728 196
1673778728 134
1673778728 175
1673778729 127
1673778729 163
1673778729 118
1673778729 170
1673778729 143
1673778730 135
1673778730 149
1673778731 192
1673778731 181
1673778731 186
1673778731 147
1673778732 190
1673778732 173
1673778732 175
1673778733 102
1673778733 110
1673778734 192
1673778734 188
1673778735 120
1673778735 168
1673778735 143
1673778735 134
1673778736 123
1673778736 164
1673778736 145
1673778737 164
1673778737 113
1673778739 176
1673778740 199
1673778740 183
1673778740 169
1673778741 136
1673778741 174
1673778741 187
1673778741 113
1673778741 192
1673778742 113
1673778742 125
1673778742 132
1673778742 153
1673778743 142
1673778743 196
1673778744 144
1673778744 136
1673778747 125
1673778747 133
1673778747 161
1673778748 163
1673778748 193
1673778749 116
1673778749 160
1673778749 125
1673778749 180
1673778749 195
1673778749 162
1673778750 157
1673778751 175
1673778751 180
1673778751 103
1673778751 169
1673778752 153
1673778752 198
1673778752 147
1673778753 189
1673778753 151
1673778754 185
1673778755 177
1673778755 123
1673778755 167
1673778756 103
1673778756 116
1673778756 182
1673778756 157
1673778756 108
1673778756 101
1673778757 132
1673778757 187
1673778757 185
1673778758 125
1673778758 192
1673778759 129
1673778759 197
1673778760 155
1673778760 115
1673778760 143
1673778760 145
1673778762 133
1673778763 122
1673778763 102
1673778763 111
1673778763 144
1673778764 104
1673778765 115
1673778766 200
1673778766 170
1673778766 146
1673778766 128
1673778766 147
1673778767 118
1673778767 177
1673778767 121
1673778767 193
1673778767 118
1673778768 191
1673778768 116
1673778768 191
1673778769 165
1673778769 172
1673778769 168
1673778769 179
1673778770 137
1673778771 171
1673778771 184
1673778771 197
1673778772 195
1673778773 142
1673778773 151
1673778773 156
1673778774 139
1673778774 128
1673778775 155
1673778775 160
1673778775 138
1673778776 184
1673778776 144
1673778776 153
1673778777 113
1673778778 154
1673778778 153
1673778778 147
1673778778 165
1673778779 108
1673778779 132
1673778780 192
1673778780 173
1673778781 124
1673778781 141
1673778782 146
1673778782 121
1673778783 169
1673778784 165
1673778784 136
1673778784 148
1673778784 144
1673778784 122
1673778784 176
1673778785 196
1673778785 128
1673778785 154
1673778785 102
1673778785 165
1673778786 114
1673778786 136
1673778786 173
1673778786 133
1673778786 197
1673778786 187
1673778787 178
1673778787 139
1673778788 185
1673778788 187
1673778788 174
1673778789 163
1673778789 128
1673778790 108
1673778790 146
1673778791 134
1673778791 172
1673778791 121
1673778791 189
1673778792 175
1673778792 108
1673778793 167
1673778794 191
1673778794 146
1673778794 106
1673778794 164
1673778795 165
1673778796 188
1673778796 181
1673778796 187
1673778797 192
1673778797 123
1673778797 123
1673778798 147
1673778798 119
1673778799 171
1673778799 132
1673778799 168
1673778799 143
1673778799 154
1673778800 126
1673778800 162
1673778801 189
1673778801 194
1673778801 111
1673778801 120
1673778802 110
1673778802 145
1673778802 106
1673778804 173
1673778804 131
1673778805 169
1673778805 170
1673778805 103
1673778806 198
1673778807 155
1673778807 135
1673778807 186
1673778807 163
1673778808 200
1673778808 192
1673778809 163
1673778809 112
1673778809 129
1673778810 172
1673778810 193
1673778810 103
1673778810 101
1673778810 172
1673778810 170
1673778810 173
1673778810 188
1673778810 197
1673778811 134
1673778811 150
1673778812 194
1673778812 142
1673778813 142
1673778814 189
1673778814 141
1673778814 185
1673778815 142
1673778815 102
1673778815 149
1673778815 169
1673778816 127
1673778816 112
1673778816 174
1673778817 138
1673778818 116
1673778818 155
1673778818 118
1673778818 151
1673778819 103
1673778820 108
1673778820 193
1673778820 110
1673778820 128
1673778821 175
1673778821 106
1673778822 136
1673778822 152
1673778822 197
1673778823 114
1673778823 118
1673778823 150
1673778824 162
1673778825 159
1673778825 155
1673778825 169
1673778825 173
1673778826 103
1673778827 111
1673778827 185
1673778828 103
1673778828 182
1673778828 144
1673778829 161
1673778829 120
1673778831 189
1673778831 104
1673778831 157
1673778831 195
1673778833 168
1673778833 199
1673778833 116
1673778833 122
1673778834 145
1673778834 120
1673778834 179
1673778834 182
1673778834 197
1673778835 113
1673778835 184
1673778835 197
1673778835 192
1673778836 174
1673778836 142
1673778837 101
1673778837 159
1673778837 111
1673778840 134
1673778840 121
1673778840 129
1673778840 139
1673778840 158
1673778841 141
1673778841 157
1673778841 160
1673778842 101
1673778842 199
1673778842 187
1673778843 108
1673778843 168
1673778844 141
1673778844 121
1673778844 179
1673778844 163
1673778844 133
1673778844 156
1673778845 143
1673778846 186
1673778846 139
1673778846 118
1673778846 191
1673778847 162
1673778848 150
1673778848 161
1673778848 126
1673778850 103
1673778850 157
1673778850 193
1673778850 152
1673778850 198
1673778850 173
1673778850 140
1673778851 164
1673778851 137
1673778851 143
1673778851 102
1673778851 110
1673778852 185
1673778852 186
1673778852 146
1673778852 114
1673778852 177
1673778853 170
1673778853 191
1673778855 185
1673778855 193
1673778856 179
1673778856 161
1673778857 112
1673778857 135
1673778858 181
1673778858 189
1673778859 151
1673778859 155
1673778860 102
1673778860 138
1673778860 154
1673778860 158
1673778860 160
1673778861 155
1673778861 107
1673778862 145
1673778862 189
1673778862 192
1673778863 112
1673778863 176
1673778863 200
1673778863 109
1673778863 185
1673778864 195
1673778865 175
1673778865 104
1673778865 146
1673778865 188
1673778866 126
1673778867 102
1673778868 143
1673778868 166
1673778868 131
1673778868 141
1673778868 160
1673778869 168
1673778869 156
1673778870 110
1673778870 150
1673778871 128
1673778871 146
1673778871 182
1673778872 179
1673778872 121
1673778873 115
1673778873 172
1673778873 169
1673778873 110
1673778873 161
1673778874 128
1673778874 136
1673778874 121
1673778874 150
1673778874 184
1673778875 170
1673778875 143
1673778875 165
1673778876 133
1673778876 147
1673778876 179
1673778876 103
1673778877 122
1673778878 137
1673778878 130
1673778878 106
1673778878 132
1673778878 145
1673778879 119
1673778879 125
1673778879 107
1673778880 123
1673778880 163
1673778880 155
1673778880 171
1673778881 115
1673778882 149
1673778882 174
1673778882 126
1673778883 171
1673778883 168
1673778884 125
1673778884 186
1673778884 151
1673778885 192
1673778885 171
1673778885 157
1673778886 172
1673778887 108
1673778887 195
1673778887 192
1673778888 145
1673778888 190
1673778889 117
1673778889 197
1673778890 159
1673778890 198
1673778891 143
1673778892 184
1673778892 123
1673778892 131
1673778892 159
1673778893 136
1673778893 121
1673778893 150
1673778893 150
1673778893 127
1673778894 116
1673778895 178
1673778895 112
1673778896 166
1673778896 102
1673778896 182
1673778897 101
1673778897 132
1673778897 163
1673778898 134
1673778898 151
1673778898 101
1673778899 122
1673778899 111
1673778899 170
1673778899 200
1673778900 150
1673778900 198
1673778900 181
1673778901 102
1673778901 186
1673778902 145
1673778902 163
1673778903 123
1673778903 124
1673778903 103
1673778903 200
1673778903 136
1673778904 189
1673778905 135
1673778905 107
1673778906 101
1673778907 108
1673778907 167
1673778908 123
1673778909 166
1673778909 108
1673778909 186
1673778909 176
1673778910 143
1673778910 122
1673778911 197
1673778912 163
1673778912 138
1673778912 119
1673778912 156
1673778912 111
1673778913 175
1673778913 180
1673778913 177
1673778913 155
1673778913 179
1673778914 145
1673778914 122
1673778914 125
1673778914 115
1673778915 106
1673778915 160
1673778915 192
1673778917 163
1673778917 175
1673778917 105
1673778918 190
1673778919 164
1673778920 139
1673778920 128
1673778921 106
1673778921 194
1673778921 160
1673778922 122
1673778923 172
1673778923 159
1673778923 104
1673778924 174
1673778924 121
1673778925 136
1673778925 193
1673778926 121
1673778926 121
1673778926 171
1673778926 140
1673778927 191
1673778927 170
1673778928 103
1673778928 105
1673778928 182
1673778928 136
1673778929 198
1673778929 107
1673778929 147
1673778929 179
1673778929 126
1673778931 162
1673778931 176
1673778931 104
1673778931 135
1673778931 182
1673778932 121
1673778932 165
1673778932 168
1673778933 110
1673778933 160
1673778934 107
1673778934 198
1673778935 178
1673778935 102
1673778936 153
1673778936 174
1673778936 156
1673778937 105
1673778938 122
1673778938 173
1673778938 146
1673778938 137
1673778939 157
1673778939 115
1673778939 164
1673778939 118
1673778939 141
1673778940 138
1673778940 109
1673778940 145
1673778940 153
1673778941 136
1673778941 128
1673778942 157
1673778942 191
1673778942 130
1673778942 144
1673778943 118
1673778943 179
1673778943 124
1673778943 179
1673778943 135
1673778944 163
1673778944 177
1673778944 113
1673778945 132
1673778945 151
1673778946 176
1673778946 179
1673778947 149
1673778948 120
1673778948 132
1673778948 145
1673778949 189
1673778949 200
1673778949 128
1673778949 198
1673778949 163
1673778950 101
1673778950 176
1673778950 145
1673778951 114
1673778951 135
1673778951 172
1673778951 136
1673778952 109
1673778952 133
1673778952 101
1673778953 181
1673778953 142
1673778954 154
1673778954 113
1673778954 183
1673778954 105
1673778955 142
1673778955 192
1673778955 180
1673778955 117
1673778956 154
1673778956 193
1673778956 175
1673778957 188
1673778958 150
1673778958 158
1673778958 112
1673778958 119
1673778958 124
1673778958 151
1673778959 133
1673778959 173
1673778959 111
1673778959 160
1673778960 175
1673778960 131
1673778961 115
1673778961 191
1673778961 176
1673778962 139
1673778962 112
1673778963 191
1673778963 181
1673778964 185
1673778964 170
1673778964 116
1673778965 135
1673778967 157
1673778967 186
1673778967 124
1673778968 191
1673778969 161
1673778969 176
1673778969 154
1673778969 105
1673778969 177
1673778970 146
1673778971 116
1673778971 121
1673778972 109
1673778973 120
1673778973 187
1673778973 137
1673778973 161
1673778974 120
1673778974 176
1673778974 146
1673778974 196
1673778976 147
1673778976 197
1673778976 101
1673778976 102
1673778976 171
1673778977 109
1673778978 199
1673778978 174
1673778978 116
1673778978 164
1673778979 197
1673778979 155
1673778979 138
1673778980 164
1673778980 190
1673778980 167
1673778980 164
1673778980 156
1673778980 109
1673778980 142
1673778981 110
1673778981 112
1673778982 124
1673778982 184
1673778983 166
1673778983 148
1673778983 166
1673778983 141
1673778984 111
1673778984 147
1673778984 117
1673778984 137
1673778985 112
1673778986 137
1673778986 166
1673778986 105
1673778986 179
1673778986 199
1673778988 173
1673778989 143
1673778989 152
1673778990 122
1673778990 120
1673778990 115
1673778991 112
1673778991 122
1673778992 196
1673778992 109
1673778993 140
1673778993 103
1673778993 108
1673778994 178
1673778996 154
1673778996 136
1673778996 128
1673778996 172
1673778996 172
1673778998 123
1673778999 168
1673778999 157
1673778999 117
1673779000 190
1673779000 182
1673779001 106
1673779001 137
1673779001 116
1673779002 170
1673779002 133
1673779003 192
1673779003 133
1673779003 179
1673779004 174
1673779004 128
1673779004 145
1673779004 138
1673779004 185
1673779004 154
1673779004 144
1673779005 143
1673779005 123
1673779005 102
1673779005 118
1673779006 129
1673779006 131
1673779007 184
1673779007 164
1673779008 131
1673779008 164
1673779008 160
1673779008 104
1673779008 169
1673779009 119
1673779010 158
1673779010 198
1673779010 153
1673779010 103
1673779010 105
1673779010 106
1673779011 168
1673779012 130
1673779012 127
1673779012 190
1673779012 163
1673779012 194
1673779013 151
1673779013 194
1673779013 132
1673779013 143
1673779014 190
1673779014 128
1673779015 151
1673779015 157
1673779015 121
1673779016 138
1673779016 170
1673779016 145
1673779016 135
1673779017 112
1673779017 119
1673779018 138
1673779018 142
1673779018 154
1673779019 125
1673779019 193
1673779019 157
1673779019 194
1673779020 193
1673779020 161
1673779020 140
1673779021 163
1673779022 168
1673779022 158
1673779022 145
1673779022 193
1673779023 191
1673779024 111
1673779024 107
1673779024 125
1673779025 110
1673779026 153
1673779027 139
1673779028 197
1673779028 188
1673779028 176
1673779028 101
1673779028 111
1673779029 163
1673779029 146
1673779029 139
1673779029 111
1673779029 163
1673779029 154
1673779029 186
1673779030 183
1673779031 155
1673779031 183
1673779032 191
1673779033 140
1673779034 195
1673779034 118
1673779035 182
1673779035 142
1673779036 152
1673779036 162
1673779036 177
1673779036 151
1673779036 114
1673779036 171
1673779038 135
1673779038 144
1673779038 184
1673779038 106
1673779038 160
1673779038 180
1673779039 148
1673779039 111
1673779040 161
1673779040 194
1673779041 177
1673779041 193
1673779041 166
1673779041 180
1673779042 163
1673779042 139
1673779042 176
1673779042 104
1673779043 160
1673779044 144
1673779044 129
1673779045 139
1673779045 160
1673779045 143
1673779046 142
1673779046 103
1673779046 194
1673779047 194
1673779047 101
1673779047 156
1673779048 184
1673779048 143
1673779048 123
1673779049 182
1673779049 114
1673779049 149
1673779050 124
1673779050 136
1673779050 175
1673779051 157
1673779052 159
1673779052 192
1673779052 175
1673779052 186
1673779053 189
1673779054 196
1673779055 179
1673779055 145
1673779055 130
1673779057 184
1673779058 187
1673779058 120
1673779058 147
1673779058 102
1673779058 196
1673779058 126
1673779058 104
1673779059 101
1673779059 156
1673779060 148
1673779060 174
1673779061 122
1673779061 152
1673779061 188
1673779062 105
1673779063 104
1673779063 190
1673779064 199
1673779064 123
1673779065 118
1673779065 200
1673779066 190
1673779066 129
1673779066 106
1673779067 147
1673779067 162
1673779067 164
1673779068 200
1673779068 161
1673779068 197
1673779069 153
1673779069 177
1673779070 177
1673779070 182
1673779070 129
1673779071 187
1673779071 198
1673779072 175
1673779072 189
1673779072 118
1673779072 152
1673779073 174
1673779073 185
1673779073 131
1673779073 194
1673779073 169
1673779074 106
1673779074 110
1673779074 174
1673779074 123
1673779074 171
1673779075 108
1673779076 133
1673779076 169
1673779076 171
1673779077 153
1673779077 137
1673779077 199
1673779078 175
1673779078 126
1673779079 187
1673779079 114
1673779079 158
1673779080 122
1673779080 115
1673779080 148
1673779081 179
1673779081 165
1673779081 142
1673779082 154
1673779082 118
1673779083 151
1673779083 173
1673779084 110
1673779084 161
1673779084 106
1673779084 199
1673779085 170
1673779085 163
1673779086 164
1673779087 171
1673779088 155
1673779088 199
1673779089 164
1673779089 197
1673779090 182
1673779091 145
1673779091 127
1673779092 140
1673779092 170
1673779092 200
1673779093 126
1673779093 106
1673779093 158
1673779094 157
1673779094 110
1673779094 196
1673779094 143
1673779094 167
1673779094 171
1673779095 189
1673779095 156
1673779096 126
1673779096 165
1673779096 167
1673779096 150
1673779097 198
1673779097 144
1673779097 142
1673779097 140
1673779099 106
1673779099 158
1673779099 153
1673779100 170
1673779101 142
1673779101 113
1673779101 184
1673779101 149
1673779101 146
1673779102 104
1673779103 180
1673779103 131
1673779104 200
1673779104 156
1673779104 144
1673779105 141
1673779105 166
1673779106 154
1673779106 195
1673779106 197
1673779106 149
1673779107 111
1673779107 154
1673779107 129
1673779107 192
1673779107 167
1673779108 155
1673779108 131
1673779109 163
1673779109 143
1673779110 182
1673779111 147
1673779111 177
1673779111 101
1673779112 129
1673779113 192
1673779113 161
1673779113 198
1673779114 138
1673779114 133
1673779114 194
1673779114 105
1673779114 160
1673779114 160
1673779115 162
1673779115 153
1673779116 160
1673779116 157
1673779118 154
1673779118 151
1673779118 194
1673779118 150
1673779119 154
1673779119 197
1673779119 109
1673779119 187
1673779120 159
1673779120 177
1673779120 126
1673779120 193
1673779121 140
1673779121 112
1673779121 189
1673779121 117
1673779122 127
1673779122 109
1673779123 164
1673779123 137
1673779123 195
1673779124 185
1673779124 138
1673779124 129
1673779125 175
1673779125 185
1673779125 167
1673779126 170
1673779126 197
1673779126 170
1673779126 112
1673779127 196
1673779127 191
1673779128 164
1673779128 103
1673779128 161
1673779128 164
1673779129 163
1673779129 154
1673779129 179
1673779130 162
1673779130 191
1673779130 159
1673779130 192
1673779131 107
1673779131 169
1673779131 107
1673779132 172
1673779132 181
1673779132 166
1673779133 157
1673779133 133
1673779133 129
1673779134 196
1673779134 104
1673779134 181
1673779134 154
1673779134 126
1673779135 117
1673779135 107
1673779136 143
1673779136 103
1673779137 132
1673779138 123
1673779139 164
1673779139 116
1673779139 104
1673779139 135
1673779139 135
1673779139 183
1673779139 117
1673779141 152
1673779141 172
1673779142 182
1673779142 150
1673779142 160
1673779142 183
1673779143 121
1673779143 112
1673779143 150
1673779144 183
1673779144 146
1673779144 166
1673779145 200
1673779145 193
1673779146 147
1673779146 115
1673779148 181
1673779149 162
1673779149 182
1673779150 178
1673779150 117
1673779151 136
1673779151 200
1673779151 197
1673779151 190
1673779152 177
1673779153 115
1673779153 195
1673779153 168
1673779154 121
1673779154 103
1673779155 185
1673779155 187
1673779155 110
1673779156 128
1673779156 116
1673779157 148
1673779158 130
1673779158 162
1673779158 198
1673779159 176
1673779160 131
1673779160 167
1673779161 152
1673779161 117
1673779161 185
1673779161 197
1673779161 128
1673779162 167
1673779162 110
1673779162 159
1673779162 200
1673779162 154
1673779163 195
1673779163 130
1673779163 133
1673779163 104
1673779164 151
1673779164 171
1673779164 120
1673779165 152
1673779165 134
1673779166 145
1673779166 180
1673779167 175
1673779167 153
1673779167 104
1673779167 164
1673779168 149
1673779169 108
1673779169 159
1673779169 156
1673779171 180
1673779172 188
1673779172 190
1673779172 108
1673779172 141
1673779172 122
1673779173 119
1673779173 178
1673779173 107
1673779173 200
1673779173 119
1673779174 175
1673779174 161
1673779175 150
1673779175 181
1673779175 183
1673779176 105
1673779176 177
1673779177 187
1673779177 102
1673779178 136
1673779178 126
1673779178 200
1673779179 147
1673779180 117
1673779180 178
1673779181 178
1673779181 169
1673779181 107
1673779182 162
1673779182 183
1673779182 133
1673779182 102
1673779182 128
1673779182 142
1673779183 137
1673779183 121
1673779184 127
1673779184 126
1673779185 137
1673779185 150
1673779185 110
1673779186 157
1673779186 170
1673779186 177
1673779187 192
1673779187 115
1673779187 113
1673779188 161
1673779188 199
1673779188 108
1673779189 180
1673779190 179
1673779190 122
1673779190 144
1673779190 138
1673779190 177
1673779191 191
1673779191 138
1673779191 148
1673779191 108
1673779192 130
1673779193 112
1673779193 168
1673779193 133
1673779194 108
1673779195 147
1673779196 125
1673779196 155
1673779196 151
1673779196 137
1673779196 192
1673779197 170
1673779197 125
1673779197 171
1673779198 176
1673779199 140
1673779199 106
1673779199 147
1673779199 136
1673779200 187
1673779200 183
1673779200 185
1673779200 179
1673779202 174
1673779202 147
1673779203 122
1673779203 102
1673779204 116
1673779204 133
1673779205 134
1673779205 162
1673779205 115
1673779205 145
1673779205 126
1673779205 132
1673779205 113
1673779206 170
1673779206 156
1673779207 190
1673779207 178
1673779208 155
1673779209 199
1673779209 137
1673779210 155
1673779210 127
1673779210 143
1673779210 196
1673779211 187
1673779211 186
1673779211 173
1673779211 117
1673779212 198
1673779212 177
1673779213 152
1673779213 135
1673779213 163
1673779213 196
1673779213 174
1673779214 111
1673779215 105
1673779215 159
1673779215 108
1673779216 102
1673779218 102
1673779218 130
1673779219 129
1673779220 119
1673779220 154
1673779221 143
1673779221 149
1673779221 146
1673779221 194
1673779222 194
1673779222 140
1673779223 108
1673779223 179
1673779223 155
1673779223 145
1673779223 101
1673779224 117
1673779224 182
1673779225 134
1673779226 127
1673779227 125
1673779228 200
1673779228 124
1673779228 110
1673779229 131
1673779229 158
1673779229 103
1673779229 154
1673779230 127
1673779230 189
1673779230 175
1673779230 118
1673779230 143
1673779231 193
1673779231 189
1673779231 197
1673779231 106
1673779232 161
1673779232 154
1673779233 118
1673779233 176
1673779233 139
1673779234 196
1673779234 154
1673779234 108
1673779235 181
1673779235 104
1673779236 184
1673779237 116
1673779237 111
1673779237 106
1673779237 123
1673779237 197
1673779237 182
1673779238 118
1673779238 198
1673779238 147
1673779238 186
1673779239 145
1673779239 101
1673779239 168
1673779239 197
1673779240 158
1673779240 114
1673779240 179
1673779240 116
1673779241 197
1673779241 169
1673779241 154
1673779241 123
1673779241 151
1673779242 184
1673779243 189
1673779243 155
1673779244 195
1673779244 114
1673779244 131
1673779244 105
1673779245 122
1673779246 196
1673779246 124
1673779247 172
1673779247 162
1673779247 145
1673779248 184
1673779248 155
1673779248 159
1673779249 161
1673779249 181
1673779249 123
1673779249 176
1673779250 168
1673779250 189
1673779250 176
1673779250 123
1673779251 164
1673779251 113
1673779252 159
1673779252 107
1673779253 189
1673779253 124
1673779254 139
1673779254 122
1673779255 147
1673779256 196
1673779256 114
1673779257 162
1673779258 111
1673779258 104
1673779258 110
1673779258 182
1673779258 192
1673779258 136
1673779259 152
1673779259 181
1673779260 158
1673779260 148
1673779260 165
1673779261 162
1673779264 142
1673779264 150
1673779264 167
1673779264 176
1673779265 104
1673779265 168
1673779266 129
1673779267 190
1673779267 172
1673779269 181
1673779269 152
1673779270 171
1673779270 147
1673779270 138
1673779270 113
1673779270 191
1673779271 172
1673779272 157
1673779273 132
1673779274 140
1673779275 186
1673779275 113
1673779275 105
1673779275 140
1673779275 143
1673779276 194
1673779276 164
1673779276 152
1673779277 140
1673779277 171
1673779278 138
1673779278 116
1673779279 103
1673779280 198
1673779280 180
1673779280 133
1673779280 162
1673779280 163
1673779281 159
1673779281 127
1673779281 139
1673779282 115
1673779282 191
1673779282 119
1673779282 103
1673779283 131
1673779283 174
1673779283 172
1673779283 178
1673779283 154
1673779283 200
1673779283 127
1673779284 135
1673779285 105
1673779285 123
1673779285 175
1673779286 156
1673779286 180
1673779286 191
1673779286 162
1673779287 102
1673779287 112
1673779288 104
1673779288 177
1673779288 174
1673779290 190
1673779290 185
