1673776801 174
1673776802 108
1673776804 126
1673776804 124
1673776804 110
1673776806 152
1673776806 130
1673776807 171
1673776808 128
1673776809 198
1673776810 191
1673776810 196
1673776811 186
1673776811 106
1673776811 152
1673776815 105
1673776815 149
1673776817 166
1673776820 195
1673776821 149
1673776821 156
1673776821 195
1673776822 166
1673776822 127
1673776822 129
1673776822 102
1673776823 144
1673776823 186
1673776826 175
1673776826 135
1673776826 174
1673776828 144
1673776829 182
1673776829 132
1673776830 191
1673776830 148
1673776831 196
1673776832 163
1673776834 154
1673776834 108
1673776835 130
1673776835 145
1673776836 177
1673776836 135
1673776837 141
1673776838 195
1673776838 176
1673776841 102
1673776849 171
1673776852 178
1673776853 133
1673776853 154
1673776859 110
1673776862 171
1673776862 118
1673776863 101
1673776863 170
1673776867 145
1673776867 190
1673776871 178
1673776873 200
1673776873 111
1673776873 112
1673776873 143
1673776874 194
1673776876 116
1673776876 131
1673776876 193
1673776878 114
1673776879 200
1673776880 126
1673776883 119
1673776885 168
1673776885 167
1673776885 167
1673776889 193
1673776889 103
1673776889 162
1673776889 172
1673776890 138
1673776890 114
1673776895 180
1673776895 185
1673776895 179
1673776897 128
1673776897 165
1673776898 177
1673776898 189
1673776899 130
1673776899 108
1673776899 186
1673776900 111
1673776901 150
1673776902 174
1673776903 114
1673776903 182
1673776907 123
1673776907 150
1673776907 161
1673776908 148
1673776912 125
1673776912 174
1673776917 195
1673776917 160
1673776917 142
1673776920 119
1673776923 157
1673776923 128
1673776923 116
1673776923 194
1673776923 117
1673776923 169
1673776923 161
1673776924 108
1673776924 174
1673776924 158
1673776924 169
1673776924 113
1673776925 101
1673776925 109
1673776925 169
1673776925 128
1673776925 136
1673776926 174
1673776926 133
1673776928 181
1673776928 108
1673776929 177
1673776929 190
1673776929 188
1673776930 141
1673776931 118
1673776932 103
1673776932 101
1673776933 161
1673776934 177
1673776934 176
1673776935 135
1673776935 136
1673776936 103
1673776937 165
1673776938 180
1673776938 137
1673776938 191
1673776939 123
1673776939 156
1673776940 199
1673776940 188
1673776941 196
1673776944 151
1673776945 136
1673776946 112
1673776946 155
1673776947 141
1673776948 120
1673776948 165
1673776948 105
1673776948 177
1673776949 174
1673776949 176
1673776949 130
1673776950 199
1673776950 159
1673776952 123
1673776953 171
1673776953 132
1673776953 194
1673776953 191
1673776954 178
1673776955 115
1673776955 176
1673776955 146
1673776956 127
1673776957 129
1673776957 107
1673776957 102
1673776958 103
1673776958 144
1673776958 189
1673776959 115
1673776959 150
1673776959 133
1673776960 168
1673776961 132
1673776961 184
1673776961 116
1673776962 150
1673776962 127
1673776962 184
1673776962 131
1673776962 185
1673776963 130
1673776963 121
1673776964 101
1673776964 121
1673776964 140
1673776965 139
1673776965 146
1673776965 114
1673776966 115
1673776966 120
1673776966 136
1673776966 181
1673776966 194
1673776966 165
1673776966 113
1673776966 189
1673776967 141
1673776968 165
1673776968 164
1673776968 168
1673776968 119
1673776968 173
1673776969 185
1673776969 198
1673776970 115
1673776971 135
1673776971 162
1673776971 125
1673776972 193
1673776972 178
1673776972 200
1673776972 165
1673776972 160
1673776973 185
1673776973 126
1673776973 114
1673776974 112
1673776974 148
1673776974 186
1673776975 162
1673776975 150
1673776975 190
1673776976 148
1673776976 195
1673776977 145
1673776978 199
1673776978 195
1673776978 103
1673776978 170
1673776979 142
1673776979 128
1673776979 163
1673776979 199
1673776979 139
1673776980 111
1673776980 150
1673776980 195
1673776981 199
1673776981 106
1673776981 120
1673776981 109
1673776982 179
1673776982 119
1673776982 118
1673776982 164
1673776982 133
1673776982 111
1673776983 152
1673776987 192
1673776987 123
1673776989 154
1673776989 173
1673776990 166
1673776991 116
1673776991 105
1673776992 156
1673776992 188
1673776993 147
1673776996 191
1673776997 114
1673776997 171
1673776997 181
1673776998 157
1673776998 199
1673776999 197
1673776999 110
1673777000 174
1673777000 132
1673777000 103
1673777001 192
1673777001 200
1673777003 108
1673777003 115
1673777004 116
1673777004 164
1673777005 188
1673777005 121
1673777005 119
1673777006 169
1673777007 142
1673777007 199
1673777009 172
1673777011 107
1673777011 176
1673777012 111
1673777013 131
1673777013 130
1673777014 169
1673777015 174
1673777015 163
1673777015 127
1673777016 173
1673777016 163
1673777017 164
1673777018 200
1673777018 147
1673777018 179
1673777019 171
1673777019 185
1673777020 183
1673777021 162
1673777021 176
1673777021 193
1673777022 168
1673777022 110
1673777022 166
1673777022 164
1673777023 103
1673777023 176
1673777024 123
1673777024 177
1673777024 106
1673777024 128
1673777025 182
1673777025 177
1673777025 170
1673777025 129
1673777026 144
1673777026 124
1673777026 134
1673777027 101
1673777027 126
1673777027 134
1673777027 193
1673777027 150
1673777027 193
1673777028 173
1673777028 191
1673777029 186
1673777029 165
1673777030 156
1673777030 145
1673777031 166
1673777032 158
1673777032 163
1673777033 183
1673777033 125
1673777033 124
1673777033 118
1673777033 161
1673777034 134
1673777034 154
1673777035 117
1673777035 116
1673777035 135
1673777035 147
1673777035 200
1673777035 189
1673777036 190
1673777037 133
1673777037 183
1673777038 167
1673777038 200
1673777039 146
1673777039 169
1673777039 157
1673777039 153
1673777040 166
1673777040 109
1673777040 159
1673777041 133
1673777041 126
1673777042 144
1673777042 165
1673777042 182
1673777042 190
1673777043 124
1673777043 152
1673777043 140
1673777045 185
1673777045 159
1673777045 173
1673777045 166
1673777046 101
1673777047 171
1673777047 188
1673777048 161
1673777048 193
1673777049 155
1673777049 147
1673777049 146
1673777049 186
1673777050 101
1673777050 136
1673777050 166
1673777051 184
1673777051 114
1673777051 112
1673777052 155
1673777053 109
1673777054 167
1673777054 145
1673777054 143
1673777055 173
1673777055 123
1673777055 131
1673777055 108
1673777056 163
1673777056 125
1673777056 157
1673777057 174
1673777057 140
1673777057 175
1673777058 180
1673777058 132
1673777058 130
1673777059 182
1673777060 108
1673777060 168
1673777060 171
1673777061 176
1673777061 101
1673777061 178
1673777061 152
1673777062 149
1673777063 155
1673777063 127
1673777063 156
1673777066 141
1673777066 153
1673777066 131
1673777066 190
1673777067 124
1673777067 174
1673777067 174
1673777067 177
1673777068 122
1673777068 142
1673777068 126
1673777069 193
1673777069 156
1673777069 148
1673777069 112
1673777070 154
1673777070 174
1673777071 133
1673777071 141
1673777072 144
1673777072 171
1673777073 174
1673777073 183
1673777073 192
1673777073 142
1673777073 152
1673777074 126
1673777075 174
1673777075 195
1673777075 178
1673777076 139
1673777076 167
1673777076 183
1673777076 167
1673777077 181
1673777077 108
1673777077 131
1673777077 198
1673777078 136
1673777078 121
1673777078 167
1673777079 164
1673777079 115
1673777080 121
1673777080 182
1673777080 150
1673777080 117
1673777081 198
1673777082 176
1673777083 110
1673777083 121
1673777083 141
1673777083 156
1673777083 119
1673777084 145
1673777086 171
1673777086 148
1673777086 179
1673777086 179
1673777087 143
1673777087 180
1673777087 106
1673777087 158
1673777088 190
1673777088 105
1673777088 123
1673777089 104
1673777089 189
1673777090 188
1673777090 156
1673777090 177
1673777091 194
1673777091 118
1673777091 168
1673777092 197
1673777092 179
1673777092 102
1673777092 188
1673777093 169
1673777094 134
1673777094 162
1673777094 123
1673777094 155
1673777094 144
1673777095 178
1673777095 200
1673777095 121
1673777096 133
1673777096 187
1673777096 184
1673777096 125
1673777097 123
1673777097 132
1673777098 198
1673777098 152
1673777099 193
1673777100 131
1673777101 171
1673777101 187
1673777101 102
1673777101 191
1673777101 110
1673777102 169
1673777102 199
1673777102 137
1673777102 199
1673777102 170
1673777102 162
1673777102 108
1673777103 134
1673777103 121
1673777104 150
1673777104 173
1673777104 120
1673777104 111
1673777104 126
1673777104 166
1673777105 103
1673777106 105
1673777106 130
1673777106 200
1673777106 124
1673777107 173
1673777107 162
1673777107 113
1673777107 153
1673777107 196
1673777108 191
1673777108 147
1673777109 169
1673777109 138
1673777110 148
1673777110 126
1673777111 158
1673777111 171
1673777112 186
1673777112 170
1673777113 170
1673777113 197
1673777113 145
1673777113 105
1673777113 159
1673777114 176
1673777114 129
1673777114 182
1673777114 166
1673777114 138
1673777114 197
1673777114 144
1673777115 115
1673777115 106
1673777118 160
1673777118 153
1673777118 153
1673777118 154
1673777118 188
1673777120 162
1673777120 119
1673777120 199
1673777120 115
1673777120 107
1673777120 107
1673777120 147
1673777120 129
1673777121 106
1673777121 165
1673777122 122
1673777122 199
1673777122 175
1673777123 109
1673777123 127
1673777123 154
1673777124 153
1673777124 170
1673777124 146
1673777125 188
1673777125 190
1673777125 117
1673777125 109
1673777125 157
1673777126 147
1673777126 121
1673777127 121
1673777127 171
1673777127 158
1673777128 153
1673777128 155
1673777128 120
1673777128 118
1673777129 158
1673777129 154
1673777129 176
1673777130 139
1673777130 164
1673777130 107
1673777132 154
1673777133 108
1673777133 125
1673777134 196
1673777134 142
1673777135 167
1673777136 130
1673777137 155
1673777137 104
1673777137 140
1673777137 199
1673777137 164
1673777137 142
1673777138 189
1673777139 189
1673777139 138
1673777139 119
1673777139 196
1673777140 193
1673777141 155
1673777141 142
1673777141 162
1673777141 104
1673777141 135
1673777142 119
1673777142 151
1673777143 114
1673777143 138
1673777144 126
1673777144 198
1673777144 173
1673777145 124
1673777145 197
1673777146 162
1673777146 182
1673777146 186
1673777146 127
1673777146 122
1673777146 113
1673777146 116
1673777146 198
1673777147 183
1673777147 198
1673777147 154
1673777147 103
1673777148 133
1673777148 153
1673777148 196
1673777148 185
1673777148 179
1673777148 101
1673777148 133
1673777148 136
1673777148 116
1673777148 109
1673777149 112
1673777150 153
1673777150 169
1673777150 144
1673777150 102
1673777150 195
1673777150 181
1673777151 170
1673777152 105
1673777152 110
1673777152 139
1673777152 142
1673777153 171
1673777153 164
1673777153 171
1673777154 181
1673777154 120
1673777155 138
1673777155 126
1673777155 187
1673777156 158
1673777156 153
1673777156 162
1673777157 139
1673777157 195
1673777157 109
1673777157 155
1673777158 196
1673777158 124
1673777159 151
1673777159 180
1673777159 194
1673777160 167
1673777160 151
1673777160 170
1673777161 139
1673777161 152
1673777161 191
1673777162 182
1673777163 137
1673777163 122
1673777163 115
1673777163 160
1673777164 162
1673777164 159
1673777164 200
1673777164 142
1673777165 181
1673777165 137
1673777165 176
1673777165 109
1673777166 161
1673777166 169
1673777167 105
1673777167 164
1673777167 128
1673777167 197
1673777168 110
1673777168 178
1673777168 109
1673777169 163
1673777169 146
1673777169 158
1673777169 103
1673777169 107
1673777170 172
1673777170 174
1673777171 110
1673777172 135
1673777172 186
1673777173 141
1673777173 176
1673777173 183
1673777173 126
1673777173 170
1673777174 187
1673777174 109
1673777174 152
1673777175 197
1673777175 104
1673777176 200
1673777176 183
1673777176 169
1673777177 173
1673777177 132
1673777177 120
1673777177 153
1673777178 185
1673777178 158
1673777178 199
1673777178 130
1673777179 186
1673777180 125
1673777180 173
1673777181 181
1673777181 168
1673777181 111
1673777181 130
1673777182 174
1673777182 178
1673777182 160
1673777182 172
1673777183 160
1673777183 115
1673777183 168
1673777183 127
1673777184 123
1673777184 116
1673777184 166
1673777185 178
1673777185 140
1673777185 163
1673777185 157
1673777185 128
1673777186 123
1673777186 163
1673777186 190
1673777186 176
1673777186 121
1673777187 139
1673777187 144
1673777187 127
1673777187 195
1673777187 168
1673777188 160
1673777189 167
1673777189 152
1673777189 111
1673777189 117
1673777190 171
1673777190 162
1673777190 149
1673777190 166
1673777190 103
1673777190 138
1673777191 152
1673777191 107
1673777192 177
1673777192 133
1673777193 108
1673777193 194
1673777194 104
1673777194 133
1673777194 199
1673777195 163
1673777195 143
1673777196 138
1673777196 121
1673777197 192
1673777197 109
1673777198 138
1673777198 155
1673777199 182
1673777200 177
1673777200 118
1673777201 144
1673777201 118
1673777201 105
1673777202 159
1673777202 165
1673777202 180
1673777203 151
1673777203 172
1673777204 106
1673777204 149
1673777204 101
1673777204 147
1673777204 173
1673777204 124
1673777205 133
1673777205 106
1673777205 192
1673777206 137
1673777206 150
1673777206 149
1673777206 158
1673777206 193
1673777206 113
1673777207 199
1673777207 146
1673777207 121
1673777208 195
1673777208 182
1673777208 123
1673777208 166
1673777208 125
1673777208 185
1673777209 149
1673777209 118
1673777209 159
1673777209 163
1673777210 192
1673777210 137
1673777210 182
1673777210 155
1673777211 182
1673777212 127
1673777212 154
1673777212 139
1673777212 174
1673777212 187
1673777213 196
1673777214 164
1673777215 140
1673777215 144
1673777215 137
1673777216 113
1673777216 118
1673777216 186
1673777216 129
1673777216 139
1673777216 146
1673777216 170
1673777217 189
1673777217 152
1673777217 178
1673777217 185
1673777218 163
1673777218 189
1673777218 197
1673777218 185
1673777219 179
1673777219 163
1673777219 106
1673777219 140
1673777219 107
1673777220 185
1673777220 166
1673777220 107
1673777220 186
1673777222 192
1673777222 133
1673777222 107
1673777223 191
1673777224 197
1673777225 136
1673777228 147
1673777229 166
1673777229 197
1673777229 141
1673777229 130
1673777233 135
1673777234 120
1673777234 160
1673777236 140
1673777236 120
1673777236 122
1673777237 136
1673777237 191
1673777238 186
1673777238 127
1673777238 104
1673777239 189
1673777239 112
1673777239 113
1673777239 178
1673777240 174
1673777240 134
1673777240 153
1673777241 169
1673777241 147
1673777241 134
1673777242 125
1673777243 110
1673777243 132
1673777244 191
1673777244 118
1673777245 183
1673777247 121
1673777247 141
1673777248 190
1673777249 151
1673777249 147
1673777249 155
1673777249 108
1673777250 134
1673777251 163
1673777251 168
1673777251 191
1673777251 138
1673777251 107
1673777251 110
1673777252 183
1673777252 133
1673777253 164
1673777253 145
1673777254 124
1673777254 131
1673777255 114
1673777255 154
1673777255 107
1673777256 108
1673777257 103
1673777257 104
1673777257 122
1673777258 104
1673777258 200
1673777258 142
1673777258 136
1673777258 101
1673777258 132
1673777259 113
1673777259 107
1673777260 141
1673777260 167
1673777261 123
1673777261 103
1673777261 116
1673777262 176
1673777263 178
1673777264 159
1673777264 192
1673777265 146
1673777266 111
1673777266 194
1673777266 186
1673777267 136
1673777267 107
1673777268 189
1673777268 177
1673777268 117
1673777269 193
1673777270 199
1673777270 165
1673777270 124
1673777270 129
1673777270 142
1673777271 148
1673777271 133
1673777271 167
1673777271 130
1673777271 136
1673777271 103
1673777272 157
1673777272 133
1673777273 174
1673777273 170
1673777273 165
1673777273 189
1673777274 192
1673777274 130
1673777274 143
1673777275 116
1673777275 122
1673777275 155
1673777275 164
1673777276 136
1673777277 150
1673777277 133
1673777277 183
1673777277 128
1673777278 164
1673777278 197
1673777279 166
1673777279 183
1673777279 190
1673777279 107
1673777279 193
1673777280 102
1673777280 167
1673777280 138
1673777282 108
1673777283 155
1673777283 155
1673777284 181
1673777284 146
1673777284 193
1673777285 120
1673777285 145
1673777286 195
1673777286 107
1673777287 148
1673777287 184
1673777287 110
1673777287 142
1673777287 173
1673777288 138
1673777288 104
1673777288 167
1673777289 170
1673777289 146
1673777289 152
1673777289 138
1673777289 107
1673777289 192
1673777289 170
1673777290 146
1673777290 153
1673777291 108
1673777291 141
1673777291 152
1673777291 128
1673777292 127
1673777292 174
1673777292 189
1673777293 113
1673777293 128
1673777293 106
1673777293 174
1673777293 154
1673777293 173
1673777293 167
1673777293 179
1673777294 163
1673777294 180
1673777294 158
1673777295 162
1673777295 159
1673777295 142
1673777296 170
1673777297 122
1673777297 181
1673777298 131
1673777299 155
1673777299 111
1673777299 144
1673777300 159
1673777300 196
1673777301 106
1673777301 117
1673777302 126
1673777302 191
1673777302 136
1673777302 185
1673777302 121
1673777302 105
1673777302 103
1673777303 182
1673777303 169
1673777303 120
1673777303 159
1673777304 167
1673777304 138
1673777304 133
1673777304 189
1673777304 167
1673777305 149
1673777305 186
1673777305 172
1673777305 194
1673777306 142
1673777306 144
1673777306 122
1673777307 178
1673777307 113
1673777307 114
1673777308 112
1673777309 138
1673777309 111
1673777309 166
1673777309 126
1673777309 143
1673777310 120
1673777310 121
1673777310 104
1673777311 126
1673777311 121
1673777311 142
1673777311 133
1673777311 127
1673777312 196
1673777312 137
1673777313 149
1673777313 167
1673777313 148
1673777314 175
1673777314 146
1673777314 177
1673777315 101
1673777315 142
1673777315 131
1673777315 169
1673777315 133
1673777316 173
1673777316 187
1673777316 114
1673777317 126
1673777317 129
1673777317 128
1673777317 125
1673777317 187
1673777318 113
1673777318 188
1673777318 101
1673777319 188
1673777319 144
1673777319 129
1673777320 136
1673777320 179
1673777320 108
1673777321 165
1673777321 197
1673777321 192
1673777321 155
1673777321 141
1673777322 172
1673777322 159
1673777322 128
1673777323 137
1673777323 186
1673777323 140
1673777324 165
1673777324 111
1673777324 167
1673777324 132
1673777325 189
1673777325 157
1673777325 180
1673777325 156
1673777325 103
1673777325 175
1673777326 142
1673777326 113
1673777326 139
1673777326 107
1673777326 164
1673777326 122
1673777327 196
1673777327 125
1673777327 108
1673777328 188
1673777328 149
1673777328 157
1673777328 113
1673777329 175
1673777329 140
1673777329 125
1673777330 122
1673777331 151
1673777331 148
1673777331 159
1673777331 110
1673777332 101
1673777332 124
1673777332 164
1673777332 150
1673777332 111
1673777333 183
1673777333 159
1673777333 154
1673777333 101
1673777333 196
1673777333 114
1673777333 197
1673777333 168
1673777333 139
1673777334 126
1673777334 116
1673777335 196
1673777335 113
1673777336 160
1673777336 105
1673777336 187
1673777337 139
1673777338 136
1673777338 133
1673777338 195
1673777339 186
1673777340 198
1673777340 185
1673777340 168
1673777341 147
1673777341 144
1673777342 141
1673777342 118
1673777342 167
1673777343 178
1673777343 127
1673777344 172
1673777344 168
1673777345 140
1673777345 109
1673777345 186
1673777346 129
1673777346 129
1673777348 114
1673777353 137
1673777361 130
1673777361 102
1673777362 169
1673777362 168
1673777363 187
1673777363 121
1673777364 143
1673777364 150
1673777365 185
1673777365 187
1673777366 144
1673777367 142
1673777367 109
1673777367 130
1673777368 160
1673777368 114
1673777368 170
1673777368 177
1673777369 150
1673777369 160
1673777369 149
1673777369 136
1673777370 138
1673777370 125
1673777371 176
1673777371 146
1673777371 138
1673777371 181
1673777372 133
1673777373 126
1673777373 196
1673777373 173
1673777374 112
1673777374 122
1673777374 105
1673777374 103
1673777375 132
1673777375 137
1673777375 113
1673777375 120
1673777376 151
1673777377 138
1673777378 153
1673777378 151
1673777378 198
1673777378 144
1673777378 136
1673777379 146
1673777379 124
1673777379 156
1673777380 128
1673777380 121
1673777380 118
1673777380 165
1673777381 180
1673777382 175
1673777382 129
1673777383 184
1673777383 120
1673777383 169
1673777383 159
1673777384 155
1673777384 120
1673777384 177
1673777384 150
1673777384 179
1673777384 144
1673777385 190
1673777385 157
1673777385 192
1673777385 137
1673777385 168
1673777386 141
1673777387 170
1673777387 162
1673777388 168
1673777388 149
1673777388 105
1673777388 174
1673777388 172
1673777389 118
1673777389 175
1673777389 172
1673777389 195
1673777389 185
1673777389 128
1673777389 125
1673777390 182
1673777390 149
1673777391 171
1673777392 194
1673777392 165
1673777392 161
1673777392 187
1673777394 130
1673777396 122
1673777396 120
1673777396 137
1673777396 159
1673777397 177
1673777398 131
1673777398 127
1673777398 109
1673777399 134
1673777399 148
1673777400 178
1673777400 199
1673777401 172
1673777401 161
1673777401 147
1673777401 146
1673777401 198
1673777401 161
1673777401 200
1673777402 164
1673777402 175
1673777402 188
1673777403 174
1673777403 177
1673777404 138
1673777406 173
1673777406 165
1673777406 110
1673777406 153
1673777407 196
1673777407 161
1673777408 103
1673777408 181
1673777408 156
1673777408 154
1673777409 146
1673777409 128
1673777409 114
1673777409 197
1673777410 114
1673777410 199
1673777410 105
1673777411 192
1673777411 132
1673777411 148
1673777412 106
1673777412 116
1673777412 171
1673777412 180
1673777413 101
1673777413 199
1673777414 149
1673777414 164
1673777415 196
1673777415 119
1673777416 145
1673777416 123
1673777416 118
1673777417 190
1673777417 105
1673777418 193
1673777418 143
1673777418 193
1673777419 169
1673777419 127
1673777419 199
1673777420 166
1673777420 178
1673777420 106
1673777422 108
1673777422 180
1673777422 200
1673777423 157
1673777423 137
1673777423 165
1673777423 162
1673777424 168
1673777424 190
1673777424 103
1673777425 195
1673777425 159
1673777425 191
1673777425 179
1673777425 176
1673777425 177
1673777426 176
1673777426 150
1673777427 199
1673777428 148
1673777428 158
1673777428 119
1673777428 196
1673777429 148
1673777429 121
1673777429 132
1673777429 118
1673777429 190
1673777430 181
1673777430 116
1673777430 191
1673777431 153
1673777431 110
1673777432 199
1673777432 147
1673777433 122
1673777433 103
1673777433 102
1673777434 188
1673777434 127
1673777434 147
1673777434 117
1673777435 123
1673777435 139
1673777436 147
1673777436 170
1673777436 139
1673777436 121
1673777436 146
1673777437 154
1673777437 190
1673777437 113
1673777438 120
1673777438 186
1673777439 131
1673777440 162
1673777440 172
1673777440 118
1673777441 192
1673777441 120
1673777442 187
1673777443 134
1673777443 122
1673777443 185
1673777443 104
1673777443 115
1673777444 128
1673777444 179
1673777444 153
1673777444 184
1673777445 128
1673777445 138
1673777445 132
1673777446 192
1673777447 166
1673777447 158
1673777449 164
1673777449 112
1673777450 163
1673777450 165
1673777450 146
1673777450 131
1673777452 167
1673777453 186
1673777454 101
1673777454 115
1673777454 138
1673777455 177
1673777455 148
1673777455 180
1673777455 101
1673777455 110
1673777456 200
1673777456 189
1673777458 107
1673777458 140
1673777458 195
1673777458 109
1673777458 175
1673777458 125
1673777459 119
1673777459 132
1673777460 138
1673777460 190
1673777462 133
1673777462 137
1673777462 159
1673777462 159
1673777462 163
1673777464 183
1673777464 131
1673777465 140
1673777465 127
1673777465 129
1673777465 153
1673777466 187
1673777466 196
1673777466 147
1673777466 119
1673777467 193
1673777467 177
1673777467 157
1673777467 159
1673777468 174
1673777468 121
1673777468 194
1673777469 166
1673777469 117
1673777469 147
1673777469 154
1673777470 173
1673777471 124
1673777472 124
1673777473 115
1673777473 188
1673777473 184
1673777474 179
1673777475 154
1673777475 170
1673777476 124
1673777477 196
1673777477 112
1673777477 144
1673777477 131
1673777478 129
1673777479 108
1673777479 183
1673777479 133
1673777479 180
1673777480 102
1673777481 133
1673777481 128
1673777481 158
1673777482 136
1673777483 160
1673777483 115
1673777483 193
1673777483 159
1673777484 186
1673777484 187
1673777484 103
1673777484 186
1673777484 193
1673777484 141
1673777485 159
1673777485 113
1673777486 139
1673777486 115
1673777486 163
1673777486 157
1673777486 122
1673777487 125
1673777487 109
1673777487 114
1673777487 159
1673777487 118
1673777487 138
1673777487 132
1673777487 135
1673777489 102
1673777490 146
1673777490 118
1673777491 191
1673777491 135
1673777491 129
1673777491 125
1673777491 126
1673777491 128
1673777491 140
1673777492 191
1673777492 199
1673777492 188
1673777492 175
1673777493 106
1673777493 160
1673777493 117
1673777493 124
1673777493 157
1673777494 169
1673777494 136
1673777494 184
1673777494 176
1673777495 137
1673777495 146
1673777495 159
1673777495 139
1673777496 166
1673777496 102
1673777496 186
1673777497 190
1673777497 184
1673777497 194
1673777498 122
1673777498 142
1673777498 176
1673777499 104
1673777499 149
1673777499 153
1673777499 164
1673777499 156
1673777500 114
1673777501 138
1673777501 123
1673777502 102
1673777503 126
1673777505 134
1673777505 179
1673777506 134
1673777506 166
1673777507 104
1673777507 170
1673777508 144
1673777508 193
1673777509 124
1673777510 196
1673777510 124
1673777511 153
1673777511 164
1673777511 170
1673777511 194
1673777511 125
1673777511 159
1673777512 168
1673777512 184
1673777512 169
1673777513 131
1673777513 136
1673777513 157
1673777514 136
1673777514 152
1673777514 102
1673777515 197
1673777515 141
1673777515 172
1673777515 180
1673777515 140
1673777516 105
1673777516 197
1673777517 140
1673777518 116
1673777518 129
1673777518 148
1673777519 182
1673777519 110
1673777520 155
1673777520 165
1673777521 128
1673777521 170
1673777522 120
1673777522 110
1673777523 101
1673777523 126
1673777523 172
1673777524 144
1673777524 196
1673777524 120
1673777524 112
1673777524 114
1673777525 107
1673777526 128
1673777526 152
1673777526 159
1673777526 195
1673777527 191
1673777527 156
1673777529 160
1673777529 144
1673777530 174
1673777530 109
1673777530 125
1673777530 194
1673777531 103
1673777531 117
1673777531 116
1673777531 132
1673777531 198
1673777532 104
1673777533 191
1673777533 136
1673777533 155
1673777533 170
1673777534 134
1673777534 127
1673777535 103
1673777535 188
1673777535 143
1673777536 116
1673777537 130
1673777538 161
1673777538 155
1673777538 167
1673777538 132
1673777538 146
1673777539 126
1673777539 189
1673777539 150
1673777540 133
1673777541 104
1673777541 131
1673777542 111
1673777542 159
1673777542 190
1673777542 154
1673777542 166
1673777543 137
1673777543 127
1673777543 170
1673777544 150
1673777544 158
1673777545 186
1673777545 178
1673777545 118
1673777546 113
1673777546 125
1673777546 149
1673777546 144
1673777546 175
1673777546 116
1673777546 107
1673777547 147
1673777547 119
1673777548 143
1673777549 112
1673777549 142
1673777549 148
1673777550 131
1673777550 115
1673777550 183
1673777550 157
1673777550 175
1673777550 115
1673777550 119
1673777550 133
1673777551 138
1673777551 188
1673777551 174
1673777552 122
1673777552 188
1673777552 181
1673777552 111
1673777552 162
1673777553 101
1673777553 183
1673777554 157
1673777555 191
1673777555 184
1673777555 106
1673777556 172
1673777557 118
1673777557 158
1673777557 154
1673777557 105
1673777557 163
1673777558 132
1673777558 125
1673777559 180
1673777559 190
1673777559 151
1673777559 132
1673777560 165
1673777560 137
1673777560 123
1673777561 159
1673777561 191
1673777562 147
1673777563 105
1673777563 175
1673777563 146
1673777564 148
1673777564 121
1673777565 136
1673777565 165
1673777565 151
1673777567 150
1673777567 182
1673777567 140
1673777567 135
1673777567 169
1673777568 165
1673777568 120
1673777569 113
1673777571 174
1673777572 125
1673777572 116
1673777572 198
1673777572 125
1673777573 167
1673777573 174
1673777573 105
1673777574 117
1673777574 188
1673777574 130
1673777575 163
1673777575 173
1673777576 154
1673777576 132
1673777577 132
1673777577 191
1673777577 165
1673777578 162
1673777578 148
1673777578 101
1673777578 158
1673777580 125
1673777580 109
1673777580 128
1673777580 160
1673777581 151
1673777581 181
1673777581 196
1673777581 134
1673777581 172
1673777582 127
1673777583 140
1673777583 172
1673777583 182
1673777584 140
1673777584 123
1673777584 170
1673777585 101
1673777585 173
1673777585 141
1673777586 160
1673777586 170
1673777586 136
1673777586 131
1673777586 185
1673777587 154
1673777587 162
1673777587 128
1673777588 111
1673777588 108
1673777588 102
1673777588 132
1673777588 116
1673777588 132
1673777589 141
1673777590 195
1673777590 156
1673777591 115
1673777592 180
1673777592 134
1673777592 154
1673777592 175
1673777593 189
1673777594 197
1673777595 174
1673777595 165
1673777596 171
1673777596 177
1673777596 105
1673777597 183
1673777598 186
1673777599 156
1673777599 163
1673777599 122
1673777600 118
1673777601 189
1673777602 197
1673777602 123
1673777602 168
1673777602 107
1673777603 184
1673777603 145
1673777604 122
1673777604 200
1673777604 144
1673777605 192
1673777605 156
1673777605 192
1673777605 168
1673777605 188
1673777605 174
1673777605 183
1673777606 186
1673777606 138
1673777606 109
1673777606 198
1673777606 150
1673777606 173
1673777606 121
1673777607 129
1673777607 122
1673777607 189
1673777607 177
1673777608 102
1673777608 129
1673777608 159
1673777609 188
1673777609 121
1673777609 171
1673777610 179
1673777611 190
1673777611 106
1673777611 133
1673777611 138
1673777613 111
1673777613 102
1673777613 153
1673777613 166
1673777613 118
1673777614 148
1673777614 112
1673777614 102
1673777614 122
1673777615 189
1673777615 126
1673777615 182
1673777615 184
1673777615 159
1673777616 199
1673777617 161
1673777617 193
1673777618 126
1673777618 125
1673777618 176
1673777618 120
1673777619 112
1673777619 176
1673777619 165
1673777619 151
1673777619 105
1673777620 149
1673777620 131
1673777621 188
1673777621 176
1673777621 153
1673777622 126
1673777622 179
1673777624 150
1673777624 125
1673777624 144
1673777624 142
1673777625 141
1673777625 199
1673777625 148
1673777626 146
1673777626 163
1673777626 139
1673777626 196
1673777627 169
1673777627 168
1673777627 109
1673777627 105
1673777628 116
1673777628 102
1673777628 108
1673777628 153
1673777629 170
1673777629 130
1673777629 187
1673777630 190
1673777630 196
1673777630 162
1673777631 102
1673777632 133
1673777632 185
1673777632 133
1673777633 146
1673777633 122
1673777633 115
1673777633 136
1673777634 200
1673777634 143
1673777634 142
1673777635 176
1673777635 188
1673777635 140
1673777635 133
1673777635 182
1673777635 167
1673777636 176
1673777636 123
1673777636 173
1673777637 172
1673777637 141
1673777637 105
1673777638 131
1673777638 135
1673777638 184
1673777638 135
1673777639 151
1673777639 112
1673777639 187
1673777639 143
1673777639 123
1673777640 114
1673777640 108
1673777640 128
1673777641 129
1673777641 150
1673777641 197
1673777642 193
1673777642 163
1673777642 193
1673777643 123
1673777643 122
1673777643 144
1673777644 120
1673777644 137
1673777644 104
1673777645 192
1673777645 142
1673777646 158
1673777646 116
1673777649 182
1673777651 145
1673777652 180
1673777655 151
1673777657 132
1673777657 131
1673777657 192
1673777658 173
1673777658 137
1673777659 162
1673777660 119
1673777660 159
1673777660 190
1673777661 176
1673777661 146
1673777661 102
1673777662 122
1673777664 146
1673777664 168
1673777664 112
1673777665 146
1673777666 124
1673777666 185
1673777666 174
1673777667 137
1673777668 105
1673777670 140
1673777670 190
1673777671 142
1673777672 179
1673777672 106
1673777674 141
1673777674 155
1673777674 200
1673777674 145
1673777675 143
1673777675 102
1673777677 190
1673777677 131
1673777677 166
1673777677 200
1673777678 111
1673777678 111
1673777678 111
1673777679 200
1673777681 163
1673777682 128
1673777682 151
1673777682 155
1673777682 194
1673777683 140
1673777684 105
1673777684 188
1673777684 121
1673777685 126
1673777685 170
1673777686 164
1673777687 153
1673777687 120
1673777688 183
1673777690 192
1673777690 149
1673777690 143
1673777691 156
1673777692 167
1673777692 166
1673777693 161
1673777694 142
1673777695 177
1673777695 185
1673777695 103
1673777695 114
1673777697 174
1673777697 108
1673777697 169
1673777697 198
1673777699 147
1673777699 158
1673777700 139
1673777700 192
1673777701 189
1673777701 105
1673777701 142
1673777701 183
1673777702 117
1673777703 199
1673777703 102
1673777703 101
1673777704 186
1673777705 119
1673777705 182
1673777706 122
1673777706 112
1673777708 154
1673777708 129
1673777716 187
1673777717 200
1673777717 200
1673777717 161
1673777717 141
1673777718 179
1673777718 164
1673777718 180
1673777719 103
1673777719 164
1673777720 170
1673777720 163
1673777720 140
1673777720 183
1673777721 182
1673777721 184
1673777722 114
1673777723 151
1673777723 119
1673777724 198
1673777724 110
1673777724 175
1673777724 112
1673777724 195
1673777725 102
1673777725 190
1673777725 154
1673777727 137
1673777727 176
1673777727 149
1673777727 171
1673777728 149
1673777728 102
1673777730 107
1673777730 118
1673777730 114
1673777731 117
1673777731 112
1673777731 173
1673777731 198
1673777732 125
1673777732 131
1673777732 163
1673777732 181
1673777734 118
1673777734 184
1673777734 156
1673777735 151
1673777735 118
1673777735 128
1673777735 199
1673777736 155
1673777736 176
1673777736 154
1673777736 193
1673777737 140
1673777737 185
1673777737 140
1673777737 184
1673777738 132
1673777738 139
1673777739 146
1673777740 168
1673777740 146
1673777740 172
1673777741 160
1673777742 174
1673777743 197
1673777743 122
1673777743 146
1673777744 112
1673777744 195
1673777745 112
1673777745 174
1673777745 123
1673777745 179
1673777745 148
1673777746 104
1673777746 101
1673777746 146
1673777747 167
1673777748 185
1673777748 111
1673777748 195
1673777749 145
1673777749 147
1673777749 156
1673777749 113
1673777750 135
1673777750 183
1673777750 146
1673777750 113
1673777750 176
1673777750 191
1673777751 148
1673777751 135
1673777751 104
1673777751 160
1673777753 187
1673777753 155
1673777753 189
1673777753 186
1673777754 200
1673777754 145
1673777755 166
1673777755 115
1673777755 128
1673777755 126
1673777755 115
1673777756 181
1673777756 153
1673777756 143
1673777756 146
1673777757 128
1673777757 173
1673777757 151
1673777758 132
1673777760 139
1673777760 148
1673777760 154
1673777760 191
1673777761 165
1673777761 168
1673777762 184
1673777762 144
1673777762 153
1673777763 180
1673777763 158
1673777763 153
1673777763 125
1673777766 136
1673777773 114
1673777775 198
1673777775 144
1673777776 196
1673777779 182
1673777781 185
1673777782 103
1673777782 190
1673777782 164
1673777786 165
1673777786 141
1673777786 157
1673777788 178
1673777798 157
1673777798 139
1673777800 176
1673777800 120
1673777800 176
1673777802 113
1673777804 121
1673777805 110
1673777806 178
1673777807 170
1673777807 120
1673777811 120
1673777812 183
1673777812 169
1673777812 157
1673777813 169
1673777813 162
1673777815 167
1673777816 157
1673777816 159
1673777816 172
1673777819 106
1673777820 131
1673777820 138
1673777820 192
1673777822 185
1673777823 118
1673777823 177
1673777827 141
1673777827 135
1673777832 126
1673777833 190
1673777833 120
1673777834 134
1673777836 193
1673777836 117
1673777838 196
1673777838 115
1673777839 199
1673777839 199
1673777840 103
1673777844 193
1673777844 124
1673777845 169
1673777846 186
1673777846 134
1673777849 198
1673777856 117
1673777857 106
1673777861 154
1673777861 189
1673777861 190
1673777868 172
1673777868 154
1673777871 200
1673777872 188
1673777872 125
1673777872 190
1673777873 147
1673777873 188
1673777873 151
1673777875 199
1673777875 118
1673777880 120
1673777881 137
1673777881 189
1673777885 114
1673777886 113
1673777886 186
1673777902 159
1673777902 107
1673777902 197
1673777902 173
1673777902 144
1673777904 173
1673777906 197
1673777906 116
1673777908 195
1673777910 131
1673777910 166
1673777910 121
1673777913 124
1673777914 174
1673777914 160
1673777914 191
1673777915 143
1673777917 178
1673777920 129
1673777920 131
1673777920 174
1673777921 198
1673777923 113
1673777923 183
1673777924 171
1673777924 157
1673777927 155
1673777927 109
1673777927 186
1673777929 107
1673777930 104
1673777930 159
1673777930 130
1673777930 119
1673777931 193
1673777933 114
1673777933 104
1673777936 171
1673777936 193
1673777936 186
1673777937 174
1673777938 177
1673777938 135
1673777938 120
1673777939 118
1673777939 111
1673777941 167
1673777941 128
1673777943 185
1673777943 108
1673777944 113
1673777946 143
1673777946 128
1673777947 101
1673777948 111
1673777948 130
1673777955 163
1673777959 194
1673777961 181
1673777961 185
1673777961 117
1673777963 117
1673777964 169
1673777964 195
1673777964 153
1673777964 186
1673777964 125
1673777967 126
1673777967 156
1673777968 166
1673777970 125
1673777971 109
1673777971 182
1673777971 159
1673777972 160
1673777972 149
1673777973 117
1673777978 187
1673777981 177
1673777982 168
1673777982 125
1673777983 102
1673777984 190
1673777985 142
1673777985 156
1673777986 164
1673777986 136
1673777986 187
1673777987 185
1673777987 198
1673777991 165
1673777996 176
1673777998 132
1673777999 126
1673777999 113
1673777999 174
1673778002 101
1673778003 106
1673778004 198
1673778007 118
1673778008 196
1673778009 107
1673778010 159
1673778011 114
1673778012 113
1673778012 148
1673778013 199
1673778013 169
1673778013 137
1673778013 199
1673778013 155
1673778016 120
1673778016 145
1673778017 136
1673778018 114
1673778024 142
1673778026 137
1673778030 158
1673778034 138
1673778034 119
1673778037 140
1673778038 185
1673778049 186
1673778049 144
1673778050 200
1673778056 178
1673778056 120
1673778063 189
1673778065 192
1673778067 112
1673778067 154
1673778068 188
1673778072 109
1673778072 197
1673778076 182
1673778076 176
1673778077 145
1673778077 110
1673778080 197
1673778083 197
1673778084 157
1673778084 104
1673778087 196
1673778091 132
1673778095 115
1673778100 111
1673778100 101
1673778102 144
1673778105 125
1673778107 188
1673778107 170
1673778108 118
1673778119 187
1673778119 198
1673778120 120
1673778120 172
1673778122 136
1673778122 184
1673778123 125
1673778124 123
1673778124 124
1673778130 193
1673778130 195
1673778132 157
1673778133 165
1673778133 198
1673778134 169
1673778139 199
1673778139 141
1673778140 167
1673778140 126
1673778143 166
1673778157 194
1673778157 147
1673778157 114
1673778157 183
1673778160 150
1673778162 186
1673778168 121
1673778168 153
1673778168 163
1673778176 196
1673778179 149
1673778179 133
1673778180 113
1673778188 120
1673778188 160
1673778189 197
1673778190 180
1673778190 129
1673778192 152
1673778194 159
1673778196 126
1673778197 158
1673778198 166
1673778198 165
1673778199 124
1673778200 138
1673778201 160
1673778201 178
1673778201 193
1673778203 200
1673778204 195
1673778205 110
1673778205 193
1673778205 123
1673778206 161
1673778206 159
1673778206 168
1673778207 156
1673778207 185
1673778208 179
1673778210 143
1673778211 145
1673778211 133
1673778212 170
1673778213 123
1673778213 135
1673778214 182
1673778215 136
1673778215 111
1673778216 137
1673778216 184
1673778219 140
1673778220 196
1673778221 164
1673778221 160
1673778221 191
1673778221 126
1673778221 130
1673778222 135
1673778223 132
1673778224 190
1673778224 196
1673778225 101
1673778225 122
1673778226 188
1673778226 121
1673778227 172
1673778227 181
1673778227 104
1673778227 191
1673778229 132
1673778232 124
1673778233 167
1673778233 193
1673778233 144
1673778236 183
1673778236 109
1673778236 185
1673778236 161
1673778237 178
1673778237 165
1673778237 151
1673778237 135
1673778238 152
1673778238 142
1673778239 150
1673778239 113
1673778239 141
1673778239 193
1673778240 103
1673778241 109
1673778241 167
1673778241 101
1673778242 107
1673778242 179
1673778242 146
1673778242 177
1673778243 152
1673778243 127
1673778243 141
1673778243 192
1673778243 146
1673778244 144
1673778244 126
1673778244 156
1673778244 120
1673778244 104
1673778245 105
1673778247 141
1673778247 167
1673778247 124
1673778247 106
1673778248 157
1673778248 171
1673778248 199
1673778248 162
1673778249 110
1673778250 109
1673778252 112
1673778252 119
1673778252 200
1673778252 146
1673778253 137
1673778253 126
1673778254 134
1673778254 199
1673778255 109
1673778255 127
1673778256 125
1673778257 155
1673778257 126
1673778257 134
1673778257 175
1673778258 136
1673778258 184
1673778258 137
1673778259 172
1673778259 198
1673778259 160
1673778259 117
1673778260 177
1673778260 189
1673778260 176
1673778260 178
1673778260 194
1673778261 110
1673778261 148
1673778261 153
1673778261 113
1673778261 102
1673778261 105
1673778263 140
1673778263 146
1673778264 148
1673778264 171
1673778264 113
1673778265 197
1673778265 137
1673778265 147
1673778266 158
1673778266 132
1673778266 149
1673778267 193
1673778268 162
1673778268 159
1673778268 198
1673778269 102
1673778270 199
1673778270 182
1673778270 186
1673778270 139
1673778270 162
1673778270 132
1673778270 168
1673778271 180
1673778272 158
1673778272 199
1673778273 174
1673778274 103
1673778274 107
1673778274 101
1673778275 103
1673778275 135
1673778276 151
1673778276 157
1673778276 163
1673778277 178
1673778277 183
1673778277 186
1673778277 175
1673778278 158
1673778278 110
1673778278 186
1673778278 194
1673778279 169
1673778279 125
1673778280 132
1673778281 172
1673778281 142
1673778281 110
1673778281 160
1673778281 138
1673778281 183
1673778281 168
1673778281 198
1673778281 124
1673778282 185
1673778283 178
1673778283 151
1673778283 152
1673778284 104
1673778284 131
1673778285 148
1673778285 183
1673778285 115
1673778286 120
1673778286 137
1673778286 146
1673778287 111
1673778287 163
1673778288 127
1673778288 133
1673778289 138
1673778290 151
1673778290 193
1673778290 116
1673778291 168
1673778291 119
1673778292 161
1673778292 184
1673778293 184
1673778293 148
1673778294 126
1673778294 154
1673778295 105
1673778295 119
1673778295 119
1673778295 176
1673778296 152
1673778296 186
1673778297 135
1673778297 181
1673778297 175
1673778298 151
1673778298 145
1673778298 161
1673778298 190
1673778299 164
1673778299 138
1673778299 140
1673778299 187
1673778300 134
1673778300 178
1673778302 115
1673778302 136
1673778302 189
1673778302 164
1673778303 104
1673778303 135
1673778305 189
1673778305 155
1673778305 173
1673778305 157
1673778305 116
1673778306 193
1673778306 102
1673778306 129
1673778307 120
1673778307 117
1673778307 152
1673778307 118
1673778308 133
1673778309 193
1673778309 197
1673778309 154
1673778309 148
1673778309 111
1673778310 116
1673778311 138
1673778311 119
1673778311 163
1673778311 152
1673778311 198
1673778312 163
1673778312 121
1673778312 163
1673778312 180
1673778312 103
1673778312 165
1673778313 165
1673778313 198
1673778314 164
1673778314 129
1673778315 176
1673778315 200
1673778315 130
1673778315 142
1673778315 175
1673778316 165
1673778316 120
1673778316 102
1673778317 164
1673778317 121
1673778318 172
1673778318 152
1673778319 176
1673778319 152
1673778319 179
1673778320 110
1673778320 102
1673778320 193
1673778320 118
1673778320 153
1673778321 111
1673778321 154
1673778321 110
1673778322 131
1673778322 182
1673778322 137
1673778322 105
1673778322 156
1673778322 169
1673778322 135
1673778323 126
1673778323 200
1673778323 195
1673778323 109
1673778324 165
1673778324 133
1673778325 163
1673778326 122
1673778326 135
1673778327 184
1673778327 110
1673778327 133
1673778327 156
1673778328 195
1673778328 164
1673778329 187
1673778330 114
1673778330 163
1673778331 135
1673778331 189
1673778331 150
1673778331 115
1673778331 197
1673778331 174
1673778332 103
1673778332 181
1673778332 178
1673778333 129
1673778333 139
1673778333 159
1673778333 147
1673778333 152
1673778333 151
1673778334 142
1673778334 163
1673778334 168
1673778334 103
1673778335 198
1673778335 132
1673778335 117
1673778335 200
1673778336 176
1673778336 123
1673778336 163
1673778336 198
1673778336 173
1673778336 125
1673778337 106
1673778337 174
1673778337 105
1673778338 152
1673778338 106
1673778340 153
1673778340 144
1673778340 192
1673778340 125
1673778340 159
1673778340 162
1673778340 124
1673778341 113
1673778341 116
1673778341 135
1673778341 172
1673778343 192
1673778344 143
1673778345 137
1673778346 142
1673778346 155
1673778346 148
1673778347 132
1673778347 173
1673778347 114
1673778347 135
1673778348 121
1673778348 132
1673778348 145
1673778348 151
1673778349 180
1673778349 165
1673778349 122
1673778350 166
1673778350 125
1673778350 171
1673778350 112
1673778351 152
1673778351 171
1673778351 120
1673778351 166
1673778352 157
1673778352 149
1673778352 188
1673778352 193
1673778352 189
1673778353 177
1673778353 133
1673778353 103
1673778354 113
1673778354 196
1673778355 186
1673778357 101
1673778357 110
1673778358 185
1673778358 149
1673778359 155
1673778359 110
1673778359 192
1673778360 143
1673778360 126
1673778360 129
1673778361 175
1673778361 165
1673778361 164
1673778362 188
1673778362 187
1673778362 172
1673778362 172
1673778362 186
1673778363 196
1673778363 160
1673778363 139
1673778363 161
1673778363 180
1673778363 185
1673778364 180
1673778365 184
1673778365 196
1673778366 124
1673778366 190
1673778366 131
1673778366 187
1673778367 167
1673778367 141
1673778367 121
1673778368 106
1673778368 128
1673778368 119
1673778369 173
1673778369 141
1673778369 169
1673778369 148
1673778370 159
1673778370 125
1673778370 101
1673778371 171
1673778371 134
1673778371 200
1673778371 150
1673778371 181
1673778371 144
1673778372 176
1673778372 138
1673778372 143
1673778373 142
1673778373 163
1673778374 120
1673778374 123
1673778375 160
1673778376 161
1673778376 200
1673778377 198
1673778377 124
1673778377 115
1673778377 192
1673778378 139
1673778378 199
1673778378 102
1673778380 195
1673778380 179
1673778380 118
1673778380 138
1673778381 172
1673778381 194
1673778381 176
1673778381 106
1673778381 116
1673778382 169
1673778383 124
1673778383 171
1673778383 159
1673778383 114
1673778385 113
1673778386 136
1673778386 193
1673778386 184
1673778386 132
1673778386 183
1673778386 173
1673778387 175
1673778387 189
1673778387 129
1673778388 121
1673778388 151
1673778388 158
1673778388 186
1673778388 165
1673778388 118
1673778388 140
1673778389 185
1673778389 128
1673778390 138
1673778390 151
1673778392 137
1673778392 151
1673778392 168
1673778392 190
1673778393 165
1673778393 167
1673778393 178
1673778393 110
1673778394 196
1673778394 180
1673778396 112
1673778397 174
1673778397 196
1673778399 143
1673778399 187
1673778400 132
1673778401 124
1673778401 162
1673778402 191
1673778404 138
1673778404 158
1673778404 176
1673778404 184
1673778405 147
1673778405 170
1673778405 163
1673778405 170
1673778406 179
1673778406 129
1673778406 110
1673778407 173
1673778407 198
1673778408 186
1673778408 152
1673778409 192
1673778409 133
1673778409 188
1673778410 145
1673778410 195
1673778413 163
1673778413 154
1673778414 147
1673778414 165
1673778414 121
1673778415 137
1673778415 176
1673778415 126
1673778415 150
1673778416 154
1673778416 183
1673778417 144
1673778417 103
1673778417 121
1673778418 188
1673778418 191
1673778418 136
1673778419 144
1673778419 156
1673778419 123
1673778419 126
1673778420 132
1673778422 127
1673778422 157
1673778422 116
1673778423 137
1673778423 196
1673778423 200
1673778424 163
1673778424 131
1673778425 106
1673778425 198
1673778425 126
1673778426 131
1673778427 168
1673778427 135
1673778428 159
1673778428 151
1673778428 118
1673778428 119
1673778429 155
1673778429 158
1673778429 186
1673778429 105
1673778429 187
1673778429 196
1673778430 171
1673778430 128
1673778430 124
1673778430 177
1673778431 168
1673778431 146
1673778431 121
1673778432 177
1673778432 127
1673778432 179
1673778433 108
1673778433 115
1673778433 115
1673778434 144
1673778434 170
1673778435 133
1673778435 117
1673778435 166
1673778435 189
1673778436 140
1673778436 182
1673778436 189
1673778436 150
1673778437 177
1673778437 198
1673778438 156
1673778438 196
1673778438 187
1673778439 169
1673778439 173
1673778439 180
1673778439 173
1673778439 123
1673778440 101
1673778440 138
1673778440 150
1673778440 106
1673778440 165
1673778441 131
1673778441 154
1673778442 175
1673778442 129
1673778442 122
1673778443 159
1673778444 196
1673778444 118
1673778444 160
1673778444 188
1673778444 124
1673778445 132
1673778445 129
1673778445 164
1673778447 141
1673778447 168
1673778447 190
1673778448 198
1673778449 160
1673778449 111
1673778449 165
1673778449 196
1673778451 101
1673778451 114
1673778451 182
1673778451 136
1673778451 103
1673778451 122
1673778452 152
1673778452 144
1673778452 165
1673778453 162
1673778454 138
1673778454 133
1673778454 113
1673778454 175
1673778455 179
1673778456 160
1673778456 112
1673778456 155
1673778456 190
1673778457 148
1673778457 131
1673778457 139
1673778458 116
1673778458 114
1673778459 155
1673778459 121
1673778459 178
1673778459 138
1673778459 168
1673778459 189
1673778460 141
1673778461 140
1673778461 185
1673778461 125
1673778461 185
1673778462 148
1673778463 185
1673778463 155
1673778464 129
1673778464 153
1673778464 156
1673778465 142
1673778465 186
1673778466 159
1673778466 120
1673778466 149
1673778467 164
1673778467 123
1673778467 152
1673778468 127
1673778468 147
1673778468 177
1673778468 146
1673778469 131
1673778469 181
1673778469 159
1673778469 191
1673778469 184
1673778469 151
1673778469 153
1673778469 121
1673778470 186
1673778470 169
1673778470 177
1673778471 165
1673778471 140
1673778472 163
1673778473 199
1673778473 151
1673778473 196
1673778473 142
1673778473 130
1673778473 181
1673778474 180
1673778474 108
1673778474 134
1673778474 129
1673778475 188
1673778475 188
1673778475 119
1673778475 124
1673778475 101
1673778477 121
1673778477 160
1673778477 199
1673778478 109
1673778478 136
1673778478 130
1673778478 178
1673778479 117
1673778479 192
1673778479 184
1673778480 181
1673778480 176
1673778480 169
1673778480 181
1673778480 177
1673778481 170
1673778481 184
1673778481 148
1673778481 199
1673778482 126
1673778482 124
1673778482 182
1673778482 189
1673778482 116
1673778482 195
1673778483 179
1673778483 137
1673778484 125
1673778484 190
1673778485 108
1673778485 106
1673778485 183
1673778485 127
1673778486 155
1673778486 181
1673778486 125
1673778486 116
1673778487 163
1673778487 170
1673778488 152
1673778489 112
1673778489 170
1673778490 104
1673778491 199
1673778491 142
1673778491 144
1673778491 142
1673778491 147
1673778491 183
1673778492 116
1673778492 139
1673778492 175
1673778492 139
1673778493 195
1673778493 145
1673778494 174
1673778494 184
1673778494 171
1673778495 116
1673778495 146
1673778496 127
1673778496 198
1673778497 136
1673778497 144
1673778497 183
1673778497 182
1673778498 132
1673778498 175
1673778499 173
1673778500 189
1673778500 129
1673778501 177
1673778501 150
1673778502 126
1673778502 161
1673778502 112
1673778502 194
1673778502 150
1673778503 197
1673778504 177
1673778504 142
1673778504 128
1673778504 102
1673778505 171
1673778505 151
1673778505 169
1673778505 126
1673778506 150
1673778506 154
1673778506 119
1673778506 130
1673778506 173
1673778506 183
1673778507 154
1673778507 114
1673778508 179
1673778509 164
1673778509 103
1673778509 173
1673778509 196
1673778509 126
1673778511 148
1673778511 141
1673778511 128
1673778512 169
1673778512 139
1673778512 180
1673778512 177
1673778512 127
1673778513 168
1673778514 185
1673778514 142
1673778514 104
1673778514 102
1673778514 191
1673778514 198
1673778515 136
1673778515 119
1673778515 156
1673778515 173
1673778516 179
1673778516 175
1673778516 154
1673778516 120
1673778517 144
1673778518 171
1673778518 186
1673778518 199
1673778519 154
1673778519 139
1673778520 110
1673778520 136
1673778521 135
1673778521 119
1673778522 117
1673778523 116
1673778523 155
1673778523 185
1673778524 177
1673778524 132
1673778524 193
1673778525 191
1673778525 144
1673778525 181
1673778525 165
1673778525 130
1673778526 194
1673778527 158
1673778527 151
1673778528 159
1673778528 155
1673778529 157
1673778530 166
1673778530 193
1673778530 183
1673778530 165
1673778531 160
1673778531 119
1673778531 117
1673778532 118
1673778532 194
1673778533 198
1673778533 144
1673778533 150
1673778533 136
1673778534 129
1673778535 185
1673778535 133
1673778536 123
1673778536 195
1673778537 101
1673778537 194
1673778538 195
1673778538 137
1673778538 163
1673778539 105
1673778539 137
1673778540 104
1673778540 145
1673778541 141
1673778541 182
1673778541 102
1673778541 187
1673778542 176
1673778543 180
1673778543 104
1673778543 156
1673778544 146
1673778545 147
1673778545 116
1673778545 197
1673778545 170
1673778545 183
1673778545 139
1673778546 114
1673778546 116
1673778546 174
1673778546 108
1673778547 170
1673778547 133
1673778548 182
1673778548 149
1673778549 120
1673778549 146
1673778549 190
1673778549 178
1673778550 139
1673778550 149
1673778550 167
1673778550 181
1673778551 171
1673778551 117
1673778551 186
1673778551 159
1673778551 149
1673778552 116
1673778553 182
1673778553 123
1673778554 161
1673778554 109
1673778555 154
1673778555 125
1673778557 139
1673778557 194
1673778557 158
1673778558 127
1673778558 150
1673778558 162
1673778558 111
1673778558 168
1673778558 146
1673778559 177
1673778560 196
1673778560 125
1673778560 151
1673778560 146
1673778560 178
1673778560 157
1673778560 137
1673778560 164
1673778560 119
1673778561 159
1673778561 189
1673778561 181
1673778561 199
1673778561 169
1673778562 127
1673778563 191
1673778564 144
1673778565 155
1673778565 148
1673778566 192
1673778566 159
1673778567 152
1673778567 189
1673778569 188
1673778570 168
1673778570 109
1673778571 166
1673778571 138
1673778572 158
1673778572 199
1673778573 103
1673778573 128
1673778573 147
1673778574 176
1673778575 195
1673778575 147
1673778575 190
1673778575 146
1673778576 183
1673778576 152
1673778577 150
1673778578 110
1673778578 196
1673778578 112
1673778578 157
1673778578 150
1673778579 158
1673778579 131
1673778579 183
1673778579 130
1673778579 145
1673778580 170
1673778580 164
1673778580 141
1673778580 105
1673778580 154
1673778581 110
1673778581 166
1673778582 184
1673778583 102
1673778583 103
1673778584 182
1673778584 139
1673778584 148
1673778584 155
1673778585 157
1673778586 141
1673778586 108
1673778586 144
1673778587 105
1673778587 198
1673778587 168
1673778589 139
1673778589 120
1673778589 131
1673778590 139
1673778590 134
1673778590 153
1673778590 170
1673778590 131
1673778590 120
1673778591 195
1673778591 160
1673778592 145
1673778592 143
1673778592 145
1673778593 173
1673778593 167
1673778594 129
1673778594 142
1673778594 149
1673778594 115
1673778594 183
1673778595 188
1673778596 153
1673778596 140
1673778596 164
1673778596 132
1673778596 193
1673778596 121
1673778596 180
1673778596 131
1673778597 103
1673778597 127
1673778597 172
1673778598 143
1673778598 170
1673778598 161
1673778598 127
1673778599 132
1673778599 115
1673778599 177
1673778599 118
1673778600 153
1673778600 184
1673778601 170
1673778601 144
1673778601 164
1673778601 181
1673778601 131
1673778601 181
1673778602 141
1673778602 141
1673778602 103
1673778603 124
1673778603 197
1673778603 118
1673778605 134
1673778605 156
1673778606 113
1673778606 112
1673778607 181
1673778607 155
1673778608 145
1673778608 139
1673778609 161
1673778609 101
1673778611 111
1673778612 194
1673778613 116
1673778613 127
1673778613 117
1673778613 163
1673778613 176
1673778614 136
1673778614 139
1673778614 143
1673778615 186
1673778615 107
1673778615 169
1673778615 173
1673778615 164
1673778616 150
1673778616 199
1673778616 177
1673778616 143
1673778616 132
1673778616 152
1673778617 106
1673778618 102
1673778618 159
1673778618 110
1673778619 163
1673778619 157
1673778619 166
1673778620 135
1673778620 103
1673778621 152
1673778621 166
1673778622 179
1673778623 193
1673778623 150
1673778623 162
1673778625 131
1673778625 197
1673778625 198
1673778626 163
1673778627 175
1673778627 171
1673778627 128
1673778627 195
1673778628 195
1673778628 189
1673778628 143
1673778628 143
1673778629 101
1673778629 103
1673778629 153
1673778631 121
1673778631 168
1673778631 180
1673778632 109
1673778632 192
1673778632 176
1673778633 186
1673778633 140
1673778635 183
1673778635 192
1673778636 112
1673778637 157
1673778637 107
1673778638 128
1673778638 171
1673778639 105
1673778639 143
1673778639 109
1673778640 181
1673778640 160
1673778640 162
1673778640 144
1673778641 114
1673778641 131
1673778643 117
1673778643 150
1673778643 160
1673778643 159
1673778643 182
1673778644 102
1673778644 170
1673778645 128
1673778645 173
1673778645 120
1673778646 161
1673778647 130
1673778647 157
1673778647 103
1673778647 181
1673778648 128
1673778648 162
1673778649 191
1673778649 186
1673778649 178
1673778649 106
1673778649 123
1673778650 132
1673778650 158
1673778650 107
1673778650 138
1673778651 148
1673778651 199
1673778651 134
1673778652 111
1673778652 118
1673778653 150
1673778653 199
1673778653 155
1673778654 176
1673778654 129
1673778654 127
1673778654 167
1673778654 156
1673778654 134
1673778655 198
1673778655 131
1673778655 187
1673778655 134
1673778655 102
1673778655 119
1673778656 177
1673778656 106
1673778656 183
1673778656 162
1673778657 154
1673778657 197
1673778657 114
1673778657 135
1673778657 119
1673778658 191
1673778658 188
1673778658 187
1673778658 194
1673778659 191
1673778659 176
1673778660 101
1673778662 169
1673778662 196
1673778662 150
1673778662 124
1673778662 125
1673778662 200
1673778662 181
1673778662 180
1673778663 156
1673778663 116
1673778663 159
1673778663 103
1673778664 150
1673778665 147
1673778665 122
1673778665 107
1673778666 164
1673778666 155
1673778666 143
1673778668 189
1673778669 133
1673778669 117
1673778669 195
1673778670 152
1673778670 196
1673778670 158
1673778670 112
1673778671 148
1673778671 168
1673778671 159
1673778672 191
1673778672 143
1673778674 156
1673778674 122
1673778674 109
1673778674 172
1673778674 159
1673778675 111
1673778675 149
1673778675 177
1673778676 174
1673778676 169
1673778676 143
1673778679 142
1673778679 162
1673778680 161
1673778680 184
1673778680 142
1673778680 164
1673778681 120
1673778681 144
1673778681 150
1673778681 193
1673778682 195
1673778682 122
1673778682 186
1673778683 144
1673778683 168
1673778683 105
1673778684 153
1673778684 130
1673778685 198
1673778686 128
1673778686 181
1673778687 169
1673778687 130
1673778688 177
1673778688 175
1673778688 181
1673778688 125
1673778689 117
1673778689 102
1673778690 106
1673778690 165
1673778690 180
1673778691 199
1673778693 107
1673778693 196
1673778693 117
1673778693 161
1673778694 186
1673778694 145
1673778694 115
1673778695 172
1673778695 136
1673778695 118
1673778696 116
1673778696 131
1673778696 126
1673778696 180
1673778697 186
1673778697 171
1673778697 176
1673778698 105
1673778698 105
1673778699 167
1673778699 160
1673778699 140
1673778699 130
1673778700 174
1673778701 182
1673778702 176
1673778702 120
1673778702 170
1673778703 114
1673778703 178
1673778704 190
1673778704 154
1673778704 180
1673778704 193
1673778705 144
1673778705 197
1673778706 151
1673778707 165
1673778707 112
1673778707 174
1673778707 193
1673778707 160
1673778707 144
1673778708 153
1673778708 192
1673778708 119
1673778708 139
1673778708 128
1673778709 153
1673778709 181
1673778710 187
1673778710 141
1673778710 195
1673778710 126
1673778711 154
1673778711 183
1673778712 101
1673778712 131
1673778713 175
1673778713 188
1673778713 136
1673778713 163
1673778713 157
1673778713 136
1673778714 134
1673778714 121
1673778714 199
1673778714 116
1673778714 176
1673778714 173
1673778715 164
1673778715 182
1673778716 186
1673778716 166
1673778716 196
1673778716 178
1673778717 104
1673778718 144
1673778718 164
1673778719 198
1673778720 170
1673778720 146
1673778720 197
1673778721 172
1673778721 136
1673778721 124
1673778721 114
1673778722 165
1673778722 108
1673778723 124
1673778724 168
1673778724 114
1673778725 158
1673778726 151
1673778726 112
1673778727 117
1673778727 144
1673778727 189
1673778728 155
1673778728 172
1673778728 129
1673778729 184
1673778729 151
1673778729 167
1673778729 150
1673778731 136
1673778731 101
1673778731 124
1673778731 165
1673778731 135
1673778731 165
1673778731 185
1673778731 166
1673778732 149
1673778732 143
1673778732 156
1673778733 190
1673778733 193
1673778733 195
1673778734 149
1673778734 188
1673778734 119
1673778734 125
1673778734 156
1673778734 121
1673778736 141
1673778736 150
1673778736 119
1673778736 123
1673778737 175
1673778737 168
1673778737 185
1673778738 123
1673778739 187
1673778740 108
1673778740 128
1673778740 193
1673778740 129
1673778741 176
1673778741 153
1673778741 123
1673778742 101
1673778742 105
1673778742 116
1673778742 188
1673778742 107
1673778743 146
1673778744 185
1673778744 189
1673778744 106
1673778745 172
1673778745 155
1673778745 154
1673778746 118
1673778746 107
1673778746 167
1673778746 153
1673778747 120
1673778747 113
1673778748 125
1673778748 173
1673778748 170
1673778749 133
1673778749 149
1673778749 162
1673778749 174
1673778750 175
1673778750 176
1673778751 200
1673778752 111
1673778752 108
1673778752 175
1673778753 120
1673778753 185
1673778754 150
1673778754 162
1673778754 155
1673778756 167
1673778756 186
1673778756 144
1673778757 147
1673778757 197
1673778758 150
1673778758 173
1673778758 143
1673778759 151
1673778759 174
1673778760 116
1673778760 101
1673778760 193
1673778760 135
1673778761 148
1673778761 178
1673778761 134
1673778761 162
1673778761 139
1673778761 175
1673778762 159
1673778762 166
1673778762 114
1673778762 136
1673778763 136
1673778763 198
1673778763 155
1673778763 141
1673778763 135
1673778763 106
1673778763 111
1673778764 194
1673778764 194
1673778764 194
1673778765 189
1673778766 148
1673778766 135
1673778767 183
1673778767 146
1673778767 154
1673778767 130
1673778767 147
1673778768 117
1673778768 166
1673778768 127
1673778768 114
1673778768 133
1673778768 195
1673778769 122
1673778769 146
1673778769 181
1673778769 169
1673778771 127
1673778771 109
1673778772 193
1673778772 108
1673778772 129
1673778773 106
1673778773 193
1673778774 193
1673778775 159
1673778775 195
1673778776 145
1673778776 189
1673778776 169
1673778777 169
1673778777 149
1673778777 149
1673778778 177
1673778778 123
1673778778 190
1673778778 192
1673778778 158
1673778779 185
1673778779 126
1673778781 163
1673778782 189
1673778782 161
1673778782 188
1673778783 173
1673778783 105
1673778784 156
1673778784 114
1673778785 165
1673778786 106
1673778786 181
1673778787 133
1673778787 118
1673778787 200
1673778789 136
1673778790 171
1673778790 146
1673778790 154
1673778790 196
1673778790 145
1673778790 104
1673778791 200
1673778792 176
1673778792 123
1673778792 114
1673778793 190
1673778793 185
1673778793 125
1673778793 157
1673778793 154
1673778793 105
1673778794 105
1673778794 181
1673778794 168
1673778794 103
1673778794 147
1673778795 108
1673778795 160
1673778795 111
1673778796 130
1673778796 146
1673778796 126
1673778796 192
1673778796 162
1673778796 129
1673778797 165
1673778797 133
1673778797 121
1673778797 182
1673778798 160
1673778798 124
1673778799 169
1673778799 106
1673778800 158
1673778800 152
1673778800 110
1673778800 115
1673778802 168
1673778802 142
1673778802 134
1673778802 174
1673778802 120
1673778802 137
1673778803 171
1673778803 174
1673778803 170
1673778804 186
1673778805 119
1673778805 135
1673778805 138
1673778806 146
1673778806 135
1673778806 166
1673778806 158
1673778806 156
1673778806 167
1673778807 146
1673778808 148
1673778808 107
1673778808 149
1673778809 102
1673778809 115
1673778810 151
1673778811 178
1673778811 145
1673778811 168
1673778812 175
1673778812 101
1673778813 110
1673778814 109
1673778814 139
1673778814 164
1673778815 190
1673778816 186
1673778816 126
1673778816 131
1673778816 123
1673778817 142
1673778817 152
1673778817 178
1673778818 199
1673778819 109
1673778819 107
1673778819 138
1673778819 117
1673778819 159
1673778819 140
1673778821 173
1673778821 146
1673778821 199
1673778821 186
1673778822 122
1673778822 168
1673778823 166
1673778824 179
1673778824 151
1673778824 170
1673778824 160
1673778825 105
1673778825 196
1673778825 141
1673778825 133
1673778825 102
1673778825 174
1673778826 121
1673778826 145
1673778827 200
1673778827 101
1673778827 165
1673778828 182
1673778828 179
1673778829 177
1673778829 117
1673778830 134
1673778830 172
1673778830 110
1673778830 156
1673778830 159
1673778831 162
1673778832 163
1673778832 115
1673778832 174
1673778832 151
1673778834 170
1673778834 122
1673778835 171
1673778835 164
1673778836 113
1673778836 150
1673778836 187
1673778836 144
1673778836 163
1673778836 195
1673778837 159
1673778837 116
1673778838 111
1673778838 114
1673778839 136
1673778839 101
1673778840 174
1673778840 163
1673778841 196
1673778841 128
1673778841 145
1673778841 131
1673778842 154
1673778842 173
1673778843 149
1673778843 134
1673778843 162
1673778844 187
1673778844 102
1673778845 189
1673778845 144
1673778845 197
1673778845 156
1673778846 113
1673778847 143
1673778847 174
1673778848 146
1673778848 118
1673778848 192
1673778849 184
1673778849 137
1673778849 188
1673778849 159
1673778850 198
1673778850 164
1673778850 175
1673778851 101
1673778851 169
1673778851 116
1673778851 136
1673778852 108
1673778853 118
1673778853 129
1673778853 139
1673778854 132
1673778854 138
1673778855 161
1673778855 175
1673778856 163
1673778856 141
1673778857 128
1673778858 183
1673778859 190
1673778859 132
1673778859 120
1673778859 102
1673778860 142
1673778860 102
1673778861 183
1673778861 130
1673778862 105
1673778862 148
1673778862 136
1673778862 121
1673778863 108
1673778863 150
1673778863 175
1673778864 138
1673778864 118
1673778864 168
1673778864 144
1673778864 161
1673778864 187
1673778864 188
1673778864 107
1673778865 196
1673778866 149
1673778866 117
1673778866 188
1673778866 124
1673778866 187
1673778867 180
1673778867 162
1673778867 186
1673778867 122
1673778867 121
1673778868 188
1673778868 170
1673778868 162
1673778868 171
1673778868 191
1673778869 195
1673778869 167
1673778870 143
1673778870 187
1673778870 183
1673778870 148
1673778870 188
1673778870 169
1673778870 134
1673778871 142
1673778871 112
1673778871 161
1673778872 112
1673778872 138
1673778872 146
1673778872 194
1673778872 102
1673778872 117
1673778872 136
1673778872 160
1673778872 129
1673778873 196
1673778874 123
1673778875 144
1673778875 142
1673778875 120
1673778875 193
1673778875 186
1673778876 171
1673778876 199
1673778876 151
1673778876 114
1673778876 135
1673778877 189
1673778877 104
1673778877 134
1673778877 119
1673778878 144
1673778878 147
1673778879 194
1673778879 141
1673778879 170
1673778879 156
1673778879 137
1673778879 188
1673778881 182
1673778881 116
1673778881 117
1673778882 142
1673778882 165
1673778882 188
1673778882 124
1673778882 140
1673778883 183
1673778883 160
1673778883 128
1673778883 178
1673778883 182
1673778883 104
1673778883 112
1673778884 112
1673778884 167
1673778885 124
1673778886 126
1673778886 121
1673778886 127
1673778886 113
1673778886 182
1673778886 119
1673778887 171
1673778887 173
1673778887 125
1673778887 117
1673778888 198
1673778888 103
1673778888 134
1673778888 169
1673778888 176
1673778889 124
1673778889 149
1673778889 177
1673778890 163
1673778890 184
1673778890 103
1673778890 197
1673778891 124
1673778891 198
1673778891 147
1673778891 179
1673778891 112
1673778892 162
1673778893 126
1673778894 131
1673778894 178
1673778896 118
1673778896 185
1673778896 134
1673778896 135
1673778896 143
1673778897 173
1673778897 177
1673778897 123
1673778897 173
1673778898 184
1673778898 101
1673778898 142
1673778898 101
1673778899 124
1673778899 156
1673778899 178
1673778900 103
1673778900 127
1673778900 195
1673778900 131
1673778901 141
1673778901 190
1673778901 163
1673778902 109
1673778902 193
1673778903 146
1673778904 193
1673778904 134
1673778904 110
1673778905 178
1673778905 153
1673778906 120
1673778907 171
1673778907 129
1673778907 103
1673778908 169
1673778908 149
1673778908 155
1673778909 195
1673778909 191
1673778909 141
1673778910 147
1673778910 159
1673778910 141
1673778911 152
1673778912 167
1673778912 105
1673778912 174
1673778913 182
1673778913 172
1673778914 182
1673778914 158
1673778914 135
1673778914 152
1673778915 106
1673778915 141
1673778915 130
1673778916 158
1673778916 110
1673778917 163
1673778917 151
1673778917 128
1673778918 124
1673778919 145
1673778919 105
1673778919 144
1673778919 194
1673778919 122
1673778919 119
1673778919 197
1673778920 102
1673778920 109
1673778920 142
1673778920 173
1673778921 157
1673778921 157
1673778922 195
1673778922 192
1673778922 155
1673778923 177
1673778924 128
1673778924 176
1673778925 155
1673778925 174
1673778925 120
1673778926 155
1673778926 120
1673778926 169
1673778926 191
1673778927 144
1673778927 139
1673778927 173
1673778927 187
1673778927 121
1673778929 150
1673778930 144
1673778930 167
1673778930 116
1673778930 182
1673778930 188
1673778930 146
1673778930 105
1673778931 143
1673778931 169
1673778931 193
1673778931 122
1673778932 111
1673778932 130
1673778932 168
1673778932 129
1673778932 140
1673778933 177
1673778933 191
1673778934 200
1673778934 168
1673778934 136
1673778934 152
1673778934 190
1673778935 119
1673778935 192
1673778935 170
1673778935 133
1673778935 109
1673778936 187
1673778936 138
1673778936 143
1673778937 194
1673778937 163
1673778937 163
1673778938 163
1673778938 167
1673778938 129
1673778938 140
1673778939 102
1673778939 141
1673778939 114
1673778939 101
1673778939 181
1673778939 164
1673778939 194
1673778940 119
1673778940 186
1673778940 119
1673778940 152
1673778941 140
1673778941 148
1673778941 171
1673778942 179
1673778942 107
1673778942 133
1673778942 109
1673778943 183
1673778943 114
1673778943 161
1673778943 179
1673778944 110
1673778944 130
1673778944 188
1673778944 169
1673778944 140
1673778944 131
1673778946 132
1673778946 127
1673778947 108
1673778947 184
1673778948 141
1673778948 115
1673778948 124
1673778949 103
1673778949 154
1673778949 106
1673778950 190
1673778950 170
1673778950 128
1673778951 104
1673778951 153
1673778951 129
1673778951 117
1673778951 109
1673778952 139
1673778952 152
1673778953 146
1673778953 151
1673778953 115
1673778953 132
1673778954 109
1673778954 171
1673778954 110
1673778955 199
1673778955 125
1673778956 185
1673778956 168
1673778956 131
1673778956 132
1673778957 187
1673778957 198
1673778957 133
1673778958 185
1673778959 131
1673778960 162
1673778960 140
1673778960 114
1673778960 168
1673778960 188
1673778960 164
1673778960 171
1673778960 195
1673778961 123
1673778962 123
1673778962 119
1673778963 158
1673778963 143
1673778963 138
1673778964 117
1673778964 143
1673778964 141
1673778965 146
1673778966 114
1673778966 166
1673778966 135
1673778967 192
1673778967 181
1673778967 195
1673778968 197
1673778968 169
1673778968 123
1673778969 138
1673778969 162
1673778969 131
1673778970 114
1673778970 113
1673778970 103
1673778970 166
1673778971 175
1673778971 124
1673778971 153
1673778972 175
1673778972 193
1673778973 191
1673778973 118
1673778973 124
1673778973 141
1673778973 127
1673778974 181
1673778974 200
1673778975 180
1673778975 161
1673778975 102
1673778975 195
1673778975 163
1673778975 136
1673778976 122
1673778976 133
1673778977 181
1673778977 169
1673778977 183
1673778977 144
1673778977 138
1673778977 178
1673778978 132
1673778978 164
1673778978 167
1673778978 188
1673778979 200
1673778979 123
1673778980 105
1673778980 145
1673778981 113
1673778981 138
1673778982 196
1673778982 145
1673778983 164
1673778984 142
1673778984 167
1673778984 145
1673778984 188
1673778984 154
1673778984 200
1673778985 154
1673778985 148
1673778986 149
1673778986 117
1673778986 183
1673778986 102
1673778986 186
1673778987 113
1673778987 156
1673778988 157
1673778988 145
1673778988 132
1673778988 108
1673778989 154
1673778989 129
1673778989 167
1673778989 105
1673778989 127
1673778989 176
1673778990 139
1673778990 132
1673778990 132
1673778990 117
1673778990 109
1673778991 183
1673778991 158
1673778992 193
1673778992 136
1673778992 190
1673778992 187
1673778993 116
1673778993 133
1673778993 117
1673778993 104
1673778993 185
1673778994 184
1673778995 165
1673778995 147
1673778995 129
1673778995 118
1673778995 181
1673778996 148
1673778996 141
1673778996 139
1673778997 159
1673778997 152
1673778997 110
1673778998 121
1673778998 178
1673778998 186
1673778999 151
1673778999 186
1673779000 160
1673779000 115
1673779001 161
1673779001 191
1673779001 136
1673779001 113
1673779002 117
1673779002 134
1673779002 142
1673779002 170
1673779002 176
1673779003 163
1673779003 151
1673779003 196
1673779004 124
1673779005 111
1673779005 189
1673779006 120
1673779006 162
1673779006 142
1673779006 123
1673779007 200
1673779007 139
1673779008 172
1673779009 121
1673779009 169
1673779010 175
1673779010 182
1673779010 190
1673779012 119
1673779012 105
1673779012 169
1673779012 136
1673779013 137
1673779014 114
1673779014 122
1673779015 101
1673779015 127
1673779016 159
1673779016 189
1673779016 129
1673779017 194
1673779017 186
1673779017 173
1673779017 139
1673779018 165
1673779018 140
1673779018 144
1673779018 126
1673779019 189
1673779021 148
1673779021 138
1673779021 178
1673779021 154
1673779022 111
1673779023 188
1673779023 170
1673779023 150
1673779023 118
1673779023 171
1673779023 106
1673779023 119
1673779023 104
1673779024 120
1673779025 119
1673779025 121
1673779026 153
1673779026 108
1673779026 167
1673779026 199
1673779026 184
1673779027 169
1673779027 111
1673779027 191
1673779027 137
1673779027 116
1673779027 172
1673779028 169
1673779028 149
1673779029 124
1673779029 135
1673779030 113
1673779030 183
1673779031 127
1673779031 144
1673779031 184
1673779032 198
1673779032 104
1673779032 160
1673779032 114
1673779033 197
1673779033 188
1673779033 155
1673779034 103
1673779034 169
1673779034 115
1673779034 119
1673779034 137
1673779034 172
1673779035 164
1673779035 116
1673779036 135
1673779036 109
1673779036 124
1673779037 157
1673779037 153
1673779037 149
1673779038 175
1673779040 116
1673779041 179
1673779041 143
1673779042 157
1673779043 126
1673779043 121
1673779043 145
1673779043 112
1673779043 112
1673779044 119
1673779044 127
1673779044 193
1673779045 175
1673779046 101
1673779046 110
1673779046 198
1673779047 197
1673779047 178
1673779048 198
1673779048 161
1673779049 112
1673779049 145
1673779049 110
1673779049 153
1673779049 172
1673779051 165
1673779051 135
1673779051 173
1673779051 150
1673779051 125
1673779051 178
1673779051 193
1673779052 164
1673779053 153
1673779053 182
1673779053 148
1673779053 185
1673779054 131
1673779054 102
1673779055 191
1673779055 108
1673779055 199
1673779055 143
1673779055 165
1673779055 162
1673779055 135
1673779056 122
1673779056 178
1673779056 159
1673779056 145
1673779056 188
1673779056 191
1673779056 190
1673779057 191
1673779057 102
1673779058 180
1673779058 192
1673779059 188
1673779059 127
1673779059 163
1673779059 134
1673779059 153
1673779059 129
1673779060 195
1673779060 189
1673779060 161
1673779060 111
1673779060 181
1673779061 132
1673779061 102
1673779061 146
1673779062 131
1673779062 150
1673779062 167
1673779062 113
1673779062 173
1673779062 188
1673779063 151
1673779064 141
1673779064 121
1673779064 185
1673779064 127
1673779064 188
1673779064 128
1673779065 188
1673779066 164
1673779066 137
1673779066 153
1673779066 126
1673779067 119
1673779067 144
1673779067 142
1673779067 164
1673779068 128
1673779068 191
1673779069 159
1673779069 156
1673779070 172
1673779070 199
1673779070 149
1673779070 126
1673779070 163
1673779071 181
1673779072 153
1673779073 193
1673779073 147
1673779073 161
1673779074 161
1673779074 165
1673779076 146
1673779076 114
1673779076 145
1673779076 129
1673779076 107
1673779077 143
1673779077 143
1673779078 169
1673779078 152
1673779079 147
1673779079 189
1673779079 143
1673779079 161
1673779080 182
1673779083 197
1673779083 173
1673779083 154
1673779084 108
1673779084 121
1673779084 166
1673779084 131
1673779084 159
1673779085 168
1673779086 156
1673779086 199
1673779087 156
1673779088 149
1673779088 169
1673779088 121
1673779088 196
1673779088 116
1673779089 162
1673779089 117
1673779089 117
1673779089 106
1673779089 128
1673779089 118
1673779089 155
1673779089 155
1673779090 150
1673779090 107
1673779092 152
1673779092 168
1673779092 178
1673779093 180
1673779093 142
1673779094 200
1673779094 177
1673779094 102
1673779094 134
1673779095 185
1673779095 111
1673779095 190
1673779095 114
1673779096 200
1673779097 121
1673779098 102
1673779098 181
1673779098 161
1673779098 119
1673779099 181
1673779099 125
1673779099 106
1673779099 136
1673779099 132
1673779099 104
1673779100 109
1673779100 137
1673779100 179
1673779101 145
1673779101 144
1673779101 104
1673779102 111
1673779102 137
1673779102 178
1673779102 151
1673779102 137
1673779103 162
1673779104 128
1673779104 135
1673779104 130
1673779105 127
1673779105 114
1673779105 186
1673779106 114
1673779107 156
1673779107 121
1673779107 167
1673779108 162
1673779108 173
1673779108 126
1673779108 178
1673779109 182
1673779110 133
1673779110 177
1673779110 191
1673779110 137
1673779110 173
1673779110 162
1673779111 136
1673779111 128
1673779111 145
1673779112 146
1673779112 182
1673779112 134
1673779113 147
1673779113 123
1673779114 149
1673779114 135
1673779114 155
1673779114 102
1673779114 123
1673779114 162
1673779116 178
1673779116 159
1673779117 101
1673779117 153
1673779118 188
1673779118 139
1673779118 111
1673779119 120
1673779119 153
1673779120 162
1673779120 133
1673779121 105
1673779121 188
1673779122 165
1673779122 188
1673779123 111
1673779123 196
1673779124 169
1673779124 190
1673779124 199
1673779124 147
1673779125 107
1673779125 120
1673779125 175
1673779127 159
1673779127 140
1673779127 139
1673779127 162
1673779127 178
1673779128 103
1673779128 193
1673779128 196
1673779128 166
1673779128 150
1673779128 151
1673779129 161
1673779129 192
1673779130 177
1673779131 103
1673779131 141
1673779131 164
1673779132 118
1673779132 139
1673779132 112
1673779133 172
1673779134 191
1673779134 104
1673779134 111
1673779135 128
1673779135 131
1673779135 167
1673779136 121
1673779136 128
1673779136 198
1673779136 187
1673779137 199
1673779137 149
1673779137 104
1673779137 159
1673779137 196
1673779138 124
1673779138 117
1673779138 177
1673779138 143
1673779139 160
1673779139 189
1673779139 124
1673779140 163
1673779140 194
1673779140 165
1673779141 185
1673779141 152
1673779141 104
1673779141 134
1673779141 144
1673779142 144
1673779142 105
1673779143 116
1673779144 161
1673779145 179
1673779145 176
1673779145 132
1673779147 153
1673779147 149
1673779147 168
1673779148 178
1673779148 164
1673779148 193
1673779148 122
1673779149 166
1673779150 195
1673779150 127
1673779151 132
1673779151 132
1673779151 189
1673779151 200
1673779151 183
1673779151 102
1673779151 147
1673779152 141
1673779152 154
1673779152 156
1673779152 132
1673779153 131
1673779153 194
1673779153 105
1673779153 110
1673779154 150
1673779154 142
1673779154 186
1673779154 154
1673779154 118
1673779155 129
1673779155 104
1673779155 111
1673779155 153
1673779155 165
1673779156 109
1673779156 143
1673779156 195
1673779156 150
1673779156 148
1673779156 147
1673779157 120
1673779158 167
1673779159 153
1673779159 141
1673779159 142
1673779159 125
1673779160 161
1673779160 178
1673779160 183
1673779161 176
1673779161 132
1673779161 161
1673779161 160
1673779161 188
1673779162 109
1673779162 168
1673779164 113
1673779164 152
1673779165 127
1673779165 135
1673779166 176
1673779166 155
1673779166 183
1673779166 111
1673779167 180
1673779168 194
1673779168 180
1673779168 182
1673779168 129
1673779169 172
1673779169 142
1673779170 170
1673779170 172
1673779170 164
1673779171 114
1673779171 171
1673779171 139
1673779171 130
1673779172 156
1673779173 168
1673779174 195
1673779174 198
1673779174 146
1673779175 184
1673779175 151
1673779176 146
1673779176 102
1673779176 173
1673779176 167
1673779176 162
1673779177 188
1673779177 142
1673779177 122
1673779178 139
1673779179 186
1673779179 170
1673779179 180
1673779180 172
1673779181 173
1673779182 184
1673779182 163
1673779183 170
1673779183 146
1673779184 181
1673779184 196
1673779184 167
1673779184 192
1673779184 101
1673779184 165
1673779185 116
1673779185 145
1673779185 104
1673779186 133
1673779186 154
1673779186 160
1673779187 171
1673779187 192
1673779187 157
1673779187 144
1673779188 134
1673779188 194
1673779188 118
1673779189 156
1673779190 131
1673779190 165
1673779190 155
1673779191 102
1673779191 126
1673779191 112
1673779192 103
1673779192 162
1673779193 117
1673779193 195
1673779194 195
1673779194 200
1673779195 116
1673779195 101
1673779196 157
1673779196 142
1673779197 110
1673779197 114
1673779197 181
1673779197 195
1673779197 198
1673779197 113
1673779198 105
1673779198 154
1673779199 132
1673779200 197
1673779200 194
1673779200 162
1673779201 130
1673779201 101
1673779201 136
1673779202 151
1673779202 161
1673779203 164
1673779203 182
1673779204 187
1673779204 109
1673779204 111
1673779204 123
1673779204 109
1673779205 134
1673779206 186
1673779206 148
1673779206 120
1673779206 117
1673779207 116
1673779207 139
1673779208 124
1673779208 130
1673779208 182
1673779208 107
1673779209 136
1673779210 118
1673779210 152
1673779210 171
1673779211 191
1673779212 139
1673779212 124
1673779212 138
1673779213 195
1673779213 179
1673779214 144
1673779214 164
1673779214 124
1673779214 137
1673779214 101
1673779214 183
1673779215 137
1673779215 102
1673779215 121
1673779216 106
1673779217 189
1673779218 168
1673779218 175
1673779218 198
1673779218 141
1673779218 159
1673779218 180
1673779218 159
1673779219 193
1673779219 198
1673779219 177
1673779220 158
1673779220 164
1673779220 135
1673779220 177
1673779221 107
1673779221 119
1673779221 130
1673779221 154
1673779222 155
1673779223 142
1673779223 154
1673779223 139
1673779223 108
1673779224 188
1673779224 194
1673779225 117
1673779225 192
1673779225 125
1673779225 165
1673779225 119
1673779225 118
1673779226 113
1673779226 121
1673779226 143
1673779227 167
1673779227 196
1673779227 112
1673779227 178
1673779228 122
1673779228 109
1673779228 149
1673779228 195
1673779228 181
1673779228 194
1673779229 185
1673779230 149
1673779230 121
1673779230 150
1673779230 177
1673779231 123
1673779232 134
1673779232 186
1673779232 172
1673779233 136
1673779233 178
1673779234 199
1673779234 112
1673779234 146
1673779234 182
1673779235 160
1673779235 183
1673779235 143
1673779236 112
1673779238 103
1673779238 194
1673779238 118
1673779238 168
1673779239 112
1673779239 192
1673779240 171
1673779240 176
1673779240 163
1673779241 160
1673779241 104
1673779241 172
1673779241 129
1673779241 197
1673779242 171
1673779242 109
1673779242 200
1673779242 158
1673779242 131
1673779242 143
1673779243 166
1673779243 167
1673779245 124
1673779245 174
1673779245 112
1673779245 145
1673779245 138
1673779246 169
1673779246 183
1673779246 115
1673779248 113
1673779248 129
1673779248 124
1673779248 158
1673779249 107
1673779249 146
1673779249 189
1673779249 117
1673779251 133
1673779251 101
1673779251 113
1673779251 171
1673779252 118
1673779252 196
1673779252 167
1673779253 160
1673779253 142
1673779254 101
1673779254 122
1673779254 176
1673779254 191
1673779255 196
1673779255 107
1673779256 180
1673779256 103
1673779256 174
1673779256 125
1673779256 110
1673779256 192
1673779256 126
1673779256 142
1673779257 196
1673779257 164
1673779258 137
1673779258 181
1673779258 193
1673779259 144
1673779259 123
1673779259 165
1673779260 123
1673779260 121
1673779261 117
1673779261 152
1673779262 127
1673779262 144
1673779262 166
1673779262 114
1673779263 188
1673779263 149
1673779264 146
1673779264 132
1673779264 106
1673779265 168
1673779265 118
1673779266 128
1673779266 145
1673779267 184
1673779267 131
1673779268 190
1673779268 118
1673779268 139
1673779269 171
1673779269 187
1673779269 177
1673779269 141
1673779270 153
1673779270 190
1673779270 143
1673779270 115
1673779271 185
1673779271 161
1673779271 168
1673779271 139
1673779271 137
1673779271 182
1673779273 158
1673779273 112
1673779273 108
1673779273 106
1673779273 183
1673779274 197
1673779275 187
1673779275 194
1673779275 179
1673779275 126
1673779276 185
1673779276 170
1673779277 133
1673779278 144
1673779278 140
1673779278 128
1673779278 149
1673779278 101
1673779278 145
1673779279 144
1673779279 157
1673779279 139
1673779280 137
1673779280 101
1673779280 134
1673779281 157
1673779282 180
1673779282 173
1673779282 139
1673779282 193
1673779283 178
1673779283 140
1673779283 175
1673779283 144
1673779284 150
1673779284 158
1673779285 107
1673779285 133
1673779285 153
1673779285 171
1673779286 200
1673779286 147
1673779287 185
1673779288 136
1673779288 163
1673779289 189
1673779289 136
1673779289 179
1673779289 198
1673779289 166
1673779290 104
