1673776802 165
1673776802 147
1673776802 200
1673776802 189
1673776803 102
1673776803 172
1673776806 187
1673776807 199
1673776809 116
1673776809 197
1673776809 116
1673776810 181
1673776810 151
1673776811 127
1673776811 146
1673776811 160
1673776816 124
1673776816 141
1673776818 195
1673776818 164
1673776821 178
1673776821 134
1673776821 138
1673776821 131
1673776823 142
1673776825 149
1673776825 172
1673776828 107
1673776829 103
1673776829 189
1673776829 101
1673776829 140
1673776830 101
1673776831 186
1673776832 152
1673776833 166
1673776834 199
1673776835 186
1673776837 173
1673776842 160
1673776842 127
1673776842 165
1673776850 196
1673776851 113
1673776851 174
1673776853 126
1673776853 102
1673776856 172
1673776856 101
1673776857 167
1673776859 182
1673776860 148
1673776861 102
1673776862 194
1673776866 160
1673776866 115
1673776866 162
1673776867 192
1673776870 132
1673776870 139
1673776871 160
1673776872 106
1673776872 156
1673776873 155
1673776874 124
1673776874 200
1673776874 114
1673776875 136
1673776876 195
1673776876 172
1673776876 155
1673776879 171
1673776879 177
1673776879 161
1673776880 122
1673776881 152
1673776882 165
1673776883 126
1673776883 185
1673776883 192
1673776884 138
1673776884 173
1673776885 122
1673776887 156
1673776888 152
1673776889 170
1673776889 110
1673776889 168
1673776889 155
1673776889 169
1673776889 116
1673776890 150
1673776890 131
1673776892 161
1673776895 139
1673776895 114
1673776895 195
1673776896 129
1673776897 180
1673776897 123
1673776898 191
1673776898 134
1673776898 115
1673776898 164
1673776898 171
1673776899 166
1673776900 167
1673776900 159
1673776900 152
1673776901 112
1673776901 130
1673776901 120
1673776901 123
1673776902 179
1673776902 115
1673776902 162
1673776903 160
1673776903 168
1673776903 152
1673776906 160
1673776906 158
1673776906 173
1673776907 129
1673776907 183
1673776912 130
1673776915 146
1673776917 183
1673776917 188
1673776917 116
1673776918 127
1673776922 173
1673776922 101
1673776922 187
1673776924 173
1673776924 114
1673776925 102
1673776926 140
1673776926 162
1673776926 110
1673776927 178
1673776927 198
1673776927 163
1673776927 143
1673776928 157
1673776928 102
1673776928 121
1673776929 144
1673776929 184
1673776929 200
1673776930 186
1673776931 108
1673776931 156
1673776933 133
1673776933 142
1673776933 177
1673776934 172
1673776935 139
1673776935 102
1673776935 171
1673776935 114
1673776935 141
1673776936 125
1673776937 141
1673776938 145
1673776938 118
1673776939 142
1673776940 128
1673776941 118
1673776941 199
1673776943 198
1673776943 164
1673776944 106
1673776944 139
1673776945 125
1673776946 131
1673776946 178
1673776947 134
1673776947 143
1673776948 143
1673776949 112
1673776950 144
1673776951 175
1673776951 113
1673776951 146
1673776951 152
1673776952 185
1673776952 195
1673776952 190
1673776952 140
1673776954 179
1673776955 144
1673776956 181
1673776957 162
1673776958 127
1673776958 199
1673776959 124
1673776959 200
1673776960 112
1673776960 163
1673776960 132
1673776961 122
1673776962 187
1673776962 136
1673776962 154
1673776962 147
1673776962 171
1673776962 105
1673776962 138
1673776963 144
1673776963 101
1673776964 116
1673776965 199
1673776965 180
1673776966 173
1673776966 111
1673776966 109
1673776966 171
1673776967 167
1673776967 101
1673776968 173
1673776969 173
1673776969 196
1673776969 147
1673776970 170
1673776970 140
1673776970 120
1673776970 101
1673776971 143
1673776971 162
1673776971 130
1673776971 199
1673776973 191
1673776973 130
1673776973 171
1673776974 121
1673776974 194
1673776974 151
1673776974 143
1673776974 175
1673776974 166
1673776975 164
1673776975 104
1673776975 150
1673776975 132
1673776976 114
1673776976 167
1673776976 174
1673776976 114
1673776977 141
1673776978 191
1673776978 150
1673776979 188
1673776979 186
1673776980 152
1673776980 145
1673776980 180
1673776980 105
1673776982 124
1673776983 102
1673776983 112
1673776983 134
1673776983 199
1673776985 168
1673776985 169
1673776986 113
1673776986 134
1673776987 121
1673776988 132
1673776988 148
1673776988 139
1673776988 145
1673776989 176
1673776989 173
1673776989 152
1673776990 119
1673776990 165
1673776991 108
1673776992 158
1673776992 134
1673776993 113
1673776996 114
1673776996 165
1673776998 138
1673776998 115
1673776998 124
1673777000 185
1673777001 194
1673777001 106
1673777002 200
1673777002 113
1673777005 175
1673777005 180
1673777005 116
1673777006 130
1673777006 101
1673777006 131
1673777006 124
1673777007 158
1673777008 114
1673777009 174
1673777010 159
1673777010 167
1673777011 128
1673777011 113
1673777012 179
1673777012 198
1673777012 126
1673777012 124
1673777014 128
1673777015 168
1673777015 185
1673777016 131
1673777016 179
1673777017 168
1673777018 126
1673777018 194
1673777018 106
1673777018 152
1673777018 128
1673777020 131
1673777022 143
1673777022 172
1673777023 138
1673777023 182
1673777024 183
1673777024 174
1673777024 163
1673777025 184
1673777026 130
1673777026 189
1673777026 166
1673777026 146
1673777026 129
1673777027 112
1673777027 166
1673777028 165
1673777028 157
1673777028 190
1673777029 177
1673777030 112
1673777030 134
1673777030 116
1673777030 167
1673777030 165
1673777030 127
1673777031 198
1673777031 195
1673777031 179
1673777032 157
1673777032 111
1673777032 137
1673777032 161
1673777033 106
1673777033 188
1673777035 179
1673777036 182
1673777037 194
1673777037 196
1673777037 183
1673777037 182
1673777038 102
1673777038 167
1673777038 140
1673777039 113
1673777039 140
1673777040 185
1673777040 172
1673777040 142
1673777040 138
1673777041 179
1673777041 149
1673777042 141
1673777042 199
1673777042 150
1673777042 151
1673777042 200
1673777043 156
1673777043 123
1673777043 183
1673777043 118
1673777043 132
1673777043 148
1673777043 173
1673777043 195
1673777043 143
1673777044 152
1673777044 193
1673777045 154
1673777045 132
1673777045 185
1673777045 121
1673777046 120
1673777046 155
1673777046 120
1673777046 134
1673777047 188
1673777047 171
1673777048 147
1673777048 165
1673777048 125
1673777048 155
1673777049 156
1673777049 115
1673777049 127
1673777049 158
1673777049 149
1673777050 173
1673777050 197
1673777051 166
1673777051 156
1673777051 194
1673777052 103
1673777052 184
1673777052 143
1673777053 117
1673777053 137
1673777053 103
1673777053 139
1673777053 181
1673777053 180
1673777055 103
1673777055 200
1673777055 137
1673777056 179
1673777056 119
1673777056 157
1673777057 136
1673777057 183
1673777057 164
1673777058 142
1673777058 181
1673777059 166
1673777060 178
1673777060 145
1673777060 164
1673777060 154
1673777061 130
1673777061 114
1673777063 136
1673777063 112
1673777063 140
1673777064 122
1673777065 114
1673777066 161
1673777066 108
1673777066 146
1673777066 149
1673777067 199
1673777067 143
1673777067 173
1673777067 133
1673777068 184
1673777068 154
1673777068 122
1673777069 107
1673777069 155
1673777071 176
1673777072 103
1673777072 142
1673777072 126
1673777073 177
1673777073 199
1673777073 104
1673777073 164
1673777073 148
1673777073 111
1673777074 140
1673777074 178
1673777074 144
1673777075 117
1673777075 182
1673777076 124
1673777077 182
1673777077 188
1673777077 137
1673777078 135
1673777079 158
1673777079 159
1673777080 111
1673777080 186
1673777081 176
1673777082 115
1673777082 195
1673777083 185
1673777083 123
1673777083 133
1673777083 130
1673777084 165
1673777084 125
1673777085 141
1673777085 183
1673777085 127
1673777086 166
1673777086 169
1673777088 142
1673777088 141
1673777089 170
1673777089 138
1673777089 178
1673777090 169
1673777090 189
1673777092 157
1673777092 121
1673777092 121
1673777093 197
1673777093 154
1673777094 151
1673777094 161
1673777094 101
1673777094 149
1673777094 110
1673777095 105
1673777096 108
1673777096 133
1673777096 194
1673777097 182
1673777097 190
1673777097 184
1673777097 168
1673777097 107
1673777098 140
1673777098 180
1673777098 110
1673777098 184
1673777099 114
1673777099 142
1673777099 195
1673777100 195
1673777100 129
1673777101 187
1673777101 153
1673777101 128
1673777101 127
1673777102 185
1673777102 177
1673777103 153
1673777103 117
1673777103 145
1673777104 134
1673777104 169
1673777104 129
1673777104 133
1673777106 113
1673777106 161
1673777106 143
1673777107 105
1673777107 140
1673777107 137
1673777107 173
1673777108 147
1673777108 118
1673777108 147
1673777108 150
1673777108 102
1673777108 133
1673777108 148
1673777109 177
1673777109 198
1673777109 106
1673777110 188
1673777110 189
1673777110 173
1673777110 103
1673777110 173
1673777111 191
1673777111 113
1673777111 101
1673777112 155
1673777112 137
1673777112 154
1673777112 134
1673777113 162
1673777113 168
1673777113 129
1673777113 134
1673777113 129
1673777113 103
1673777114 159
1673777114 131
1673777114 135
1673777115 140
1673777115 169
1673777115 151
1673777115 179
1673777115 170
1673777116 122
1673777116 181
1673777116 174
1673777116 160
1673777117 162
1673777117 113
1673777117 122
1673777117 166
1673777118 133
1673777118 102
1673777119 106
1673777119 181
1673777119 107
1673777120 150
1673777121 115
1673777121 149
1673777121 159
1673777121 108
1673777122 188
1673777122 111
1673777122 126
1673777122 106
1673777122 154
1673777122 132
1673777122 181
1673777122 166
1673777123 120
1673777124 193
1673777124 112
1673777124 127
1673777124 138
1673777124 160
1673777124 102
1673777124 183
1673777125 127
1673777125 197
1673777126 177
1673777126 169
1673777126 109
1673777126 109
1673777126 170
1673777128 153
1673777128 169
1673777129 168
1673777129 168
1673777130 196
1673777130 176
1673777130 183
1673777130 121
1673777131 101
1673777131 112
1673777132 153
1673777132 188
1673777132 180
1673777132 185
1673777133 167
1673777133 133
1673777133 150
1673777133 135
1673777133 133
1673777134 140
1673777134 161
1673777134 149
1673777134 166
1673777135 160
1673777135 149
1673777135 187
1673777136 113
1673777137 178
1673777137 112
1673777137 147
1673777137 134
1673777138 197
1673777139 160
1673777139 185
1673777140 192
1673777141 165
1673777141 158
1673777141 146
1673777141 177
1673777142 180
1673777142 125
1673777142 143
1673777142 134
1673777142 182
1673777143 102
1673777144 199
1673777145 137
1673777145 107
1673777146 197
1673777146 166
1673777147 173
1673777147 142
1673777148 160
1673777148 158
1673777148 129
1673777149 194
1673777149 142
1673777150 126
1673777151 171
1673777151 157
1673777152 140
1673777153 149
1673777155 185
1673777155 179
1673777155 177
1673777156 199
1673777156 142
1673777156 199
1673777156 144
1673777157 111
1673777157 153
1673777157 132
1673777158 107
1673777158 134
1673777158 172
1673777159 168
1673777159 159
1673777159 134
1673777160 182
1673777160 114
1673777160 188
1673777160 112
1673777161 167
1673777162 177
1673777162 132
1673777162 112
1673777162 152
1673777163 145
1673777164 178
1673777164 194
1673777165 121
1673777165 122
1673777166 176
1673777167 183
1673777167 119
1673777168 132
1673777168 114
1673777168 194
1673777168 177
1673777170 134
1673777170 191
1673777170 180
1673777170 168
1673777170 159
1673777170 106
1673777171 158
1673777172 147
1673777172 143
1673777172 165
1673777172 145
1673777172 185
1673777173 195
1673777173 190
1673777173 184
1673777173 111
1673777174 116
1673777174 135
1673777174 148
1673777175 111
1673777175 157
1673777175 132
1673777176 119
1673777177 149
1673777177 186
1673777177 163
1673777178 171
1673777179 167
1673777179 180
1673777179 190
1673777179 133
1673777180 150
1673777180 192
1673777180 185
1673777181 154
1673777181 132
1673777181 191
1673777182 155
1673777182 153
1673777183 169
1673777183 169
1673777183 162
1673777184 193
1673777185 133
1673777185 118
1673777185 175
1673777185 189
1673777186 164
1673777186 169
1673777187 157
1673777189 197
1673777189 180
1673777190 134
1673777190 167
1673777190 165
1673777190 185
1673777191 119
1673777191 183
1673777192 112
1673777192 192
1673777193 197
1673777193 138
1673777194 116
1673777194 104
1673777194 172
1673777195 131
1673777195 197
1673777196 136
1673777197 111
1673777197 186
1673777198 142
1673777198 150
1673777198 171
1673777198 140
1673777198 147
1673777198 177
1673777198 188
1673777199 152
1673777199 159
1673777200 188
1673777201 117
1673777201 144
1673777202 186
1673777204 191
1673777204 102
1673777205 104
1673777205 104
1673777205 160
1673777206 141
1673777206 163
1673777206 187
1673777207 191
1673777207 110
1673777207 147
1673777207 125
1673777207 164
1673777210 127
1673777210 119
1673777210 108
1673777210 120
1673777210 193
1673777210 102
1673777211 155
1673777211 152
1673777212 168
1673777212 158
1673777212 196
1673777213 133
1673777213 186
1673777213 119
1673777213 125
1673777214 183
1673777214 147
1673777214 136
1673777215 182
1673777215 126
1673777215 191
1673777215 150
1673777215 187
1673777215 152
1673777216 132
1673777217 150
1673777217 174
1673777217 174
1673777217 187
1673777217 176
1673777217 120
1673777217 106
1673777217 166
1673777218 122
1673777219 163
1673777219 131
1673777220 130
1673777220 186
1673777220 124
1673777221 193
1673777221 138
1673777222 119
1673777222 140
1673777222 144
1673777223 127
1673777223 180
1673777224 127
1673777224 165
1673777224 160
1673777225 104
1673777225 132
1673777225 104
1673777226 149
1673777228 103
1673777230 161
1673777232 140
1673777233 162
1673777234 129
1673777234 180
1673777235 151
1673777235 123
1673777235 127
1673777235 102
1673777236 192
1673777236 136
1673777237 147
1673777237 153
1673777237 197
1673777238 111
1673777241 129
1673777241 179
1673777241 166
1673777241 128
1673777242 113
1673777243 185
1673777243 149
1673777244 136
1673777245 148
1673777246 199
1673777247 182
1673777247 146
1673777248 165
1673777248 192
1673777248 191
1673777248 135
1673777248 119
1673777249 164
1673777249 119
1673777250 164
1673777250 133
1673777250 172
1673777251 133
1673777251 181
1673777251 118
1673777252 167
1673777253 195
1673777253 129
1673777254 104
1673777254 123
1673777254 101
1673777254 118
1673777254 198
1673777254 119
1673777254 126
1673777254 152
1673777255 182
1673777256 102
1673777256 128
1673777257 172
1673777258 142
1673777258 106
1673777259 191
1673777259 176
1673777259 136
1673777259 110
1673777259 148
1673777260 190
1673777260 149
1673777260 170
1673777260 121
1673777261 149
1673777261 142
1673777261 131
1673777262 158
1673777263 175
1673777263 151
1673777263 105
1673777263 102
1673777264 196
1673777264 146
1673777264 120
1673777265 106
1673777265 122
1673777266 160
1673777266 144
1673777266 200
1673777268 163
1673777269 101
1673777269 121
1673777270 158
1673777270 159
1673777271 181
1673777271 109
1673777271 167
1673777271 180
1673777271 120
1673777272 143
1673777272 180
1673777272 183
1673777273 181
1673777273 146
1673777273 103
1673777273 180
1673777273 115
1673777273 105
1673777274 158
1673777274 135
1673777274 179
1673777275 184
1673777275 130
1673777275 160
1673777275 145
1673777275 161
1673777275 199
1673777276 192
1673777276 140
1673777276 179
1673777276 123
1673777277 200
1673777277 106
1673777277 122
1673777277 105
1673777277 167
1673777278 197
1673777278 128
1673777279 139
1673777279 164
1673777279 188
1673777279 109
1673777279 136
1673777280 132
1673777280 142
1673777280 115
1673777280 101
1673777280 152
1673777280 110
1673777281 183
1673777281 138
1673777283 131
1673777284 110
1673777284 155
1673777285 130
1673777285 117
1673777285 108
1673777285 148
1673777286 188
1673777286 164
1673777286 159
1673777287 126
1673777287 160
1673777288 129
1673777289 122
1673777289 119
1673777289 184
1673777291 112
1673777291 170
1673777291 181
1673777292 165
1673777292 173
1673777292 154
1673777292 163
1673777292 165
1673777292 132
1673777292 166
1673777293 129
1673777293 130
1673777293 104
1673777293 110
1673777293 146
1673777294 200
1673777294 159
1673777294 178
1673777295 118
1673777295 196
1673777296 150
1673777296 152
1673777296 196
1673777297 194
1673777297 181
1673777298 158
1673777298 184
1673777299 148
1673777299 146
1673777300 116
1673777300 128
1673777301 131
1673777301 133
1673777301 118
1673777301 182
1673777301 123
1673777301 155
1673777302 143
1673777302 171
1673777302 132
1673777303 198
1673777303 196
1673777303 190
1673777304 130
1673777304 172
1673777304 158
1673777305 113
1673777305 147
1673777306 168
1673777306 101
1673777306 194
1673777307 132
1673777307 107
1673777307 200
1673777307 125
1673777308 166
1673777308 195
1673777308 102
1673777308 192
1673777309 146
1673777309 171
1673777312 118
1673777313 193
1673777313 156
1673777313 134
1673777313 182
1673777314 162
1673777314 154
1673777314 109
1673777314 159
1673777314 179
1673777314 126
1673777315 183
1673777315 149
1673777315 165
1673777315 177
1673777316 191
1673777316 178
1673777316 168
1673777317 162
1673777318 137
1673777318 189
1673777318 161
1673777318 125
1673777318 200
1673777319 124
1673777319 140
1673777320 178
1673777321 175
1673777322 112
1673777322 119
1673777322 185
1673777322 132
1673777323 114
1673777323 183
1673777323 157
1673777323 169
1673777323 186
1673777324 139
1673777324 176
1673777325 189
1673777326 119
1673777326 126
1673777326 136
1673777327 112
1673777328 179
1673777330 155
1673777331 171
1673777331 146
1673777331 120
1673777332 111
1673777332 153
1673777332 178
1673777332 140
1673777333 146
1673777333 187
1673777333 188
1673777334 144
1673777334 108
1673777334 110
1673777334 182
1673777335 188
1673777335 200
1673777335 114
1673777335 178
1673777335 135
1673777336 114
1673777336 125
1673777336 115
1673777336 195
1673777337 142
1673777337 174
1673777337 138
1673777337 166
1673777337 174
1673777337 158
1673777338 159
1673777339 105
1673777339 139
1673777340 117
1673777340 129
1673777340 111
1673777340 180
1673777340 139
1673777340 193
1673777340 198
1673777340 137
1673777341 163
1673777341 111
1673777342 150
1673777343 198
1673777343 131
1673777344 126
1673777345 141
1673777346 176
1673777347 175
1673777348 104
1673777361 106
1673777361 133
1673777361 169
1673777362 108
1673777362 128
1673777362 148
1673777362 123
1673777362 194
1673777362 152
1673777363 199
1673777363 128
1673777363 173
1673777363 184
1673777363 190
1673777363 124
1673777363 170
1673777363 191
1673777364 189
1673777364 195
1673777364 164
1673777364 183
1673777364 155
1673777365 163
1673777365 162
1673777366 191
1673777366 165
1673777366 180
1673777366 159
1673777367 191
1673777367 160
1673777368 179
1673777368 179
1673777369 123
1673777369 132
1673777369 199
1673777370 143
1673777370 146
1673777371 185
1673777371 179
1673777371 168
1673777371 143
1673777372 133
1673777372 195
1673777372 188
1673777373 193
1673777373 124
1673777373 123
1673777373 110
1673777374 120
1673777375 145
1673777375 166
1673777375 173
1673777376 108
1673777376 189
1673777377 151
1673777377 122
1673777377 118
1673777377 154
1673777377 118
1673777378 114
1673777379 122
1673777380 129
1673777380 167
1673777380 157
1673777381 177
1673777381 137
1673777381 114
1673777381 171
1673777382 146
1673777382 127
1673777382 129
1673777382 150
1673777383 134
1673777384 200
1673777384 161
1673777384 143
1673777385 149
1673777385 107
1673777385 181
1673777385 186
1673777385 166
1673777386 124
1673777386 109
1673777387 101
1673777387 155
1673777388 109
1673777388 183
1673777388 199
1673777388 172
1673777388 117
1673777389 182
1673777389 195
1673777389 120
1673777390 134
1673777390 123
1673777391 103
1673777391 159
1673777391 147
1673777391 189
1673777392 192
1673777392 171
1673777392 126
1673777392 177
1673777393 189
1673777393 108
1673777393 138
1673777393 118
1673777393 143
1673777394 145
1673777394 190
1673777395 123
1673777396 152
1673777396 128
1673777397 173
1673777397 198
1673777397 160
1673777397 102
1673777398 106
1673777398 164
1673777399 181
1673777399 114
1673777399 162
1673777400 188
1673777400 116
1673777400 184
1673777400 133
1673777400 147
1673777400 124
1673777401 111
1673777401 125
1673777401 190
1673777401 104
1673777401 127
1673777401 105
1673777402 196
1673777402 132
1673777402 185
1673777402 134
1673777402 126
1673777403 138
1673777403 113
1673777403 138
1673777404 159
1673777404 173
1673777405 106
1673777405 149
1673777406 187
1673777406 134
1673777406 191
1673777406 152
1673777406 172
1673777407 199
1673777408 163
1673777408 148
1673777408 147
1673777409 194
1673777410 137
1673777410 198
1673777410 184
1673777410 151
1673777410 115
1673777411 120
1673777411 113
1673777411 194
1673777411 170
1673777411 117
1673777412 136
1673777412 176
1673777412 160
1673777413 111
1673777413 123
1673777413 129
1673777413 154
1673777413 183
1673777414 162
1673777414 141
1673777415 110
1673777415 171
1673777415 123
1673777416 113
1673777416 107
1673777416 138
1673777416 176
1673777418 138
1673777418 172
1673777418 113
1673777418 176
1673777419 121
1673777419 109
1673777419 185
1673777420 161
1673777420 172
1673777420 156
1673777420 197
1673777420 193
1673777421 165
1673777421 151
1673777422 169
1673777423 175
1673777423 197
1673777423 133
1673777423 159
1673777423 115
1673777424 124
1673777424 130
1673777424 107
1673777424 170
1673777425 116
1673777425 132
1673777425 137
1673777426 176
1673777427 112
1673777427 177
1673777427 163
1673777428 106
1673777428 141
1673777428 112
1673777429 126
1673777429 127
1673777429 129
1673777430 152
1673777430 147
1673777430 110
1673777430 109
1673777431 170
1673777432 188
1673777432 104
1673777433 111
1673777433 177
1673777433 131
1673777433 192
1673777434 102
1673777434 162
1673777435 197
1673777435 119
1673777435 120
1673777435 123
1673777436 150
1673777436 196
1673777436 133
1673777436 187
1673777436 129
1673777436 176
1673777436 147
1673777436 147
1673777436 163
1673777437 164
1673777437 103
1673777437 140
1673777437 160
1673777437 191
1673777438 143
1673777439 154
1673777439 161
1673777439 195
1673777439 148
1673777439 122
1673777439 184
1673777439 178
1673777440 134
1673777441 122
1673777441 139
1673777441 163
1673777442 106
1673777442 171
1673777442 193
1673777442 107
1673777443 102
1673777443 171
1673777443 150
1673777444 184
1673777445 122
1673777446 153
1673777446 118
1673777447 199
1673777448 125
1673777448 102
1673777448 129
1673777449 197
1673777449 150
1673777449 169
1673777450 167
1673777450 148
1673777450 115
1673777450 156
1673777451 111
1673777451 107
1673777451 105
1673777453 103
1673777454 199
1673777454 156
1673777454 176
1673777455 121
1673777455 176
1673777456 132
1673777457 196
1673777457 109
1673777457 193
1673777457 142
1673777457 165
1673777457 152
1673777457 140
1673777457 114
1673777458 184
1673777459 111
1673777461 117
1673777461 137
1673777461 171
1673777461 143
1673777462 145
1673777462 179
1673777462 173
1673777462 169
1673777462 166
1673777462 185
1673777464 199
1673777464 172
1673777464 115
1673777465 162
1673777465 131
1673777465 171
1673777466 193
1673777466 104
1673777466 161
1673777466 143
1673777466 129
1673777467 163
1673777467 145
1673777468 200
1673777468 104
1673777469 113
1673777470 185
1673777470 137
1673777470 151
1673777471 129
1673777471 149
1673777471 135
1673777472 160
1673777472 115
1673777472 193
1673777473 190
1673777473 158
1673777473 200
1673777473 183
1673777473 167
1673777474 166
1673777474 117
1673777475 160
1673777475 128
1673777475 126
1673777475 110
1673777476 135
1673777476 169
1673777476 103
1673777476 191
1673777476 147
1673777476 195
1673777477 158
1673777477 192
1673777477 103
1673777477 163
1673777478 128
1673777478 108
1673777478 152
1673777479 116
1673777479 153
1673777480 140
1673777481 135
1673777481 175
1673777481 146
1673777482 174
1673777482 177
1673777482 175
1673777482 161
1673777482 163
1673777483 119
1673777483 109
1673777483 129
1673777483 119
1673777484 177
1673777484 196
1673777484 129
1673777484 105
1673777484 164
1673777484 120
1673777485 173
1673777485 147
1673777485 130
1673777485 106
1673777485 120
1673777485 146
1673777485 181
1673777486 155
1673777486 107
1673777486 196
1673777487 164
1673777488 181
1673777488 194
1673777488 169
1673777488 106
1673777490 168
1673777490 116
1673777490 156
1673777491 172
1673777491 143
1673777491 108
1673777492 129
1673777492 171
1673777493 198
1673777493 194
1673777493 115
1673777493 107
1673777493 108
1673777493 106
1673777493 171
1673777493 121
1673777494 115
1673777494 170
1673777494 188
1673777494 159
1673777494 113
1673777495 154
1673777495 130
1673777495 131
1673777496 149
1673777496 118
1673777497 112
1673777497 146
1673777497 111
1673777497 104
1673777498 117
1673777498 180
1673777499 130
1673777499 161
1673777500 162
1673777500 140
1673777500 163
1673777500 180
1673777500 166
1673777501 192
1673777501 102
1673777501 174
1673777501 193
1673777502 164
1673777502 145
1673777503 181
1673777503 115
1673777503 141
1673777503 187
1673777503 195
1673777503 148
1673777503 153
1673777504 130
1673777504 124
1673777505 140
1673777505 176
1673777505 111
1673777505 119
1673777506 144
1673777507 133
1673777508 108
1673777508 117
1673777508 150
1673777508 152
1673777509 150
1673777509 181
1673777509 165
1673777510 132
1673777510 125
1673777510 178
1673777511 126
1673777512 142
1673777512 168
1673777513 129
1673777513 179
1673777514 180
1673777514 168
1673777514 181
1673777515 104
1673777516 166
1673777516 120
1673777516 171
1673777518 175
1673777519 105
1673777519 173
1673777519 186
1673777519 122
1673777520 165
1673777520 149
1673777520 151
1673777520 101
1673777520 173
1673777520 137
1673777521 119
1673777521 183
1673777521 178
1673777522 181
1673777522 169
1673777523 140
1673777524 138
1673777524 181
1673777524 116
1673777525 108
1673777526 179
1673777526 134
1673777527 181
1673777527 166
1673777527 137
1673777527 135
1673777527 126
1673777527 178
1673777527 198
1673777528 187
1673777528 128
1673777528 124
1673777528 103
1673777529 121
1673777530 191
1673777530 108
1673777530 126
1673777531 196
1673777531 138
1673777531 162
1673777531 145
1673777531 145
1673777532 125
1673777532 141
1673777533 175
1673777533 113
1673777533 186
1673777534 166
1673777534 152
1673777534 163
1673777535 150
1673777535 137
1673777536 167
1673777536 187
1673777537 129
1673777538 168
1673777538 180
1673777538 190
1673777538 159
1673777538 131
1673777539 156
1673777539 153
1673777540 199
1673777541 159
1673777541 195
1673777541 195
1673777542 198
1673777542 111
1673777542 159
1673777543 131
1673777543 125
1673777543 115
1673777543 189
1673777543 110
1673777543 189
1673777544 119
1673777544 166
1673777544 174
1673777545 173
1673777546 160
1673777546 123
1673777546 156
1673777546 162
1673777546 162
1673777546 173
1673777547 180
1673777547 123
1673777547 102
1673777548 196
1673777548 152
1673777548 101
1673777549 165
1673777549 127
1673777549 118
1673777550 153
1673777550 139
1673777550 187
1673777550 162
1673777551 186
1673777551 191
1673777551 121
1673777551 191
1673777551 125
1673777551 139
1673777552 104
1673777552 115
1673777552 112
1673777552 167
1673777553 149
1673777553 146
1673777554 132
1673777554 127
1673777554 192
1673777554 112
1673777554 134
1673777555 200
1673777555 122
1673777555 200
1673777555 157
1673777555 157
1673777555 169
1673777556 146
1673777556 168
1673777557 192
1673777557 130
1673777558 108
1673777558 112
1673777558 189
1673777559 116
1673777560 146
1673777560 172
1673777561 190
1673777561 156
1673777561 188
1673777562 183
1673777563 186
1673777563 157
1673777563 171
1673777563 169
1673777564 145
1673777564 103
1673777564 131
1673777564 116
1673777565 115
1673777565 150
1673777566 108
1673777566 118
1673777566 188
1673777566 149
1673777566 130
1673777567 116
1673777567 180
1673777567 124
1673777567 137
1673777568 116
1673777569 165
1673777569 142
1673777570 124
1673777570 200
1673777570 118
1673777571 179
1673777572 168
1673777572 198
1673777573 113
1673777573 106
1673777573 184
1673777574 149
1673777574 174
1673777575 197
1673777575 190
1673777575 196
1673777576 200
1673777576 183
1673777577 172
1673777577 104
1673777578 178
1673777578 140
1673777578 189
1673777578 137
1673777578 108
1673777579 121
1673777579 196
1673777579 172
1673777579 104
1673777579 173
1673777580 164
1673777580 175
1673777581 182
1673777582 123
1673777582 119
1673777582 104
1673777583 168
1673777583 197
1673777583 142
1673777585 164
1673777585 120
1673777585 132
1673777585 136
1673777586 141
1673777586 147
1673777587 168
1673777587 141
1673777587 120
1673777588 111
1673777588 139
1673777588 162
1673777588 200
1673777589 125
1673777589 105
1673777589 119
1673777589 134
1673777589 107
1673777590 137
1673777590 172
1673777590 175
1673777590 148
1673777590 123
1673777591 139
1673777591 186
1673777591 155
1673777591 173
1673777592 193
1673777593 148
1673777594 117
1673777594 174
1673777594 173
1673777594 194
1673777595 140
1673777596 132
1673777596 138
1673777596 181
1673777596 165
1673777596 176
1673777597 160
1673777597 116
1673777597 135
1673777597 128
1673777598 111
1673777598 151
1673777598 193
1673777598 174
1673777598 127
1673777599 134
1673777599 142
1673777599 197
1673777600 162
1673777601 156
1673777601 166
1673777601 159
1673777601 114
1673777601 189
1673777601 173
1673777602 116
1673777602 160
1673777602 113
1673777603 125
1673777604 164
1673777604 115
1673777604 169
1673777605 144
1673777605 155
1673777605 132
1673777606 144
1673777606 124
1673777606 127
1673777607 147
1673777607 171
1673777607 127
1673777609 124
1673777609 196
1673777609 162
1673777609 187
1673777610 190
1673777610 194
1673777610 111
1673777611 131
1673777611 145
1673777611 134
1673777611 161
1673777612 197
1673777612 110
1673777612 133
1673777612 191
1673777613 166
1673777613 198
1673777613 103
1673777613 200
1673777613 127
1673777615 148
1673777615 142
1673777615 110
1673777616 137
1673777616 105
1673777617 130
1673777617 200
1673777618 158
1673777618 117
1673777618 128
1673777619 194
1673777619 110
1673777619 148
1673777619 146
1673777619 126
1673777619 158
1673777619 171
1673777619 186
1673777620 138
1673777621 102
1673777621 183
1673777622 180
1673777622 119
1673777622 171
1673777623 120
1673777624 108
1673777625 123
1673777626 126
1673777626 143
1673777627 188
1673777627 134
1673777627 161
1673777627 138
1673777628 193
1673777628 198
1673777628 187
1673777628 110
1673777628 101
1673777628 141
1673777628 188
1673777629 142
1673777629 140
1673777630 111
1673777630 148
1673777630 115
1673777631 125
1673777631 166
1673777631 168
1673777631 192
1673777631 120
1673777631 195
1673777632 198
1673777632 161
1673777632 164
1673777632 110
1673777632 151
1673777633 115
1673777633 195
1673777633 151
1673777633 147
1673777633 189
1673777633 116
1673777634 102
1673777634 131
1673777634 141
1673777635 196
1673777635 104
1673777635 196
1673777635 186
1673777636 149
1673777636 192
1673777636 160
1673777636 197
1673777636 131
1673777636 119
1673777637 101
1673777637 186
1673777638 146
1673777638 192
1673777639 153
1673777639 197
1673777640 188
1673777640 145
1673777641 142
1673777641 116
1673777641 108
1673777641 154
1673777641 113
1673777641 177
1673777642 102
1673777642 149
1673777642 115
1673777642 156
1673777642 192
1673777642 110
1673777644 163
1673777645 172
1673777645 166
1673777646 116
1673777646 174
1673777646 160
1673777647 173
1673777648 152
1673777649 147
1673777652 161
1673777654 124
1673777657 197
1673777658 198
1673777660 173
1673777660 109
1673777663 172
1673777663 175
1673777664 127
1673777664 155
1673777665 155
1673777665 194
1673777665 159
1673777666 191
1673777669 129
1673777671 194
1673777672 148
1673777673 162
1673777674 170
1673777674 155
1673777675 163
1673777675 159
1673777678 113
1673777678 179
1673777678 141
1673777681 104
1673777681 162
1673777682 149
1673777682 106
1673777682 110
1673777682 172
1673777683 149
1673777683 197
1673777684 154
1673777684 133
1673777685 194
1673777687 126
1673777687 127
1673777687 144
1673777688 117
1673777688 168
1673777689 196
1673777689 178
1673777689 139
1673777689 159
1673777690 179
1673777690 155
1673777690 130
1673777690 152
1673777691 153
1673777693 184
1673777694 179
1673777695 144
1673777695 133
1673777695 156
1673777695 151
1673777695 161
1673777696 147
1673777696 116
1673777699 176
1673777699 200
1673777699 146
1673777699 124
1673777700 171
1673777700 182
1673777700 136
1673777701 109
1673777701 196
1673777701 109
1673777702 113
1673777702 141
1673777702 163
1673777702 132
1673777702 151
1673777702 199
1673777702 170
1673777704 137
1673777705 133
1673777707 131
1673777707 158
1673777709 145
1673777717 139
1673777717 169
1673777718 185
1673777718 128
1673777718 145
1673777718 108
1673777718 158
1673777718 120
1673777719 179
1673777719 184
1673777719 108
1673777720 117
1673777720 113
1673777720 121
1673777720 120
1673777721 199
1673777721 160
1673777721 152
1673777723 167
1673777723 185
1673777723 131
1673777723 102
1673777723 166
1673777723 177
1673777723 115
1673777724 123
1673777724 137
1673777724 181
1673777724 134
1673777725 192
1673777726 155
1673777726 116
1673777726 136
1673777726 165
1673777727 125
1673777728 164
1673777728 167
1673777728 153
1673777728 171
1673777729 165
1673777729 161
1673777730 164
1673777730 107
1673777730 161
1673777730 177
1673777731 136
1673777733 176
1673777733 175
1673777733 162
1673777733 176
1673777733 178
1673777734 117
1673777734 169
1673777734 182
1673777734 136
1673777734 129
1673777735 121
1673777735 163
1673777735 170
1673777735 116
1673777736 130
1673777736 127
1673777736 160
1673777737 132
1673777737 198
1673777737 122
1673777738 163
1673777739 145
1673777739 187
1673777739 108
1673777740 161
1673777741 194
1673777741 146
1673777743 197
1673777743 160
1673777743 118
1673777743 139
1673777744 138
1673777744 154
1673777744 160
1673777744 183
1673777745 138
1673777745 140
1673777745 179
1673777745 158
1673777746 200
1673777746 114
1673777747 150
1673777747 157
1673777747 176
1673777748 126
1673777748 185
1673777749 167
1673777749 153
1673777750 112
1673777750 136
1673777750 166
1673777751 157
1673777751 198
1673777752 106
1673777752 158
1673777752 135
1673777753 179
1673777753 148
1673777753 128
1673777754 105
1673777754 179
1673777754 162
1673777754 131
1673777754 113
1673777755 164
1673777755 105
1673777756 178
1673777756 194
1673777757 155
1673777757 112
1673777758 183
1673777758 140
1673777758 133
1673777758 176
1673777758 131
1673777759 200
1673777759 161
1673777759 128
1673777759 142
1673777759 199
1673777759 139
1673777760 161
1673777761 172
1673777761 159
1673777762 121
1673777762 112
1673777762 118
1673777763 190
1673777765 195
1673777766 169
1673777772 149
1673777775 188
1673777775 169
1673777781 127
1673777782 199
1673777783 178
1673777784 146
1673777785 116
1673777786 115
1673777786 115
1673777786 183
1673777786 192
1673777787 113
1673777788 135
1673777791 122
1673777791 148
1673777795 107
1673777796 132
1673777798 115
1673777798 136
1673777802 125
1673777804 179
1673777804 104
1673777804 163
1673777806 138
1673777807 175
1673777807 175
1673777810 156
1673777810 197
1673777811 191
1673777811 190
1673777811 136
1673777811 113
1673777811 148
1673777812 110
1673777813 188
1673777815 166
1673777815 134
1673777817 187
1673777817 138
1673777817 180
1673777818 162
1673777818 132
1673777819 189
1673777820 130
1673777822 111
1673777823 193
1673777832 160
1673777833 147
1673777833 106
1673777834 193
1673777834 114
1673777834 145
1673777834 151
1673777834 188
1673777836 147
1673777839 142
1673777839 142
1673777840 161
1673777844 111
1673777846 102
1673777846 164
1673777849 164
1673777849 104
1673777851 159
1673777855 161
1673777855 134
1673777856 107
1673777856 180
1673777860 143
1673777860 197
1673777860 121
1673777861 185
1673777867 178
1673777867 121
1673777867 106
1673777869 129
1673777871 193
1673777874 149
1673777875 125
1673777875 167
1673777876 131
1673777876 103
1673777881 118
1673777881 106
1673777891 145
1673777892 163
1673777892 111
1673777904 164
1673777904 121
1673777904 195
1673777906 147
1673777908 188
1673777909 195
1673777909 158
1673777909 164
1673777910 125
1673777911 196
1673777914 182
1673777914 198
1673777914 180
1673777915 151
1673777915 198
1673777916 132
1673777916 179
1673777920 150
1673777920 110
1673777920 117
1673777921 141
1673777923 178
1673777924 173
1673777928 131
1673777928 128
1673777928 184
1673777929 121
1673777932 122
1673777934 190
1673777935 192
1673777936 150
1673777938 123
1673777938 196
1673777940 181
1673777940 142
1673777940 192
1673777941 188
1673777941 195
1673777943 184
1673777943 123
1673777943 171
1673777943 160
1673777943 185
1673777944 113
1673777946 119
1673777946 117
1673777947 117
1673777948 174
1673777950 111
1673777950 112
1673777953 187
1673777953 177
1673777954 146
1673777954 173
1673777954 137
1673777957 107
1673777958 155
1673777959 137
1673777960 132
1673777960 190
1673777960 137
1673777961 102
1673777961 197
1673777961 117
1673777963 122
1673777963 121
1673777965 198
1673777967 186
1673777968 161
1673777970 200
1673777971 113
1673777971 152
1673777971 159
1673777972 198
1673777972 196
1673777972 146
1673777973 198
1673777973 132
1673777981 191
1673777982 181
1673777982 138
1673777984 163
1673777984 133
1673777984 163
1673777984 165
1673777985 107
1673777985 168
1673777985 178
1673777987 109
1673777987 106
1673777988 150
1673777996 174
1673777996 112
1673778002 110
1673778002 168
1673778003 145
1673778004 166
1673778004 142
1673778005 135
1673778005 114
1673778005 186
1673778005 195
1673778005 179
1673778007 107
1673778007 175
1673778008 152
1673778008 194
1673778010 158
1673778010 125
1673778010 170
1673778010 129
1673778010 188
1673778012 130
1673778013 131
1673778013 185
1673778013 128
1673778014 125
1673778016 141
1673778018 152
1673778018 147
1673778019 161
1673778019 101
1673778024 122
1673778026 181
1673778027 113
1673778027 161
1673778037 140
1673778038 155
1673778038 161
1673778049 174
1673778050 186
1673778056 136
1673778056 181
1673778057 146
1673778063 136
1673778064 115
1673778064 159
1673778067 104
1673778067 172
1673778072 140
1673778076 117
1673778078 174
1673778080 189
1673778080 174
1673778083 150
1673778086 185
1673778095 183
1673778100 190
1673778101 195
1673778101 132
1673778102 178
1673778102 160
1673778102 104
1673778108 112
1673778108 114
1673778109 171
1673778122 170
1673778123 140
1673778124 104
1673778124 182
1673778125 169
1673778125 116
1673778128 161
1673778129 136
1673778130 178
1673778130 152
1673778133 153
1673778133 139
1673778133 165
1673778133 192
1673778139 175
1673778140 144
1673778140 140
1673778140 145
1673778140 130
1673778147 169
1673778149 130
1673778157 199
1673778159 178
1673778159 120
1673778159 197
1673778160 153
1673778160 163
1673778160 136
1673778161 120
1673778162 135
1673778162 167
1673778165 139
1673778165 172
1673778167 175
1673778167 156
1673778167 150
1673778168 103
1673778168 127
1673778168 133
1673778169 142
1673778176 125
1673778177 158
1673778182 147
1673778188 124
1673778188 155
1673778190 196
1673778190 109
1673778192 145
1673778194 118
1673778194 166
1673778195 149
1673778195 188
1673778196 117
1673778198 133
1673778199 174
1673778199 170
1673778199 124
1673778200 179
1673778200 193
1673778201 127
1673778201 123
1673778204 186
1673778204 111
1673778205 103
1673778205 102
1673778207 161
1673778208 127
1673778208 150
1673778208 126
1673778208 152
1673778208 107
1673778209 156
1673778210 188
1673778211 105
1673778211 164
1673778212 101
1673778212 155
1673778216 122
1673778216 121
1673778217 194
1673778217 132
1673778218 117
1673778219 187
1673778220 119
1673778221 180
1673778221 138
1673778221 112
1673778221 144
1673778222 170
1673778222 122
1673778224 134
1673778224 199
1673778225 185
1673778226 127
1673778226 146
1673778226 157
1673778227 159
1673778227 119
1673778227 182
1673778228 108
1673778228 134
1673778229 183
1673778230 179
1673778231 163
1673778232 135
1673778232 108
1673778233 163
1673778233 139
1673778234 154
1673778234 105
1673778235 187
1673778235 131
1673778236 173
1673778236 104
1673778237 197
1673778237 186
1673778237 103
1673778238 149
1673778239 170
1673778239 166
1673778240 145
1673778240 128
1673778240 195
1673778241 123
1673778241 128
1673778241 143
1673778243 108
1673778243 156
1673778243 200
1673778243 125
1673778244 154
1673778244 157
1673778244 181
1673778245 127
1673778245 170
1673778245 107
1673778245 130
1673778246 183
1673778246 192
1673778246 195
1673778247 183
1673778247 152
1673778248 140
1673778249 157
1673778250 126
1673778250 190
1673778250 197
1673778251 123
1673778251 176
1673778251 178
1673778252 165
1673778252 179
1673778253 192
1673778253 121
1673778253 126
1673778253 126
1673778253 102
1673778253 182
1673778254 182
1673778254 196
1673778254 161
1673778254 135
1673778255 129
1673778255 185
1673778255 102
1673778255 191
1673778255 181
1673778255 194
1673778255 158
1673778256 142
1673778256 173
1673778256 153
1673778257 158
1673778257 150
1673778257 175
1673778257 141
1673778258 182
1673778258 120
1673778258 194
1673778259 123
1673778260 136
1673778260 147
1673778260 111
1673778261 173
1673778262 177
1673778262 104
1673778262 121
1673778263 173
1673778263 120
1673778264 180
1673778265 155
1673778265 102
1673778266 175
1673778266 153
1673778267 105
1673778267 143
1673778267 127
1673778267 127
1673778267 130
1673778268 183
1673778268 106
1673778268 107
1673778269 179
1673778269 115
1673778270 142
1673778270 107
1673778270 126
1673778270 110
1673778270 143
1673778270 196
1673778270 118
1673778271 132
1673778271 124
1673778271 143
1673778272 185
1673778272 131
1673778273 123
1673778273 160
1673778273 166
1673778273 171
1673778273 171
1673778273 188
1673778273 106
1673778274 106
1673778275 151
1673778275 151
1673778276 106
1673778276 155
1673778276 152
1673778276 194
1673778277 171
1673778277 112
1673778277 153
1673778278 148
1673778278 157
1673778279 127
1673778279 110
1673778279 128
1673778279 171
1673778279 171
1673778280 189
1673778281 125
1673778282 197
1673778282 189
1673778283 113
1673778284 157
1673778284 137
1673778284 182
1673778284 183
1673778285 128
1673778285 130
1673778286 162
1673778286 115
1673778287 186
1673778287 200
1673778287 110
1673778287 200
1673778287 165
1673778288 109
1673778288 153
1673778288 171
1673778288 189
1673778288 178
1673778289 185
1673778290 181
1673778290 154
1673778290 188
1673778291 189
1673778291 129
1673778291 173
1673778291 200
1673778292 144
1673778292 140
1673778293 191
1673778293 196
1673778293 114
1673778293 134
1673778294 127
1673778294 161
1673778295 108
1673778295 149
1673778296 142
1673778296 122
1673778297 132
1673778297 134
1673778298 141
1673778298 145
1673778298 152
1673778298 134
1673778299 126
1673778299 187
1673778300 193
1673778300 103
1673778300 178
1673778301 139
1673778301 182
1673778301 172
1673778301 175
1673778303 115
1673778303 112
1673778303 176
1673778304 113
1673778305 163
1673778305 125
1673778305 146
1673778307 163
1673778308 186
1673778308 106
1673778308 112
1673778308 183
1673778308 146
1673778309 138
1673778309 172
1673778309 108
1673778309 156
1673778309 179
1673778309 181
1673778310 173
1673778311 131
1673778311 200
1673778311 165
1673778311 192
1673778311 139
1673778311 187
1673778312 154
1673778312 143
1673778312 162
1673778312 155
1673778312 108
1673778313 114
1673778313 161
1673778313 199
1673778313 186
1673778313 148
1673778315 182
1673778315 142
1673778316 176
1673778316 178
1673778316 187
1673778317 114
1673778318 137
1673778318 168
1673778319 101
1673778319 182
1673778320 152
1673778320 123
1673778320 162
1673778320 191
1673778321 109
1673778321 117
1673778322 132
1673778322 161
1673778322 125
1673778323 188
1673778323 147
1673778323 137
1673778326 165
1673778326 116
1673778326 168
1673778327 101
1673778328 156
1673778328 159
1673778328 175
1673778328 187
1673778328 198
1673778329 102
1673778329 138
1673778330 157
1673778330 129
1673778330 102
1673778330 104
1673778330 101
1673778331 181
1673778332 128
1673778332 110
1673778332 190
1673778332 159
1673778333 134
1673778333 151
1673778333 143
1673778334 159
1673778334 107
1673778334 193
1673778335 133
1673778336 178
1673778337 136
1673778337 159
1673778338 194
1673778338 196
1673778339 198
1673778339 189
1673778339 120
1673778341 195
1673778341 137
1673778342 117
1673778342 144
1673778342 174
1673778343 179
1673778343 117
1673778343 197
1673778343 130
1673778343 176
1673778344 154
1673778344 107
1673778345 128
1673778345 125
1673778345 152
1673778345 105
1673778346 148
1673778346 173
1673778346 113
1673778346 124
1673778347 126
1673778347 164
1673778347 154
1673778348 109
1673778348 109
1673778348 107
1673778348 126
1673778348 157
1673778348 129
1673778348 163
1673778349 107
1673778349 123
1673778349 157
1673778349 192
1673778350 123
1673778350 103
1673778350 131
1673778350 123
1673778350 191
1673778351 160
1673778351 129
1673778351 162
1673778351 142
1673778352 105
1673778352 157
1673778352 120
1673778352 134
1673778352 136
1673778352 131
1673778353 182
1673778353 164
1673778353 155
1673778354 105
1673778354 163
1673778354 187
1673778355 183
1673778355 124
1673778355 103
1673778356 166
1673778356 165
1673778356 114
1673778357 183
1673778357 148
1673778358 191
1673778358 196
1673778358 199
1673778358 154
1673778359 194
1673778359 189
1673778360 174
1673778360 193
1673778360 126
1673778361 179
1673778361 128
1673778361 194
1673778362 143
1673778363 111
1673778363 192
1673778364 186
1673778364 145
1673778365 145
1673778365 177
1673778365 112
1673778365 168
1673778365 154
1673778365 134
1673778366 161
1673778367 110
1673778367 132
1673778368 137
1673778368 133
1673778369 110
1673778369 164
1673778369 101
1673778369 183
1673778370 132
1673778371 166
1673778371 159
1673778372 198
1673778372 118
1673778373 186
1673778373 155
1673778373 179
1673778374 102
1673778374 161
1673778374 110
1673778374 172
1673778376 136
1673778376 112
1673778376 147
1673778376 194
1673778376 197
1673778376 148
1673778377 195
1673778377 144
1673778378 184
1673778378 196
1673778378 199
1673778379 165
1673778380 142
1673778380 147
1673778381 140
1673778383 161
1673778383 146
1673778383 200
1673778383 152
1673778384 122
1673778384 145
1673778384 170
1673778385 168
1673778385 139
1673778385 199
1673778385 156
1673778386 134
1673778386 175
1673778386 193
1673778386 135
1673778386 178
1673778387 185
1673778387 194
1673778387 115
1673778388 177
1673778388 127
1673778388 197
1673778389 134
1673778389 150
1673778389 189
1673778389 176
1673778390 101
1673778390 196
1673778390 179
1673778391 181
1673778391 178
1673778391 137
1673778391 184
1673778392 104
1673778392 198
1673778392 116
1673778393 174
1673778393 102
1673778393 139
1673778393 150
1673778393 196
1673778394 196
1673778395 166
1673778395 197
1673778395 108
1673778395 130
1673778395 121
1673778396 177
1673778396 181
1673778397 127
1673778397 124
1673778398 158
1673778398 104
1673778399 178
1673778399 197
1673778399 124
1673778399 114
1673778400 163
1673778400 190
1673778400 129
1673778401 194
1673778401 181
1673778401 108
1673778401 121
1673778402 136
1673778402 160
1673778402 157
1673778403 142
1673778403 184
1673778403 145
1673778403 200
1673778403 112
1673778404 187
1673778404 127
1673778404 156
1673778405 108
1673778406 161
1673778406 122
1673778406 123
1673778407 196
1673778407 189
1673778407 198
1673778407 155
1673778407 178
1673778407 146
1673778407 158
1673778408 152
1673778408 185
1673778409 160
1673778409 173
1673778409 119
1673778410 183
1673778410 101
1673778410 159
1673778410 115
1673778410 179
1673778411 191
1673778411 189
1673778412 136
1673778412 125
1673778412 142
1673778412 173
1673778413 162
1673778413 188
1673778413 155
1673778413 180
1673778414 187
1673778414 130
1673778414 161
1673778414 104
1673778415 199
1673778415 179
1673778415 179
1673778416 133
1673778417 105
1673778417 131
1673778418 149
1673778418 195
1673778418 143
1673778418 190
1673778419 114
1673778419 182
1673778420 128
1673778420 154
1673778420 150
1673778421 168
1673778421 136
1673778423 166
1673778423 164
1673778423 147
1673778424 149
1673778424 190
1673778425 182
1673778425 170
1673778425 131
1673778425 128
1673778426 107
1673778426 169
1673778427 176
1673778427 188
1673778427 146
1673778427 174
1673778428 105
1673778428 104
1673778429 144
1673778429 136
1673778429 128
1673778430 160
1673778431 105
1673778432 186
1673778432 104
1673778432 111
1673778432 101
1673778433 186
1673778434 131
1673778434 123
1673778435 151
1673778435 109
1673778435 122
1673778435 124
1673778436 167
1673778436 110
1673778436 153
1673778436 135
1673778437 107
1673778437 103
1673778438 104
1673778438 101
1673778438 111
1673778438 186
1673778438 182
1673778439 194
1673778439 136
1673778439 152
1673778440 118
1673778440 197
1673778441 144
1673778441 140
1673778441 144
1673778442 200
1673778442 181
1673778442 104
1673778443 104
1673778443 192
1673778443 103
1673778443 168
1673778443 158
1673778443 173
1673778444 180
1673778444 125
1673778445 191
1673778445 101
1673778446 165
1673778448 115
1673778448 131
1673778449 173
1673778449 167
1673778449 184
1673778449 137
1673778450 171
1673778450 177
1673778450 184
1673778450 113
1673778451 190
1673778452 200
1673778452 146
1673778452 169
1673778452 183
1673778453 146
1673778453 123
1673778453 107
1673778453 152
1673778454 170
1673778454 102
1673778455 164
1673778455 150
1673778455 122
1673778455 170
1673778455 192
1673778455 158
1673778455 179
1673778456 194
1673778456 170
1673778456 116
1673778456 153
1673778456 168
1673778457 158
1673778458 118
1673778458 145
1673778460 165
1673778460 163
1673778460 123
1673778461 175
1673778461 165
1673778462 124
1673778462 180
1673778462 159
1673778463 103
1673778464 122
1673778464 130
1673778464 110
1673778465 136
1673778465 115
1673778465 132
1673778469 107
1673778469 164
1673778470 186
1673778470 139
1673778470 140
1673778470 117
1673778470 147
1673778471 115
1673778472 129
1673778472 174
1673778472 181
1673778472 154
1673778472 136
1673778473 181
1673778474 171
1673778474 139
1673778475 177
1673778475 181
1673778476 114
1673778476 103
1673778476 108
1673778477 133
1673778477 190
1673778477 143
1673778478 107
1673778478 192
1673778478 103
1673778478 115
1673778479 192
1673778479 181
1673778479 112
1673778480 196
1673778480 167
1673778480 120
1673778481 175
1673778481 197
1673778481 118
1673778482 154
1673778482 145
1673778482 152
1673778482 120
1673778483 113
1673778483 109
1673778483 192
1673778484 191
1673778484 151
1673778484 106
1673778484 120
1673778484 116
1673778485 125
1673778485 158
1673778486 159
1673778486 124
1673778486 110
1673778487 149
1673778487 141
1673778487 102
1673778487 113
1673778488 114
1673778488 193
1673778488 188
1673778489 117
1673778490 110
1673778491 128
1673778491 174
1673778492 140
1673778492 177
1673778492 137
1673778493 104
1673778494 147
1673778494 176
1673778495 143
1673778495 116
1673778495 193
1673778495 199
1673778496 196
1673778497 166
1673778497 149
1673778497 177
1673778498 144
1673778498 110
1673778499 189
1673778499 163
1673778499 119
1673778499 200
1673778500 194
1673778500 105
1673778500 113
1673778500 113
1673778500 132
1673778502 163
1673778502 148
1673778502 198
1673778503 186
1673778503 157
1673778503 175
1673778504 117
1673778504 148
1673778504 135
1673778504 106
1673778504 176
1673778504 104
1673778504 138
1673778505 184
1673778505 111
1673778506 182
1673778506 139
1673778508 105
1673778508 197
1673778508 105
1673778509 182
1673778510 188
1673778510 199
1673778511 197
1673778511 156
1673778511 143
1673778511 150
1673778512 159
1673778513 129
1673778513 129
1673778513 168
1673778514 193
1673778514 119
1673778514 194
1673778515 187
1673778515 110
1673778515 170
1673778516 134
1673778519 153
1673778519 170
1673778520 154
1673778520 199
1673778520 111
1673778521 178
1673778521 139
1673778521 184
1673778521 167
1673778522 188
1673778522 196
1673778522 110
1673778523 113
1673778523 195
1673778524 111
1673778524 192
1673778525 167
1673778525 195
1673778526 136
1673778526 177
1673778527 164
1673778527 154
1673778527 191
1673778527 102
1673778527 107
1673778528 108
1673778529 185
1673778529 133
1673778530 119
1673778530 171
1673778530 107
1673778530 180
1673778530 164
1673778530 198
1673778531 187
1673778532 198
1673778533 142
1673778533 111
1673778534 140
1673778534 134
1673778535 119
1673778535 101
1673778535 174
1673778536 143
1673778536 132
1673778537 191
1673778537 199
1673778538 175
1673778539 190
1673778539 155
1673778540 186
1673778540 135
1673778541 132
1673778541 115
1673778541 121
1673778541 174
1673778542 171
1673778542 110
1673778542 189
1673778543 127
1673778544 108
1673778544 153
1673778544 195
1673778544 110
1673778544 114
1673778544 106
1673778545 163
1673778545 190
1673778545 160
1673778545 137
1673778546 187
1673778546 198
1673778546 196
1673778546 193
1673778547 162
1673778548 129
1673778548 163
1673778548 108
1673778548 156
1673778549 153
1673778549 139
1673778549 118
1673778549 140
1673778550 144
1673778551 105
1673778551 140
1673778551 199
1673778552 124
1673778552 103
1673778552 154
1673778554 118
1673778554 186
1673778555 187
1673778555 142
1673778556 164
1673778556 173
1673778557 175
1673778557 181
1673778557 132
1673778557 139
1673778557 122
1673778558 130
1673778558 129
1673778558 133
1673778559 167
1673778559 177
1673778560 128
1673778561 163
1673778561 194
1673778561 145
1673778562 184
1673778562 124
1673778562 134
1673778562 110
1673778563 176
1673778564 171
1673778565 146
1673778565 121
1673778565 196
1673778565 127
1673778565 194
1673778566 111
1673778567 112
1673778567 123
1673778567 192
1673778568 103
1673778568 174
1673778568 119
1673778569 105
1673778570 115
1673778570 124
1673778570 133
1673778570 127
1673778571 147
1673778571 122
1673778571 187
1673778571 112
1673778572 159
1673778572 196
1673778572 191
1673778572 147
1673778572 198
1673778572 160
1673778573 135
1673778573 184
1673778573 146
1673778573 106
1673778574 161
1673778574 193
1673778574 110
1673778574 139
1673778575 156
1673778575 133
1673778575 168
1673778576 184
1673778576 134
1673778576 165
1673778577 162
1673778577 165
1673778577 150
1673778577 196
1673778579 124
1673778580 145
1673778580 141
1673778580 101
1673778581 167
1673778581 152
1673778581 159
1673778582 155
1673778583 179
1673778583 161
1673778583 190
1673778584 159
1673778584 139
1673778584 125
1673778584 181
1673778585 112
1673778585 102
1673778586 154
1673778586 190
1673778587 174
1673778587 127
1673778587 177
1673778587 158
1673778587 188
1673778588 178
1673778588 133
1673778588 170
1673778588 159
1673778589 124
1673778590 188
1673778591 191
1673778592 142
1673778593 103
1673778593 174
1673778593 122
1673778593 160
1673778593 117
1673778593 138
1673778594 187
1673778594 171
1673778595 132
1673778596 198
1673778596 151
1673778596 165
1673778596 191
1673778597 129
1673778597 168
1673778597 121
1673778597 153
1673778597 170
1673778598 110
1673778598 135
1673778599 151
1673778599 117
1673778600 140
1673778600 103
1673778602 175
1673778602 186
1673778603 196
1673778603 193
1673778605 139
1673778605 186
1673778605 171
1673778606 104
1673778606 151
1673778607 191
1673778607 195
1673778607 159
1673778607 140
1673778607 156
1673778607 138
1673778608 176
1673778608 111
1673778608 159
1673778609 118
1673778609 193
1673778609 104
1673778609 188
1673778610 145
1673778611 168
1673778611 196
1673778611 182
1673778612 106
1673778612 198
1673778612 200
1673778613 131
1673778613 131
1673778613 197
1673778614 101
1673778614 116
1673778614 197
1673778614 179
1673778614 131
1673778615 189
1673778616 172
1673778616 194
1673778616 168
1673778616 133
1673778616 167
1673778617 102
1673778617 117
1673778618 166
1673778618 139
1673778618 116
1673778618 122
1673778619 182
1673778619 146
1673778619 108
1673778620 118
1673778620 187
1673778620 112
1673778621 107
1673778621 154
1673778621 198
1673778621 167
1673778622 141
1673778622 143
1673778623 136
1673778623 176
1673778623 105
1673778623 111
1673778623 153
1673778624 185
1673778625 108
1673778625 171
1673778625 120
1673778625 126
1673778626 117
1673778626 130
1673778626 143
1673778626 108
1673778627 137
1673778627 130
1673778628 103
1673778629 156
1673778629 161
1673778630 155
1673778630 154
1673778631 185
1673778632 176
1673778632 154
1673778633 101
1673778633 132
1673778634 137
1673778634 113
1673778634 134
1673778634 178
1673778634 197
1673778635 106
1673778635 184
1673778635 124
1673778635 104
1673778636 113
1673778636 116
1673778636 152
1673778637 145
1673778637 200
1673778638 162
1673778638 116
1673778638 151
1673778638 132
1673778638 180
1673778639 139
1673778639 197
1673778640 150
1673778640 154
1673778640 164
1673778640 136
1673778641 128
1673778643 137
1673778643 181
1673778643 105
1673778643 120
1673778643 113
1673778643 113
1673778643 168
1673778643 123
1673778644 176
1673778644 162
1673778644 162
1673778645 142
1673778645 168
1673778645 151
1673778645 119
1673778646 197
1673778646 157
1673778646 117
1673778647 127
1673778647 120
1673778647 186
1673778648 118
1673778648 170
1673778648 141
1673778649 102
1673778649 105
1673778649 144
1673778649 153
1673778649 155
1673778649 107
1673778650 147
1673778650 106
1673778650 125
1673778650 157
1673778651 129
1673778651 119
1673778651 132
1673778651 164
1673778652 184
1673778652 182
1673778652 187
1673778652 166
1673778653 148
1673778653 187
1673778654 113
1673778654 156
1673778654 151
1673778654 194
1673778654 115
1673778654 168
1673778654 108
1673778655 103
1673778655 184
1673778655 102
1673778655 127
1673778655 156
1673778656 122
1673778657 179
1673778657 133
1673778657 109
1673778657 182
1673778658 196
1673778658 189
1673778660 128
1673778660 172
1673778661 111
1673778661 193
1673778661 122
1673778661 199
1673778662 124
1673778662 127
1673778662 168
1673778662 184
1673778662 147
1673778663 170
1673778664 103
1673778664 108
1673778664 158
1673778665 118
1673778665 193
1673778665 178
1673778665 166
1673778665 129
1673778666 113
1673778667 154
1673778667 126
1673778668 199
1673778668 141
1673778668 130
1673778669 195
1673778669 181
1673778669 145
1673778670 197
1673778670 110
1673778671 159
1673778671 129
1673778671 152
1673778672 157
1673778672 118
1673778672 116
1673778673 147
1673778673 106
1673778674 190
1673778674 196
1673778675 113
1673778675 155
1673778676 121
1673778676 145
1673778676 183
1673778676 114
1673778677 146
1673778677 108
1673778677 147
1673778677 184
1673778679 126
1673778679 145
1673778680 194
1673778680 195
1673778680 183
1673778680 160
1673778681 190
1673778681 144
1673778681 171
1673778682 147
1673778682 176
1673778682 130
1673778682 126
1673778682 106
1673778682 172
1673778682 129
1673778683 174
1673778683 189
1673778683 168
1673778685 153
1673778685 118
1673778685 172
1673778686 134
1673778687 184
1673778687 120
1673778688 117
1673778688 141
1673778688 148
1673778689 180
1673778689 161
1673778689 112
1673778689 178
1673778689 147
1673778689 184
1673778689 181
1673778690 140
1673778690 177
1673778691 198
1673778691 196
1673778691 132
1673778692 180
1673778693 160
1673778693 137
1673778694 200
1673778694 127
1673778694 156
1673778694 119
1673778695 152
1673778695 173
1673778695 115
1673778696 200
1673778696 126
1673778696 144
1673778697 117
1673778697 163
1673778698 166
1673778698 169
1673778698 132
1673778699 162
1673778699 173
1673778699 173
1673778699 110
1673778700 163
1673778700 179
1673778701 144
1673778701 186
1673778702 183
1673778702 163
1673778703 200
1673778704 106
1673778704 120
1673778704 149
1673778704 111
1673778705 150
1673778706 136
1673778707 148
1673778707 150
1673778707 110
1673778707 139
1673778707 172
1673778707 184
1673778707 113
1673778708 197
1673778709 145
1673778709 150
1673778709 193
1673778709 107
1673778710 171
1673778710 176
1673778710 186
1673778710 121
1673778710 132
1673778711 134
1673778711 184
1673778713 102
1673778713 123
1673778714 161
1673778714 136
1673778715 148
1673778715 122
1673778716 195
1673778716 139
1673778716 126
1673778717 132
1673778717 118
1673778718 120
1673778718 116
1673778718 142
1673778718 187
1673778718 113
1673778718 147
1673778719 114
1673778719 112
1673778719 161
1673778719 140
1673778720 104
1673778720 111
1673778720 158
1673778721 170
1673778721 110
1673778721 125
1673778721 115
1673778721 120
1673778722 117
1673778722 166
1673778722 105
1673778723 117
1673778723 137
1673778723 107
1673778723 130
1673778723 155
1673778723 187
1673778724 161
1673778724 110
1673778724 145
1673778724 168
1673778724 171
1673778724 145
1673778725 175
1673778726 112
1673778727 104
1673778727 142
1673778727 165
1673778728 119
1673778728 192
1673778728 102
1673778728 137
1673778729 171
1673778729 144
1673778729 139
1673778729 148
1673778729 104
1673778730 185
1673778730 140
1673778730 180
1673778731 182
1673778731 163
1673778732 188
1673778733 124
1673778734 154
1673778735 107
1673778735 145
1673778736 149
1673778736 163
1673778738 191
1673778738 149
1673778738 124
1673778739 122
1673778740 161
1673778740 142
1673778740 177
1673778740 110
1673778740 141
1673778741 119
1673778742 110
1673778742 151
1673778742 136
1673778742 174
1673778742 174
1673778742 162
1673778743 115
1673778743 138
1673778743 198
1673778744 153
1673778744 161
1673778744 127
1673778744 118
1673778745 151
1673778745 142
1673778745 162
1673778745 132
1673778745 122
1673778746 172
1673778746 192
1673778747 172
1673778747 163
1673778747 122
1673778747 111
1673778747 123
1673778747 183
1673778748 149
1673778748 103
1673778748 151
1673778749 190
1673778749 190
1673778750 179
1673778750 149
1673778750 182
1673778750 192
1673778751 184
1673778751 169
1673778751 161
1673778751 121
1673778752 117
1673778752 143
1673778753 122
1673778753 185
1673778753 184
1673778753 192
1673778754 149
1673778754 180
1673778754 152
1673778754 175
1673778755 159
1673778755 116
1673778755 153
1673778756 126
1673778756 129
1673778756 115
1673778757 152
1673778757 182
1673778757 131
1673778757 194
1673778757 140
1673778759 178
1673778760 145
1673778760 129
1673778760 143
1673778760 128
1673778760 168
1673778761 155
1673778762 102
1673778762 190
1673778762 118
1673778762 196
1673778762 129
1673778762 132
1673778763 198
1673778763 138
1673778763 199
1673778763 151
1673778764 173
1673778764 174
1673778764 139
1673778765 189
1673778766 157
1673778766 144
1673778766 189
1673778766 200
1673778766 160
1673778766 107
1673778766 178
1673778766 188
1673778767 185
1673778767 177
1673778768 138
1673778768 116
1673778768 138
1673778769 130
1673778769 102
1673778769 134
1673778770 149
1673778770 175
1673778770 112
1673778770 172
1673778771 132
1673778772 103
1673778772 168
1673778772 135
1673778773 113
1673778773 101
1673778774 190
1673778775 160
1673778775 200
1673778775 188
1673778775 123
1673778776 190
1673778776 104
1673778776 179
1673778776 124
1673778777 157
1673778777 156
1673778777 134
1673778777 194
1673778777 146
1673778777 176
1673778777 169
1673778778 142
1673778778 170
1673778779 162
1673778780 117
1673778780 175
1673778781 172
1673778781 150
1673778781 169
1673778781 177
1673778782 187
1673778782 143
1673778782 174
1673778783 142
1673778784 189
1673778786 177
1673778787 146
1673778787 126
1673778788 107
1673778788 107
1673778788 164
1673778788 165
1673778789 103
1673778789 125
1673778790 149
1673778791 110
1673778791 163
1673778791 161
1673778792 145
1673778792 192
1673778792 181
1673778793 136
1673778793 143
1673778793 179
1673778793 139
1673778793 131
1673778794 170
1673778794 138
1673778795 129
1673778795 144
1673778795 119
1673778796 170
1673778797 161
1673778797 176
1673778797 140
1673778798 104
1673778798 172
1673778798 148
1673778798 110
1673778799 177
1673778799 124
1673778799 101
1673778800 187
1673778800 166
1673778801 190
1673778801 178
1673778802 162
1673778802 115
1673778803 148
1673778803 167
1673778803 166
1673778804 124
1673778804 103
1673778804 128
1673778805 190
1673778805 121
1673778805 200
1673778806 192
1673778806 108
1673778806 110
1673778806 121
1673778806 162
1673778808 131
1673778808 110
1673778808 101
1673778808 194
1673778808 181
1673778809 122
1673778809 194
1673778809 165
1673778809 134
1673778809 185
1673778810 169
1673778810 196
1673778811 166
1673778811 143
1673778811 133
1673778811 147
1673778811 159
1673778811 183
1673778811 162
1673778812 113
1673778812 178
1673778812 134
1673778812 128
1673778812 162
1673778813 181
1673778813 106
1673778813 139
1673778814 163
1673778814 157
1673778814 194
1673778816 164
1673778816 182
1673778816 112
1673778817 101
1673778818 145
1673778818 198
1673778819 127
1673778820 139
1673778820 119
1673778820 170
1673778821 162
1673778821 184
1673778821 125
1673778821 130
1673778822 135
1673778822 126
1673778822 131
1673778822 182
1673778822 108
1673778823 153
1673778823 161
1673778823 171
1673778824 191
1673778824 102
1673778824 179
1673778824 191
1673778824 164
1673778826 171
1673778826 158
1673778827 161
1673778827 108
1673778827 149
1673778828 102
1673778828 184
1673778829 187
1673778829 178
1673778829 126
1673778829 199
1673778830 131
1673778831 197
1673778831 114
1673778831 107
1673778833 119
1673778833 119
1673778833 190
1673778834 121
1673778835 115
1673778835 118
1673778836 131
1673778836 166
1673778836 169
1673778836 165
1673778836 172
1673778837 173
1673778837 174
1673778837 152
1673778838 124
1673778838 153
1673778838 123
1673778839 101
1673778839 124
1673778840 107
1673778841 135
1673778842 146
1673778842 153
1673778842 197
1673778842 135
1673778842 171
1673778842 105
1673778843 158
1673778843 182
1673778843 107
1673778843 142
1673778843 109
1673778843 194
1673778844 111
1673778844 130
1673778844 116
1673778845 113
1673778845 197
1673778845 193
1673778846 134
1673778847 106
1673778847 183
1673778848 141
1673778848 187
1673778848 118
1673778848 133
1673778848 140
1673778849 120
1673778849 161
1673778849 169
1673778850 177
1673778851 158
1673778851 152
1673778851 194
1673778852 130
1673778852 146
1673778853 178
1673778853 183
1673778853 194
1673778853 107
1673778854 146
1673778854 119
1673778854 143
1673778854 105
1673778854 156
1673778854 154
1673778855 187
1673778855 155
1673778856 193
1673778857 199
1673778858 126
1673778858 107
1673778858 149
1673778858 108
1673778858 136
1673778859 188
1673778859 136
1673778859 197
1673778859 157
1673778860 104
1673778860 195
1673778860 119
1673778860 182
1673778860 153
1673778860 112
1673778860 155
1673778862 119
1673778863 188
1673778863 196
1673778863 102
1673778863 166
1673778863 163
1673778863 190
1673778864 149
1673778864 186
1673778864 127
1673778865 125
1673778865 178
1673778865 196
1673778866 117
1673778867 191
1673778867 112
1673778868 186
1673778868 153
1673778868 156
1673778868 199
1673778868 169
1673778870 117
1673778870 114
1673778871 105
1673778871 194
1673778872 116
1673778872 114
1673778873 174
1673778874 117
1673778874 189
1673778875 183
1673778875 115
1673778875 172
1673778877 135
1673778877 192
1673778877 169
1673778878 154
1673778878 151
1673778878 157
1673778878 160
1673778879 190
1673778879 163
1673778879 149
1673778880 130
1673778880 116
1673778880 124
1673778880 146
1673778880 151
1673778881 191
1673778881 134
1673778881 155
1673778881 129
1673778881 129
1673778883 130
1673778883 178
1673778884 149
1673778884 120
1673778885 101
1673778885 144
1673778886 178
1673778886 156
1673778887 111
1673778887 184
1673778887 178
1673778887 121
1673778887 164
1673778888 114
1673778888 156
1673778891 157
1673778891 177
1673778892 123
1673778892 128
1673778892 180
1673778893 183
1673778893 133
1673778894 151
1673778895 131
1673778896 137
1673778897 107
1673778898 173
1673778898 192
1673778898 177
1673778899 138
1673778899 110
1673778899 157
1673778899 117
1673778899 139
1673778899 180
1673778899 103
1673778900 196
1673778901 108
1673778902 190
1673778902 161
1673778902 186
1673778903 186
1673778903 164
1673778903 177
1673778904 185
1673778904 141
1673778904 112
1673778904 108
1673778905 137
1673778906 159
1673778906 164
1673778906 195
1673778906 121
1673778907 105
1673778907 173
1673778909 123
1673778910 180
1673778910 120
1673778911 104
1673778911 108
1673778911 157
1673778911 116
1673778911 198
1673778912 164
1673778912 176
1673778912 186
1673778913 165
1673778913 158
1673778913 176
1673778913 193
1673778913 200
1673778914 195
1673778914 140
1673778914 158
1673778915 144
1673778915 172
1673778915 191
1673778915 149
1673778915 102
1673778916 156
1673778917 134
1673778917 129
1673778917 122
1673778918 112
1673778918 173
1673778918 160
1673778919 142
1673778919 166
1673778920 182
1673778920 152
1673778920 132
1673778921 166
1673778922 151
1673778923 178
1673778923 115
1673778925 130
1673778926 190
1673778926 149
1673778926 120
1673778926 125
1673778927 102
1673778927 146
1673778929 190
1673778929 145
1673778929 160
1673778929 120
1673778929 145
1673778929 149
1673778929 197
1673778930 122
1673778931 187
1673778931 163
1673778931 196
1673778932 111
1673778932 194
1673778932 149
1673778933 143
1673778933 121
1673778933 157
1673778934 169
1673778935 192
1673778936 183
1673778937 103
1673778937 188
1673778937 192
1673778937 199
1673778937 102
1673778939 123
1673778939 124
1673778939 125
1673778940 130
1673778940 144
1673778940 112
1673778940 177
1673778941 148
1673778941 173
1673778941 140
1673778942 101
1673778942 114
1673778943 176
1673778943 193
1673778943 104
1673778943 136
1673778944 141
1673778944 102
1673778944 112
1673778944 163
1673778945 136
1673778946 152
1673778946 176
1673778946 133
1673778946 182
1673778947 157
1673778947 179
1673778947 159
1673778947 197
1673778948 114
1673778948 174
1673778948 169
1673778949 101
1673778949 119
1673778950 157
1673778951 182
1673778951 174
1673778951 133
1673778951 136
1673778952 175
1673778952 150
1673778952 197
1673778952 182
1673778952 178
1673778953 135
1673778953 176
1673778953 168
1673778954 188
1673778955 153
1673778955 151
1673778955 163
1673778956 197
1673778956 145
1673778956 122
1673778956 105
1673778956 132
1673778957 200
1673778958 179
1673778959 169
1673778959 111
1673778959 136
1673778960 124
1673778960 190
1673778960 127
1673778961 176
1673778961 157
1673778961 127
1673778962 163
1673778963 199
1673778964 115
1673778965 126
1673778965 115
1673778966 158
1673778967 183
1673778967 125
1673778967 141
1673778967 136
1673778968 191
1673778968 120
1673778969 138
1673778969 111
1673778969 154
1673778970 112
1673778970 145
1673778970 163
1673778970 118
1673778971 184
1673778971 102
1673778972 192
1673778972 162
1673778972 199
1673778972 119
1673778972 133
1673778973 118
1673778973 156
1673778973 179
1673778974 178
1673778974 163
1673778974 118
1673778975 164
1673778975 177
1673778976 117
1673778976 156
1673778977 147
1673778977 179
1673778978 126
1673778979 104
1673778979 200
1673778979 106
1673778979 118
1673778979 133
1673778980 167
1673778980 156
1673778981 128
1673778982 170
1673778982 109
1673778982 191
1673778982 175
1673778983 116
1673778983 139
1673778984 165
1673778984 110
1673778984 107
1673778984 146
1673778985 118
1673778986 165
1673778986 128
1673778987 171
1673778987 154
1673778988 164
1673778988 122
1673778988 150
1673778989 125
1673778989 177
1673778989 141
1673778989 144
1673778990 176
1673778990 182
1673778991 188
1673778991 147
1673778991 176
1673778992 173
1673778992 193
1673778992 138
1673778992 173
1673778992 141
1673778992 181
1673778994 166
1673778994 155
1673778994 137
1673778995 162
1673778995 169
1673778996 153
1673778996 195
1673778996 174
1673778996 116
1673778996 171
1673778997 145
1673778997 104
1673778997 136
1673778997 128
1673778998 158
1673778998 141
1673778999 173
1673778999 157
1673778999 159
1673778999 146
1673778999 176
1673779000 179
1673779000 169
1673779000 102
1673779000 106
1673779001 138
1673779001 104
1673779001 131
1673779001 191
1673779001 107
1673779002 179
1673779002 168
1673779002 188
1673779002 114
1673779002 158
1673779003 151
1673779003 107
1673779003 153
1673779003 199
1673779004 113
1673779005 144
1673779006 165
1673779006 200
1673779006 181
1673779006 186
1673779006 180
1673779006 183
1673779007 168
1673779007 156
1673779007 155
1673779007 197
1673779007 167
1673779008 140
1673779008 185
1673779009 195
1673779009 111
1673779009 115
1673779009 200
1673779009 166
1673779009 169
1673779009 130
1673779010 113
1673779010 141
1673779010 112
1673779010 189
1673779010 175
1673779010 182
1673779011 164
1673779011 174
1673779012 118
1673779012 107
1673779013 152
1673779013 118
1673779013 152
1673779014 105
1673779014 168
1673779014 111
1673779014 118
1673779015 176
1673779015 186
1673779015 140
1673779015 190
1673779015 184
1673779016 169
1673779016 199
1673779016 200
1673779017 177
1673779017 119
1673779017 191
1673779018 113
1673779018 132
1673779019 130
1673779019 169
1673779019 174
1673779019 147
1673779019 199
1673779020 161
1673779021 170
1673779021 167
1673779022 139
1673779022 164
1673779023 176
1673779023 166
1673779023 148
1673779023 127
1673779023 154
1673779023 169
1673779024 151
1673779024 108
1673779024 190
1673779025 161
1673779025 132
1673779025 174
1673779026 182
1673779026 147
1673779026 148
1673779026 112
1673779027 149
1673779027 195
1673779027 114
1673779028 110
1673779028 106
1673779029 195
1673779029 167
1673779029 139
1673779029 138
1673779030 192
1673779031 149
1673779031 170
1673779031 158
1673779032 191
1673779032 142
1673779033 173
1673779033 111
1673779034 197
1673779034 136
1673779035 122
1673779037 157
1673779037 197
1673779037 145
1673779037 171
1673779037 174
1673779038 101
1673779038 120
1673779038 150
1673779038 109
1673779038 102
1673779038 126
1673779039 172
1673779039 137
1673779039 115
1673779040 102
1673779041 111
1673779041 189
1673779041 194
1673779043 170
1673779043 192
1673779043 135
1673779043 158
1673779044 138
1673779044 103
1673779044 111
1673779045 142
1673779045 118
1673779046 173
1673779047 132
1673779047 176
1673779047 185
1673779049 188
1673779049 149
1673779049 102
1673779051 154
1673779051 177
1673779052 134
1673779052 107
1673779052 111
1673779053 120
1673779053 190
1673779053 116
1673779054 148
1673779054 134
1673779055 161
1673779055 135
1673779056 148
1673779057 147
1673779057 174
1673779057 154
1673779058 165
1673779058 182
1673779059 124
1673779060 161
1673779060 168
1673779060 198
1673779060 197
1673779061 129
1673779061 192
1673779061 104
1673779062 185
1673779062 102
1673779063 129
1673779063 103
1673779063 121
1673779063 109
1673779064 154
1673779064 174
1673779064 142
1673779064 178
1673779064 192
1673779065 106
1673779065 165
1673779065 174
1673779065 188
1673779066 197
1673779067 186
1673779067 169
1673779067 120
1673779067 132
1673779069 183
1673779069 195
1673779070 173
1673779070 174
1673779070 119
1673779071 112
1673779071 188
1673779071 183
1673779071 193
1673779071 161
1673779072 142
1673779072 186
1673779072 190
1673779073 106
1673779073 140
1673779074 145
1673779075 146
1673779075 166
1673779076 173
1673779076 177
1673779077 140
1673779077 196
1673779077 197
1673779078 183
1673779079 167
1673779079 159
1673779079 154
1673779080 143
1673779080 144
1673779080 173
1673779080 142
1673779080 164
1673779081 108
1673779081 132
1673779081 128
1673779082 136
1673779082 132
1673779082 111
1673779083 110
1673779083 128
1673779083 114
1673779083 150
1673779083 118
1673779083 163
1673779084 134
1673779084 131
1673779084 117
1673779084 183
1673779085 138
1673779085 136
1673779085 183
1673779086 180
1673779086 182
1673779086 179
1673779087 174
1673779087 120
1673779087 162
1673779087 148
1673779087 161
1673779088 143
1673779088 198
1673779088 145
1673779089 104
1673779089 192
1673779090 111
1673779090 157
1673779090 136
1673779090 105
1673779090 178
1673779091 188
1673779091 144
1673779091 113
1673779092 127
1673779092 178
1673779092 187
1673779093 104
1673779093 118
1673779093 117
1673779093 123
1673779093 187
1673779093 132
1673779094 133
1673779094 125
1673779094 200
1673779095 168
1673779095 167
1673779095 188
1673779095 128
1673779096 195
1673779096 110
1673779096 172
1673779096 182
1673779096 137
1673779096 154
1673779097 134
1673779097 194
1673779097 194
1673779097 184
1673779097 104
1673779097 197
1673779098 164
1673779098 171
1673779098 200
1673779098 108
1673779099 146
1673779100 120
1673779100 142
1673779100 118
1673779101 160
1673779101 195
1673779101 199
1673779102 182
1673779102 166
1673779102 143
1673779102 150
1673779102 119
1673779103 159
1673779103 167
1673779104 161
1673779104 179
1673779105 134
1673779105 116
1673779105 113
1673779106 200
1673779106 173
1673779106 103
1673779108 109
1673779108 150
1673779109 194
1673779109 155
1673779109 135
1673779109 147
1673779110 182
1673779111 107
1673779111 155
1673779112 155
1673779112 121
1673779112 145
1673779112 199
1673779112 102
1673779113 111
1673779113 131
1673779113 133
1673779114 128
1673779114 171
1673779114 138
1673779115 169
1673779116 121
1673779116 144
1673779117 178
1673779117 152
1673779117 158
1673779117 167
1673779118 120
1673779118 165
1673779119 123
1673779119 179
1673779119 157
1673779119 115
1673779119 145
1673779120 109
1673779120 169
1673779121 171
1673779121 159
1673779121 169
1673779122 123
1673779122 146
1673779123 135
1673779123 109
1673779123 141
1673779123 120
1673779123 197
1673779124 138
1673779124 193
1673779124 126
1673779125 170
1673779125 177
1673779125 133
1673779125 186
1673779125 117
1673779126 157
1673779126 187
1673779126 197
1673779126 185
1673779127 130
1673779128 124
1673779128 147
1673779128 189
1673779129 196
1673779129 157
1673779129 190
1673779129 120
1673779130 109
1673779130 173
1673779130 118
1673779131 167
1673779131 141
1673779131 142
1673779132 147
1673779132 115
1673779132 128
1673779133 144
1673779133 120
1673779133 110
1673779134 103
1673779134 148
1673779135 145
1673779135 125
1673779136 147
1673779136 120
1673779136 170
1673779136 109
1673779136 195
1673779136 154
1673779138 168
1673779139 133
1673779139 158
1673779139 199
1673779139 126
1673779140 164
1673779140 185
1673779141 169
1673779142 187
1673779142 177
1673779143 107
1673779143 163
1673779143 144
1673779144 191
1673779144 164
1673779144 159
1673779144 167
1673779144 122
1673779144 199
1673779145 180
1673779146 138
1673779146 135
1673779146 162
1673779147 169
1673779149 172
1673779149 199
1673779149 127
1673779149 148
1673779150 180
1673779150 124
1673779150 149
1673779151 190
1673779151 122
1673779151 154
1673779152 184
1673779152 185
1673779152 149
1673779153 113
1673779153 110
1673779153 173
1673779154 134
1673779154 169
1673779155 125
1673779155 140
1673779155 132
1673779155 155
1673779156 182
1673779157 166
1673779158 128
1673779160 115
1673779160 156
1673779160 103
1673779160 135
1673779161 161
1673779161 144
1673779162 198
1673779162 191
1673779162 181
1673779163 149
1673779163 149
1673779163 171
1673779164 199
1673779164 107
1673779164 110
1673779165 191
1673779165 180
1673779165 121
1673779166 186
1673779166 154
1673779166 139
1673779166 123
1673779167 149
1673779167 171
1673779167 177
1673779168 189
1673779168 176
1673779168 197
1673779169 116
1673779169 128
1673779169 184
1673779169 141
1673779170 130
1673779170 142
1673779170 198
1673779171 124
1673779171 172
1673779172 170
1673779173 172
1673779173 190
1673779174 198
1673779174 112
1673779175 194
1673779175 107
1673779175 145
1673779175 190
1673779177 164
1673779177 151
1673779177 166
1673779177 159
1673779177 105
1673779178 192
1673779178 156
1673779179 138
1673779179 137
1673779179 103
1673779179 124
1673779179 129
1673779180 162
1673779180 176
1673779180 127
1673779181 161
1673779181 110
1673779181 132
1673779181 178
1673779182 104
1673779182 122
1673779183 141
1673779183 179
1673779183 200
1673779183 123
1673779184 111
1673779184 164
1673779185 151
1673779186 114
1673779186 160
1673779186 151
1673779186 187
1673779187 103
1673779187 104
1673779187 141
1673779188 149
1673779188 115
1673779189 198
1673779189 200
1673779189 181
1673779190 195
1673779190 161
1673779191 190
1673779191 118
1673779192 165
1673779192 197
1673779192 118
1673779193 121
1673779193 182
1673779193 187
1673779194 197
1673779194 160
1673779194 136
1673779195 112
1673779196 152
1673779196 162
1673779196 173
1673779198 190
1673779198 107
1673779198 115
1673779198 143
1673779198 121
1673779198 141
1673779199 180
1673779199 110
1673779199 152
1673779199 145
1673779199 160
1673779199 143
1673779199 163
1673779200 129
1673779200 176
1673779200 197
1673779200 117
1673779201 160
1673779201 181
1673779201 189
1673779202 200
1673779203 168
1673779203 196
1673779204 140
1673779204 137
1673779205 132
1673779205 163
1673779205 122
1673779206 122
1673779206 197
1673779206 200
1673779207 200
1673779207 184
1673779207 129
1673779207 179
1673779208 188
1673779208 176
1673779209 102
1673779209 196
1673779209 124
1673779209 175
1673779210 127
1673779210 184
1673779211 192
1673779211 136
1673779211 194
1673779211 150
1673779212 169
1673779212 162
1673779213 184
1673779213 102
1673779213 182
1673779213 153
1673779214 148
1673779214 183
1673779214 194
1673779214 117
1673779216 175
1673779217 108
1673779217 145
1673779217 148
1673779218 191
1673779219 119
1673779219 191
1673779219 130
1673779220 114
1673779220 144
1673779221 181
1673779222 116
1673779222 147
1673779223 184
1673779224 180
1673779224 149
1673779225 151
1673779225 189
1673779226 133
1673779226 188
1673779227 119
1673779227 115
1673779229 146
1673779229 169
1673779229 127
1673779229 105
1673779229 197
1673779229 180
1673779230 166
1673779230 112
1673779230 103
1673779231 146
1673779231 130
1673779232 189
1673779233 127
1673779233 171
1673779234 128
1673779234 196
1673779234 183
1673779234 109
1673779235 102
1673779235 132
1673779236 103
1673779236 109
1673779236 165
1673779236 138
1673779236 121
1673779237 137
1673779237 146
1673779237 129
1673779237 160
1673779238 183
1673779238 121
1673779238 156
1673779239 121
1673779240 160
1673779240 101
1673779240 140
1673779240 107
1673779240 180
1673779241 167
1673779241 197
1673779241 119
1673779241 150
1673779242 185
1673779242 108
1673779242 195
1673779242 198
1673779242 109
1673779243 162
1673779244 156
1673779244 113
1673779244 169
1673779245 182
1673779245 174
1673779246 187
1673779246 181
1673779247 198
1673779247 198
1673779247 144
1673779248 157
1673779248 172
1673779249 110
1673779249 122
1673779249 109
1673779250 118
1673779250 119
1673779251 133
1673779251 128
1673779251 125
1673779252 113
1673779252 148
1673779252 109
1673779252 111
1673779253 115
1673779254 173
1673779254 179
1673779254 166
1673779255 187
1673779255 196
1673779255 173
1673779256 119
1673779257 197
1673779257 145
1673779258 153
1673779258 146
1673779258 108
1673779258 153
1673779259 199
1673779259 114
1673779259 152
1673779259 156
1673779259 126
1673779260 200
1673779260 163
1673779261 117
1673779262 150
1673779262 102
1673779262 190
1673779262 185
1673779263 167
1673779263 191
1673779264 193
1673779264 144
1673779265 127
1673779265 191
1673779265 171
1673779266 172
1673779266 159
1673779266 128
1673779266 119
1673779266 132
1673779267 197
1673779267 139
1673779267 129
1673779268 135
1673779268 152
1673779269 183
1673779270 190
1673779270 123
1673779270 191
1673779270 168
1673779271 153
1673779271 142
1673779271 197
1673779272 166
1673779273 194
1673779273 103
1673779274 103
1673779275 161
1673779276 180
1673779276 113
1673779278 176
1673779279 180
1673779280 122
1673779280 183
1673779280 142
1673779280 105
1673779280 169
1673779280 129
1673779281 148
1673779281 189
1673779281 120
1673779282 104
1673779282 198
1673779282 164
1673779283 142
1673779283 163
1673779284 115
1673779285 167
1673779285 196
1673779286 132
1673779286 115
1673779286 117
1673779286 101
1673779286 115
1673779286 134
1673779287 115
1673779287 154
1673779288 102
1673779289 109
1673779289 177
1673779289 160
1673779289 185
1673779289 128
1673779290 190
1673779290 177
1673779290 141
1673779290 135
1673779290 192
