1673776802 151
1673776804 106
1673776804 182
1673776807 158
1673776807 196
1673776807 119
1673776808 158
1673776809 190
1673776809 200
1673776810 121
1673776810 183
1673776811 161
1673776811 120
1673776813 198
1673776813 122
1673776814 167
1673776816 188
1673776816 172
1673776818 194
1673776819 184
1673776819 138
1673776820 151
1673776820 172
1673776821 162
1673776821 124
1673776822 186
1673776822 135
1673776822 161
1673776823 138
1673776824 181
1673776824 197
1673776824 136
1673776824 198
1673776824 112
1673776826 175
1673776826 123
1673776828 161
1673776828 132
1673776829 193
1673776830 169
1673776831 173
1673776832 152
1673776834 127
1673776835 172
1673776836 140
1673776837 111
1673776837 200
1673776838 106
1673776838 174
1673776843 188
1673776849 161
1673776849 130
1673776851 147
1673776851 149
1673776859 179
1673776861 165
1673776862 146
1673776862 165
1673776863 158
1673776863 110
1673776867 163
1673776867 151
1673776871 142
1673776871 154
1673776873 155
1673776873 169
1673776874 180
1673776876 155
1673776876 151
1673776878 171
1673776879 181
1673776879 180
1673776881 199
1673776883 137
1673776889 200
1673776889 126
1673776889 145
1673776889 193
1673776889 175
1673776890 140
1673776892 174
1673776895 107
1673776895 199
1673776896 161
1673776897 129
1673776897 180
1673776898 153
1673776898 191
1673776898 115
1673776899 112
1673776899 114
1673776900 188
1673776900 141
1673776900 166
1673776901 144
1673776901 196
1673776903 163
1673776904 103
1673776904 118
1673776904 154
1673776904 109
1673776905 173
1673776906 151
1673776907 152
1673776912 113
1673776917 154
1673776917 186
1673776920 113
1673776920 163
1673776921 146
1673776922 132
1673776922 192
1673776923 103
1673776923 152
1673776923 124
1673776923 129
1673776923 182
1673776924 157
1673776924 109
1673776924 189
1673776924 106
1673776925 144
1673776925 141
1673776925 125
1673776925 159
1673776925 101
1673776925 127
1673776926 177
1673776926 196
1673776927 147
1673776928 149
1673776928 125
1673776928 113
1673776928 104
1673776929 177
1673776930 107
1673776930 171
1673776930 104
1673776930 154
1673776931 161
1673776931 124
1673776931 151
1673776931 182
1673776931 118
1673776932 145
1673776932 200
1673776932 115
1673776933 121
1673776933 150
1673776933 111
1673776933 120
1673776934 198
1673776934 164
1673776934 129
1673776934 184
1673776934 145
1673776935 170
1673776935 110
1673776936 130
1673776936 194
1673776936 160
1673776936 192
1673776936 149
1673776937 130
1673776937 159
1673776938 161
1673776938 104
1673776938 123
1673776939 156
1673776939 103
1673776940 138
1673776941 194
1673776941 159
1673776941 173
1673776942 167
1673776943 166
1673776943 158
1673776945 112
1673776945 177
1673776945 140
1673776945 129
1673776945 121
1673776946 166
1673776947 164
1673776948 169
1673776949 163
1673776949 148
1673776949 128
1673776951 103
1673776951 123
1673776951 135
1673776952 111
1673776952 178
1673776952 121
1673776953 193
1673776953 188
1673776954 163
1673776954 150
1673776954 167
1673776955 131
1673776955 161
1673776957 167
1673776957 193
1673776958 190
1673776959 110
1673776959 108
1673776959 166
1673776959 198
1673776959 107
1673776959 191
1673776960 151
1673776960 155
1673776960 193
1673776960 189
1673776961 172
1673776961 162
1673776961 163
1673776961 116
1673776961 193
1673776962 176
1673776962 117
1673776962 115
1673776962 128
1673776963 134
1673776964 147
1673776964 188
1673776964 156
1673776965 199
1673776965 165
1673776965 174
1673776965 110
1673776967 131
1673776967 126
1673776967 129
1673776968 107
1673776968 134
1673776969 132
1673776970 169
1673776970 180
1673776970 127
1673776971 147
1673776971 198
1673776971 137
1673776972 151
1673776972 195
1673776973 115
1673776973 178
1673776973 139
1673776973 190
1673776973 128
1673776975 139
1673776975 166
1673776976 149
1673776976 169
1673776976 103
1673776976 122
1673776976 109
1673776977 192
1673776977 123
1673776977 125
1673776977 200
1673776977 108
1673776977 177
1673776977 172
1673776979 112
1673776979 155
1673776980 200
1673776980 173
1673776980 190
1673776980 122
1673776981 148
1673776982 148
1673776983 152
1673776983 154
1673776983 194
1673776983 101
1673776983 147
1673776985 115
1673776985 157
1673776986 129
1673776986 196
1673776986 185
1673776986 180
1673776986 125
1673776987 192
1673776988 198
1673776988 124
1673776989 168
1673776989 139
1673776989 130
1673776989 118
1673776990 108
1673776991 114
1673776991 164
1673776992 148
1673776992 147
1673776992 163
1673776993 159
1673776993 158
1673776995 150
1673776996 190
1673776997 168
1673776997 121
1673776997 123
1673776998 109
1673776998 176
1673776998 172
1673776998 145
1673776999 138
1673776999 178
1673777000 143
1673777001 140
1673777002 105
1673777005 101
1673777005 107
1673777005 193
1673777006 110
1673777006 162
1673777007 152
1673777008 167
1673777009 149
1673777009 127
1673777010 143
1673777011 196
1673777011 178
1673777012 129
1673777013 154
1673777013 118
1673777014 172
1673777014 129
1673777014 130
1673777015 111
1673777015 101
1673777015 110
1673777016 127
1673777017 138
1673777017 123
1673777018 135
1673777018 159
1673777019 170
1673777019 102
1673777021 166
1673777021 142
1673777021 101
1673777022 149
1673777022 159
1673777022 138
1673777022 119
1673777022 165
1673777023 173
1673777023 157
1673777023 169
1673777024 105
1673777025 143
1673777025 176
1673777025 126
1673777026 154
1673777026 187
1673777026 132
1673777026 116
1673777027 175
1673777027 175
1673777028 127
1673777028 160
1673777028 128
1673777029 132
1673777029 186
1673777029 125
1673777029 122
1673777029 181
1673777029 148
1673777029 143
1673777030 123
1673777030 197
1673777030 148
1673777031 112
1673777031 143
1673777031 130
1673777031 141
1673777031 193
1673777032 129
1673777032 157
1673777032 109
1673777033 183
1673777033 105
1673777034 177
1673777035 160
1673777035 129
1673777035 187
1673777035 110
1673777036 101
1673777036 102
1673777037 177
1673777038 182
1673777039 188
1673777039 156
1673777039 109
1673777039 167
1673777040 123
1673777041 116
1673777041 135
1673777042 157
1673777044 167
1673777044 170
1673777044 182
1673777045 180
1673777045 129
1673777046 185
1673777046 114
1673777046 106
1673777046 133
1673777046 172
1673777046 127
1673777047 184
1673777048 182
1673777048 128
1673777049 176
1673777049 127
1673777049 156
1673777049 175
1673777049 162
1673777050 147
1673777050 140
1673777050 176
1673777050 182
1673777050 131
1673777050 124
1673777050 180
1673777051 177
1673777051 166
1673777052 143
1673777052 135
1673777052 153
1673777053 190
1673777053 188
1673777054 177
1673777055 164
1673777055 110
1673777055 123
1673777055 140
1673777056 177
1673777056 189
1673777056 104
1673777057 196
1673777057 139
1673777057 173
1673777058 111
1673777058 153
1673777059 192
1673777059 135
1673777059 162
1673777059 161
1673777060 128
1673777060 200
1673777060 168
1673777060 157
1673777060 120
1673777060 169
1673777060 177
1673777061 130
1673777062 106
1673777062 118
1673777062 166
1673777062 115
1673777062 169
1673777063 179
1673777063 120
1673777064 200
1673777065 156
1673777065 197
1673777066 130
1673777066 187
1673777067 145
1673777067 133
1673777067 114
1673777068 153
1673777068 135
1673777068 134
1673777069 173
1673777069 108
1673777069 148
1673777069 132
1673777070 147
1673777070 102
1673777070 115
1673777070 106
1673777071 175
1673777071 103
1673777071 112
1673777071 106
1673777072 159
1673777072 140
1673777073 128
1673777073 108
1673777073 183
1673777073 190
1673777073 119
1673777073 105
1673777074 170
1673777074 145
1673777074 183
1673777075 150
1673777075 185
1673777075 105
1673777075 172
1673777075 143
1673777076 186
1673777076 179
1673777076 181
1673777076 137
1673777077 199
1673777079 184
1673777079 128
1673777079 168
1673777079 192
1673777079 109
1673777079 125
1673777079 167
1673777080 154
1673777080 182
1673777081 160
1673777081 161
1673777081 181
1673777081 131
1673777081 153
1673777082 151
1673777082 107
1673777082 181
1673777082 161
1673777083 159
1673777083 138
1673777083 190
1673777084 136
1673777084 153
1673777084 123
1673777084 138
1673777085 105
1673777085 132
1673777086 161
1673777086 197
1673777086 153
1673777086 165
1673777086 137
1673777087 126
1673777087 134
1673777088 131
1673777088 185
1673777088 182
1673777088 126
1673777089 153
1673777089 163
1673777089 136
1673777090 128
1673777090 129
1673777090 112
1673777090 188
1673777090 119
1673777091 182
1673777091 183
1673777092 188
1673777092 135
1673777092 184
1673777092 194
1673777093 185
1673777093 121
1673777094 113
1673777095 164
1673777095 187
1673777095 154
1673777095 184
1673777095 200
1673777096 130
1673777096 130
1673777096 140
1673777097 163
1673777097 185
1673777097 101
1673777098 156
1673777098 181
1673777098 175
1673777098 158
1673777101 137
1673777102 154
1673777102 116
1673777102 108
1673777102 142
1673777102 113
1673777103 121
1673777103 174
1673777104 150
1673777104 176
1673777105 165
1673777105 187
1673777105 154
1673777105 180
1673777105 160
1673777105 162
1673777106 136
1673777108 180
1673777108 188
1673777109 157
1673777109 148
1673777109 190
1673777109 113
1673777109 154
1673777109 155
1673777111 197
1673777111 106
1673777111 179
1673777111 166
1673777111 190
1673777111 175
1673777111 133
1673777111 143
1673777111 150
1673777112 179
1673777112 120
1673777113 108
1673777113 178
1673777113 173
1673777115 114
1673777116 172
1673777116 108
1673777116 117
1673777117 175
1673777117 108
1673777117 188
1673777117 143
1673777117 114
1673777117 186
1673777119 195
1673777119 135
1673777119 142
1673777119 102
1673777120 196
1673777120 130
1673777120 129
1673777120 175
1673777121 123
1673777121 149
1673777121 138
1673777121 175
1673777122 144
1673777123 105
1673777123 198
1673777123 159
1673777123 178
1673777124 105
1673777125 181
1673777125 148
1673777126 136
1673777126 143
1673777126 190
1673777126 150
1673777126 103
1673777127 153
1673777127 102
1673777128 189
1673777128 118
1673777128 164
1673777128 126
1673777129 150
1673777129 103
1673777129 119
1673777130 136
1673777130 132
1673777131 175
1673777131 130
1673777132 111
1673777132 175
1673777132 146
1673777132 127
1673777133 198
1673777133 150
1673777133 170
1673777134 156
1673777134 170
1673777135 156
1673777135 192
1673777135 125
1673777136 106
1673777136 105
1673777136 137
1673777136 163
1673777136 146
1673777137 104
1673777138 187
1673777138 135
1673777139 128
1673777139 125
1673777139 153
1673777139 143
1673777140 115
1673777140 173
1673777141 187
1673777141 187
1673777142 193
1673777142 197
1673777142 148
1673777143 153
1673777143 169
1673777143 137
1673777143 108
1673777144 125
1673777145 199
1673777145 141
1673777147 196
1673777147 178
1673777147 186
1673777148 136
1673777148 167
1673777148 173
1673777148 169
1673777148 143
1673777149 195
1673777149 140
1673777149 168
1673777150 128
1673777150 101
1673777150 124
1673777151 200
1673777152 135
1673777152 177
1673777152 141
1673777153 134
1673777153 190
1673777153 126
1673777154 197
1673777154 132
1673777154 146
1673777154 148
1673777154 128
1673777155 130
1673777155 192
1673777155 165
1673777156 194
1673777156 140
1673777156 136
1673777156 101
1673777156 140
1673777157 139
1673777157 199
1673777158 104
1673777158 156
1673777158 182
1673777159 142
1673777159 119
1673777159 185
1673777159 159
1673777160 172
1673777161 183
1673777161 164
1673777161 176
1673777161 131
1673777162 194
1673777162 192
1673777163 111
1673777163 148
1673777164 131
1673777164 182
1673777164 104
1673777165 129
1673777165 193
1673777166 194
1673777166 123
1673777166 165
1673777166 167
1673777168 118
1673777168 150
1673777169 145
1673777169 129
1673777169 129
1673777170 124
1673777170 126
1673777171 179
1673777171 137
1673777171 181
1673777171 146
1673777172 155
1673777172 160
1673777172 173
1673777172 141
1673777173 117
1673777173 146
1673777174 171
1673777174 169
1673777175 103
1673777175 173
1673777176 156
1673777177 118
1673777178 187
1673777178 192
1673777178 140
1673777179 185
1673777179 195
1673777180 148
1673777182 129
1673777182 182
1673777182 165
1673777182 165
1673777183 129
1673777183 192
1673777184 123
1673777184 104
1673777185 186
1673777185 160
1673777185 182
1673777185 179
1673777186 118
1673777186 118
1673777186 162
1673777186 132
1673777187 132
1673777187 103
1673777187 111
1673777188 163
1673777188 191
1673777188 176
1673777188 113
1673777189 107
1673777189 115
1673777189 108
1673777190 177
1673777190 113
1673777191 163
1673777191 147
1673777191 169
1673777192 134
1673777192 134
1673777192 172
1673777192 131
1673777192 135
1673777192 181
1673777193 168
1673777193 154
1673777194 141
1673777194 148
1673777194 140
1673777194 177
1673777194 101
1673777195 119
1673777195 116
1673777195 180
1673777196 123
1673777196 113
1673777197 185
1673777197 162
1673777198 108
1673777198 142
1673777199 187
1673777199 160
1673777199 152
1673777199 170
1673777199 141
1673777199 158
1673777200 112
1673777200 170
1673777200 139
1673777200 191
1673777200 143
1673777200 144
1673777200 154
1673777200 116
1673777201 198
1673777201 103
1673777202 127
1673777203 184
1673777203 185
1673777204 151
1673777204 178
1673777204 105
1673777204 106
1673777204 156
1673777204 127
1673777205 133
1673777205 123
1673777205 107
1673777205 116
1673777206 124
1673777206 109
1673777206 182
1673777206 136
1673777206 179
1673777207 178
1673777207 124
1673777208 133
1673777208 158
1673777208 192
1673777208 105
1673777209 167
1673777209 101
1673777209 155
1673777209 102
1673777209 148
1673777210 108
1673777210 176
1673777210 129
1673777210 184
1673777212 150
1673777212 122
1673777213 178
1673777213 129
1673777213 117
1673777213 103
1673777213 190
1673777213 156
1673777214 110
1673777214 163
1673777215 164
1673777215 103
1673777215 114
1673777215 174
1673777215 182
1673777216 152
1673777216 147
1673777216 155
1673777216 145
1673777216 144
1673777217 119
1673777217 128
1673777217 198
1673777217 129
1673777217 194
1673777217 149
1673777218 149
1673777218 192
1673777219 188
1673777219 150
1673777219 104
1673777220 157
1673777220 141
1673777220 124
1673777220 155
1673777220 170
1673777221 125
1673777221 179
1673777222 178
1673777222 129
1673777224 153
1673777225 127
1673777225 154
1673777225 166
1673777226 148
1673777227 135
1673777228 176
1673777229 108
1673777229 104
1673777229 184
1673777233 127
1673777233 117
1673777234 145
1673777234 151
1673777235 108
1673777235 191
1673777235 103
1673777237 183
1673777237 124
1673777237 200
1673777237 185
1673777238 148
1673777238 123
1673777238 184
1673777239 149
1673777239 132
1673777240 184
1673777241 103
1673777241 133
1673777241 107
1673777241 148
1673777241 200
1673777242 141
1673777244 148
1673777244 164
1673777244 162
1673777246 117
1673777247 128
1673777247 177
1673777247 133
1673777248 187
1673777249 174
1673777249 167
1673777249 106
1673777250 198
1673777250 182
1673777251 156
1673777252 160
1673777253 142
1673777254 187
1673777254 153
1673777255 141
1673777256 143
1673777256 141
1673777257 143
1673777258 138
1673777258 164
1673777259 174
1673777259 157
1673777259 185
1673777260 184
1673777260 174
1673777260 196
1673777261 200
1673777261 188
1673777261 159
1673777261 109
1673777262 126
1673777262 185
1673777262 101
1673777262 180
1673777262 104
1673777262 168
1673777262 196
1673777263 185
1673777263 154
1673777263 109
1673777264 161
1673777264 102
1673777264 119
1673777264 108
1673777264 133
1673777264 113
1673777264 127
1673777264 195
1673777264 190
1673777265 165
1673777265 175
1673777265 165
1673777265 175
1673777265 169
1673777266 117
1673777266 165
1673777267 171
1673777267 169
1673777268 154
1673777268 113
1673777269 145
1673777269 161
1673777269 172
1673777270 158
1673777270 150
1673777270 195
1673777270 181
1673777270 169
1673777270 114
1673777271 124
1673777271 150
1673777271 161
1673777271 133
1673777272 194
1673777272 162
1673777272 154
1673777272 127
1673777273 182
1673777274 142
1673777274 198
1673777274 106
1673777275 158
1673777275 142
1673777276 151
1673777276 132
1673777277 112
1673777277 190
1673777278 111
1673777278 131
1673777278 194
1673777278 191
1673777279 108
1673777279 144
1673777279 111
1673777279 172
1673777279 110
1673777280 153
1673777280 121
1673777280 199
1673777281 157
1673777281 135
1673777282 192
1673777283 149
1673777283 161
1673777283 175
1673777284 188
1673777284 170
1673777284 196
1673777284 186
1673777285 111
1673777285 170
1673777285 140
1673777285 156
1673777285 114
1673777286 182
1673777286 187
1673777288 196
1673777288 119
1673777289 189
1673777289 165
1673777289 195
1673777289 136
1673777290 143
1673777290 145
1673777290 168
1673777291 178
1673777291 162
1673777292 192
1673777292 194
1673777292 183
1673777293 179
1673777293 102
1673777293 108
1673777293 173
1673777294 141
1673777294 138
1673777294 119
1673777294 157
1673777296 197
1673777297 158
1673777297 140
1673777299 166
1673777299 144
1673777299 116
1673777299 193
1673777299 154
1673777300 113
1673777300 113
1673777301 184
1673777301 138
1673777301 181
1673777301 134
1673777301 175
1673777302 156
1673777302 108
1673777302 181
1673777303 198
1673777303 132
1673777303 148
1673777303 184
1673777304 137
1673777304 168
1673777305 102
1673777305 101
1673777305 161
1673777305 149
1673777306 105
1673777306 141
1673777306 101
1673777306 154
1673777306 116
1673777306 166
1673777307 139
1673777307 150
1673777307 147
1673777307 139
1673777308 110
1673777308 176
1673777308 159
1673777308 179
1673777308 183
1673777308 163
1673777308 122
1673777310 117
1673777311 142
1673777311 117
1673777311 121
1673777311 117
1673777312 113
1673777312 182
1673777312 151
1673777313 171
1673777314 141
1673777314 108
1673777314 145
1673777314 114
1673777314 181
1673777315 138
1673777315 127
1673777316 128
1673777316 200
1673777317 111
1673777317 151
1673777317 188
1673777317 142
1673777318 131
1673777319 120
1673777320 189
1673777320 109
1673777320 121
1673777321 128
1673777321 171
1673777321 157
1673777321 193
1673777322 134
1673777322 103
1673777322 145
1673777322 135
1673777322 138
1673777322 183
1673777323 154
1673777323 140
1673777323 153
1673777324 121
1673777325 177
1673777327 172
1673777327 200
1673777327 170
1673777327 183
1673777327 109
1673777327 171
1673777327 132
1673777328 151
1673777328 185
1673777328 185
1673777329 159
1673777329 124
1673777329 170
1673777329 198
1673777329 123
1673777329 158
1673777330 109
1673777331 159
1673777331 172
1673777331 172
1673777331 129
1673777331 128
1673777331 174
1673777333 110
1673777333 132
1673777333 177
1673777333 110
1673777333 197
1673777333 175
1673777334 141
1673777334 113
1673777334 126
1673777335 171
1673777335 157
1673777335 111
1673777335 199
1673777336 113
1673777336 179
1673777336 122
1673777336 171
1673777337 138
1673777337 151
1673777337 157
1673777338 180
1673777339 186
1673777339 166
1673777339 161
1673777339 152
1673777340 157
1673777340 200
1673777340 148
1673777341 108
1673777342 189
1673777342 141
1673777342 136
1673777342 154
1673777342 113
1673777344 104
1673777344 173
1673777345 187
1673777345 108
1673777347 130
1673777360 127
1673777361 122
1673777361 161
1673777361 190
1673777362 109
1673777362 130
1673777362 193
1673777363 197
1673777364 177
1673777365 130
1673777365 101
1673777366 143
1673777366 198
1673777366 154
1673777367 118
1673777367 133
1673777367 148
1673777368 139
1673777368 167
1673777369 107
1673777369 123
1673777369 196
1673777370 106
1673777370 187
1673777371 199
1673777371 137
1673777371 114
1673777371 187
1673777371 138
1673777372 185
1673777372 115
1673777372 168
1673777372 116
1673777372 123
1673777373 176
1673777373 108
1673777373 144
1673777373 116
1673777375 185
1673777375 151
1673777376 141
1673777376 180
1673777376 114
1673777376 124
1673777376 132
1673777376 137
1673777377 140
1673777377 170
1673777378 145
1673777379 154
1673777379 151
1673777379 171
1673777380 131
1673777380 154
1673777380 166
1673777381 166
1673777381 134
1673777382 142
1673777382 102
1673777383 159
1673777383 188
1673777383 109
1673777383 149
1673777383 160
1673777384 197
1673777384 120
1673777384 185
1673777385 111
1673777385 160
1673777385 138
1673777385 126
1673777385 147
1673777386 129
1673777387 124
1673777387 134
1673777388 169
1673777388 173
1673777388 164
1673777388 102
1673777389 148
1673777389 145
1673777389 174
1673777390 137
1673777390 160
1673777390 102
1673777390 153
1673777390 190
1673777391 104
1673777392 111
1673777393 137
1673777393 193
1673777393 123
1673777394 188
1673777394 190
1673777394 198
1673777395 150
1673777395 144
1673777395 102
1673777396 117
1673777397 155
1673777397 103
1673777397 129
1673777397 181
1673777398 146
1673777398 185
1673777398 158
1673777398 115
1673777399 120
1673777399 129
1673777399 191
1673777399 172
1673777400 162
1673777400 131
1673777400 145
1673777400 164
1673777401 120
1673777401 169
1673777401 194
1673777403 190
1673777403 200
1673777404 183
1673777404 183
1673777405 126
1673777405 113
1673777406 147
1673777406 172
1673777406 127
1673777407 191
1673777407 142
1673777407 150
1673777407 112
1673777407 192
1673777407 171
1673777407 199
1673777408 158
1673777408 113
1673777408 190
1673777408 117
1673777408 154
1673777408 169
1673777409 141
1673777409 161
1673777409 155
1673777410 145
1673777410 127
1673777411 145
1673777411 129
1673777411 112
1673777411 149
1673777412 151
1673777412 141
1673777412 173
1673777412 166
1673777413 188
1673777414 194
1673777414 159
1673777414 112
1673777414 184
1673777415 128
1673777415 150
1673777415 103
1673777415 177
1673777415 183
1673777416 121
1673777417 180
1673777417 104
1673777417 109
1673777418 107
1673777418 117
1673777418 185
1673777419 109
1673777419 149
1673777420 109
1673777420 150
1673777420 164
1673777421 196
1673777421 157
1673777421 178
1673777421 161
1673777422 111
1673777422 115
1673777422 123
1673777424 137
1673777424 149
1673777424 153
1673777425 156
1673777425 141
1673777426 191
1673777426 118
1673777426 148
1673777426 143
1673777426 192
1673777427 152
1673777427 118
1673777427 154
1673777428 182
1673777428 147
1673777428 165
1673777429 114
1673777430 158
1673777430 164
1673777430 121
1673777430 146
1673777431 141
1673777431 104
1673777431 181
1673777431 180
1673777431 119
1673777432 193
1673777433 155
1673777433 127
1673777434 157
1673777435 147
1673777435 190
1673777437 191
1673777437 150
1673777438 149
1673777438 102
1673777438 167
1673777438 130
1673777438 146
1673777439 177
1673777439 102
1673777439 103
1673777439 177
1673777440 122
1673777440 117
1673777441 174
1673777442 174
1673777442 102
1673777442 161
1673777442 197
1673777443 118
1673777443 141
1673777443 187
1673777443 178
1673777443 146
1673777444 157
1673777444 134
1673777445 199
1673777445 105
1673777445 110
1673777445 165
1673777445 120
1673777446 193
1673777446 182
1673777447 155
1673777448 141
1673777448 164
1673777448 112
1673777448 198
1673777449 122
1673777449 138
1673777451 135
1673777451 189
1673777452 117
1673777452 132
1673777453 122
1673777453 114
1673777453 185
1673777453 108
1673777453 128
1673777453 122
1673777454 112
1673777455 195
1673777455 135
1673777456 150
1673777456 140
1673777456 197
1673777457 114
1673777457 127
1673777457 172
1673777457 143
1673777458 142
1673777458 181
1673777458 112
1673777459 192
1673777459 132
1673777460 117
1673777460 127
1673777461 129
1673777461 128
1673777462 174
1673777462 162
1673777462 177
1673777462 185
1673777462 157
1673777462 160
1673777462 137
1673777463 138
1673777464 133
1673777464 131
1673777465 144
1673777465 168
1673777465 181
1673777466 180
1673777466 196
1673777466 174
1673777466 186
1673777468 125
1673777469 186
1673777469 156
1673777470 167
1673777471 189
1673777473 106
1673777473 117
1673777473 182
1673777473 113
1673777473 131
1673777473 124
1673777474 174
1673777474 123
1673777475 154
1673777475 151
1673777475 185
1673777475 127
1673777476 143
1673777476 188
1673777476 199
1673777476 107
1673777476 140
1673777476 176
1673777477 107
1673777478 146
1673777478 162
1673777478 171
1673777478 137
1673777478 193
1673777478 120
1673777478 162
1673777480 123
1673777480 128
1673777480 177
1673777480 132
1673777481 135
1673777481 147
1673777481 105
1673777481 162
1673777481 111
1673777482 187
1673777482 125
1673777482 175
1673777483 187
1673777483 168
1673777483 125
1673777483 149
1673777484 108
1673777484 155
1673777485 151
1673777486 118
1673777486 149
1673777486 106
1673777487 108
1673777488 117
1673777488 117
1673777488 179
1673777488 104
1673777490 184
1673777490 179
1673777490 152
1673777490 168
1673777490 138
1673777490 139
1673777491 176
1673777491 130
1673777491 123
1673777492 144
1673777492 151
1673777492 169
1673777493 111
1673777493 117
1673777493 187
1673777494 150
1673777494 150
1673777494 140
1673777494 182
1673777494 163
1673777495 180
1673777496 147
1673777497 127
1673777498 168
1673777498 136
1673777498 120
1673777499 187
1673777499 156
1673777500 166
1673777500 133
1673777501 131
1673777501 191
1673777502 148
1673777502 155
1673777503 148
1673777503 141
1673777504 196
1673777504 121
1673777504 138
1673777505 122
1673777505 163
1673777505 140
1673777505 166
1673777505 190
1673777505 195
1673777506 158
1673777508 191
1673777508 125
1673777508 154
1673777508 134
1673777509 127
1673777509 184
1673777510 158
1673777510 189
1673777511 133
1673777512 105
1673777512 154
1673777512 169
1673777512 148
1673777513 165
1673777514 117
1673777514 158
1673777514 124
1673777515 149
1673777515 153
1673777515 181
1673777516 150
1673777516 148
1673777516 172
1673777516 169
1673777517 156
1673777517 174
1673777517 154
1673777517 131
1673777517 149
1673777519 141
1673777519 125
1673777520 163
1673777520 177
1673777520 168
1673777521 105
1673777521 176
1673777522 107
1673777522 109
1673777522 102
1673777523 116
1673777523 103
1673777523 186
1673777524 160
1673777524 125
1673777525 145
1673777525 171
1673777525 124
1673777525 121
1673777526 177
1673777526 173
1673777526 152
1673777526 189
1673777526 154
1673777526 119
1673777527 157
1673777527 179
1673777527 147
1673777527 186
1673777527 153
1673777527 101
1673777528 154
1673777528 141
1673777531 125
1673777531 188
1673777531 136
1673777531 178
1673777532 143
1673777532 164
1673777533 163
1673777533 127
1673777533 180
1673777534 125
1673777534 180
1673777534 148
1673777535 137
1673777535 155
1673777535 155
1673777535 104
1673777535 183
1673777535 162
1673777537 170
1673777537 170
1673777537 119
1673777538 173
1673777538 138
1673777538 122
1673777538 124
1673777538 188
1673777539 156
1673777540 187
1673777541 173
1673777541 196
1673777541 125
1673777541 101
1673777541 137
1673777543 122
1673777543 165
1673777543 143
1673777543 145
1673777545 144
1673777545 178
1673777545 197
1673777545 192
1673777546 121
1673777546 118
1673777547 129
1673777547 126
1673777547 117
1673777547 113
1673777547 144
1673777548 160
1673777548 116
1673777549 116
1673777549 156
1673777550 109
1673777550 178
1673777550 136
1673777550 171
1673777551 178
1673777552 106
1673777552 172
1673777552 109
1673777552 177
1673777553 147
1673777553 158
1673777554 185
1673777554 151
1673777554 129
1673777555 102
1673777555 150
1673777555 172
1673777555 162
1673777556 156
1673777556 116
1673777558 155
1673777559 193
1673777559 172
1673777559 115
1673777560 147
1673777560 133
1673777560 197
1673777560 185
1673777561 189
1673777561 102
1673777561 130
1673777562 168
1673777562 108
1673777562 108
1673777562 173
1673777562 193
1673777562 177
1673777562 196
1673777563 108
1673777563 111
1673777563 156
1673777563 123
1673777564 135
1673777564 180
1673777565 130
1673777565 106
1673777565 200
1673777565 179
1673777566 111
1673777567 138
1673777567 107
1673777567 139
1673777567 197
1673777568 124
1673777568 196
1673777568 185
1673777569 184
1673777569 161
1673777569 176
1673777569 184
1673777569 185
1673777570 145
1673777570 143
1673777571 148
1673777571 103
1673777571 144
1673777571 186
1673777571 150
1673777572 137
1673777572 109
1673777572 108
1673777573 135
1673777574 140
1673777575 125
1673777575 169
1673777576 195
1673777576 185
1673777577 109
1673777578 156
1673777578 171
1673777579 104
1673777579 105
1673777580 131
1673777580 126
1673777580 191
1673777580 140
1673777581 173
1673777582 171
1673777582 178
1673777582 159
1673777582 103
1673777582 126
1673777582 144
1673777583 136
1673777583 198
1673777583 103
1673777583 104
1673777583 113
1673777584 190
1673777584 167
1673777584 113
1673777585 197
1673777585 121
1673777585 178
1673777585 105
1673777586 111
1673777586 123
1673777587 162
1673777587 175
1673777587 103
1673777587 133
1673777587 194
1673777588 112
1673777589 110
1673777589 140
1673777589 132
1673777589 115
1673777589 167
1673777590 121
1673777590 131
1673777590 166
1673777591 172
1673777591 176
1673777591 145
1673777591 191
1673777592 155
1673777592 116
1673777592 152
1673777593 169
1673777593 117
1673777594 161
1673777594 192
1673777594 199
1673777595 166
1673777595 186
1673777595 197
1673777595 166
1673777595 178
1673777596 109
1673777596 116
1673777596 102
1673777596 193
1673777597 140
1673777597 166
1673777599 112
1673777600 152
1673777600 165
1673777601 102
1673777601 159
1673777602 129
1673777603 120
1673777603 150
1673777603 142
1673777603 162
1673777603 115
1673777603 115
1673777604 200
1673777604 190
1673777604 137
1673777605 185
1673777605 147
1673777606 121
1673777607 105
1673777607 106
1673777607 101
1673777607 148
1673777608 131
1673777608 175
1673777609 184
1673777609 134
1673777610 148
1673777610 130
1673777611 141
1673777611 171
1673777611 129
1673777611 177
1673777611 101
1673777611 104
1673777612 148
1673777612 158
1673777612 116
1673777612 172
1673777613 179
1673777613 180
1673777613 149
1673777614 106
1673777614 188
1673777614 129
1673777614 185
1673777615 108
1673777615 117
1673777616 105
1673777616 115
1673777616 127
1673777616 157
1673777616 111
1673777616 137
1673777617 155
1673777617 199
1673777618 144
1673777618 117
1673777618 195
1673777618 159
1673777618 139
1673777619 142
1673777619 101
1673777619 130
1673777620 137
1673777620 150
1673777620 161
1673777621 149
1673777621 146
1673777621 163
1673777622 140
1673777622 152
1673777622 200
1673777622 191
1673777622 183
1673777623 192
1673777623 160
1673777624 110
1673777624 194
1673777624 178
1673777624 178
1673777625 121
1673777625 195
1673777625 170
1673777625 198
1673777626 118
1673777626 198
1673777626 143
1673777627 115
1673777627 185
1673777628 166
1673777629 117
1673777629 158
1673777630 188
1673777630 169
1673777630 162
1673777630 135
1673777630 113
1673777631 193
1673777631 105
1673777632 113
1673777632 164
1673777632 110
1673777633 119
1673777633 152
1673777633 106
1673777633 143
1673777633 171
1673777634 197
1673777634 156
1673777634 104
1673777635 143
1673777635 121
1673777636 149
1673777636 186
1673777637 115
1673777637 157
1673777637 142
1673777637 126
1673777637 182
1673777637 154
1673777638 103
1673777638 132
1673777639 161
1673777639 195
1673777639 109
1673777639 105
1673777640 177
1673777640 195
1673777640 145
1673777640 175
1673777641 107
1673777643 108
1673777643 164
1673777643 173
1673777643 135
1673777644 200
1673777645 132
1673777645 115
1673777645 155
1673777646 197
1673777646 164
1673777646 193
1673777647 176
1673777648 189
1673777652 112
1673777652 167
1673777655 163
1673777657 122
1673777657 168
1673777658 152
1673777660 164
1673777660 159
1673777660 154
1673777661 190
1673777662 182
1673777662 115
1673777663 186
1673777663 148
1673777663 130
1673777663 175
1673777663 127
1673777663 192
1673777664 192
1673777666 168
1673777670 126
1673777671 141
1673777672 150
1673777673 117
1673777673 166
1673777674 137
1673777675 111
1673777676 113
1673777679 173
1673777679 165
1673777682 128
1673777682 132
1673777682 170
1673777683 186
1673777683 126
1673777684 112
1673777684 197
1673777684 195
1673777686 177
1673777686 197
1673777687 190
1673777687 179
1673777687 135
1673777688 189
1673777690 179
1673777690 183
1673777690 116
1673777691 141
1673777691 102
1673777691 135
1673777692 180
1673777693 148
1673777693 110
1673777693 154
1673777694 133
1673777695 140
1673777695 187
1673777696 181
1673777696 161
1673777696 102
1673777696 111
1673777696 196
1673777697 197
1673777697 169
1673777698 186
1673777698 163
1673777698 156
1673777698 137
1673777699 152
1673777700 113
1673777700 157
1673777700 123
1673777701 155
1673777702 103
1673777702 131
1673777702 194
1673777702 183
1673777702 107
1673777702 174
1673777703 139
1673777705 105
1673777706 105
1673777707 195
1673777707 179
1673777708 151
1673777708 188
1673777708 196
1673777716 179
1673777717 114
1673777717 105
1673777718 103
1673777718 127
1673777719 183
1673777719 197
1673777720 189
1673777720 143
1673777720 130
1673777720 160
1673777720 197
1673777721 103
1673777721 127
1673777722 131
1673777723 172
1673777723 161
1673777725 144
1673777725 200
1673777725 192
1673777725 131
1673777726 105
1673777726 160
1673777726 154
1673777726 104
1673777726 176
1673777727 117
1673777727 141
1673777727 113
1673777728 121
1673777728 167
1673777728 167
1673777728 154
1673777728 112
1673777728 148
1673777729 199
1673777730 169
1673777730 134
1673777730 199
1673777730 131
1673777731 111
1673777731 154
1673777731 197
1673777732 110
1673777733 141
1673777733 164
1673777733 138
1673777734 129
1673777734 128
1673777734 119
1673777735 150
1673777736 187
1673777736 165
1673777736 112
1673777736 200
1673777736 128
1673777737 157
1673777737 144
1673777737 135
1673777737 196
1673777737 182
1673777737 146
1673777738 171
1673777739 163
1673777739 149
1673777740 162
1673777740 151
1673777742 123
1673777743 133
1673777743 153
1673777744 178
1673777744 180
1673777744 163
1673777744 189
1673777745 172
1673777745 147
1673777746 157
1673777746 134
1673777746 155
1673777746 160
1673777747 167
1673777747 196
1673777748 125
1673777748 176
1673777748 107
1673777748 147
1673777749 166
1673777749 170
1673777750 115
1673777750 123
1673777750 161
1673777750 158
1673777751 155
1673777751 114
1673777751 173
1673777752 133
1673777752 180
1673777753 156
1673777753 149
1673777753 126
1673777754 171
1673777755 166
1673777755 113
1673777756 168
1673777757 199
1673777757 187
1673777758 146
1673777758 145
1673777758 147
1673777758 170
1673777759 171
1673777760 125
1673777760 102
1673777760 152
1673777761 196
1673777761 103
1673777761 185
1673777761 178
1673777762 108
1673777762 113
1673777762 144
1673777762 121
1673777763 166
1673777763 153
1673777763 168
1673777765 192
1673777767 194
1673777774 149
1673777775 168
1673777775 190
1673777776 125
1673777776 181
1673777777 191
1673777779 190
1673777781 189
1673777781 170
1673777785 143
1673777786 182
1673777787 163
1673777787 126
1673777788 108
1673777788 145
1673777788 123
1673777795 174
1673777798 131
1673777798 121
1673777798 130
1673777804 170
1673777804 144
1673777807 117
1673777807 169
1673777807 164
1673777810 197
1673777810 171
1673777810 153
1673777811 126
1673777811 199
1673777812 170
1673777812 119
1673777812 177
1673777815 177
1673777816 133
1673777816 183
1673777818 142
1673777818 138
1673777819 165
1673777819 173
1673777820 199
1673777822 154
1673777827 187
1673777834 104
1673777834 181
1673777834 121
1673777834 110
1673777836 132
1673777836 115
1673777836 140
1673777836 168
1673777836 152
1673777836 182
1673777836 192
1673777844 109
1673777844 101
1673777846 137
1673777854 112
1673777857 115
1673777857 166
1673777858 156
1673777860 124
1673777861 130
1673777867 172
1673777867 125
1673777867 113
1673777871 125
1673777872 110
1673777872 113
1673777872 126
1673777873 169
1673777873 187
1673777873 115
1673777875 116
1673777876 160
1673777876 147
1673777876 110
1673777876 149
1673777877 141
1673777880 177
1673777880 140
1673777880 135
1673777880 123
1673777883 111
1673777883 103
1673777892 130
1673777903 198
1673777906 137
1673777908 196
1673777908 168
1673777908 178
1673777908 102
1673777908 133
1673777908 120
1673777909 137
1673777909 125
1673777909 165
1673777910 181
1673777913 160
1673777914 155
1673777915 103
1673777915 198
1673777916 119
1673777916 144
1673777916 185
1673777917 134
1673777920 116
1673777921 152
1673777923 105
1673777925 152
1673777925 157
1673777926 108
1673777927 178
1673777927 196
1673777928 103
1673777928 113
1673777928 194
1673777929 159
1673777932 145
1673777932 105
1673777935 129
1673777936 116
1673777936 106
1673777936 163
1673777937 140
1673777937 159
1673777938 194
1673777938 146
1673777939 145
1673777939 163
1673777940 107
1673777940 166
1673777943 177
1673777943 158
1673777944 174
1673777944 194
1673777944 149
1673777946 101
1673777948 123
1673777948 181
1673777948 160
1673777953 187
1673777954 129
1673777954 152
1673777954 122
1673777954 145
1673777959 172
1673777959 193
1673777960 161
1673777960 183
1673777960 116
1673777964 174
1673777965 143
1673777966 144
1673777967 164
1673777967 188
1673777968 196
1673777969 194
1673777969 158
1673777971 117
1673777971 115
1673777972 137
1673777973 187
1673777973 113
1673777980 193
1673777981 156
1673777981 103
1673777985 111
1673777985 152
1673777985 171
1673777989 119
1673777991 149
1673777998 161
1673777999 127
1673778004 156
1673778004 145
1673778004 157
1673778004 127
1673778005 117
1673778005 174
1673778005 164
1673778007 140
1673778008 181
1673778010 110
1673778010 105
1673778010 137
1673778012 185
1673778016 123
1673778017 158
1673778017 156
1673778017 194
1673778018 158
1673778018 178
1673778018 161
1673778019 137
1673778026 103
1673778027 192
1673778030 102
1673778030 162
1673778037 152
1673778037 138
1673778043 125
1673778049 168
1673778049 117
1673778049 124
1673778056 134
1673778065 115
1673778065 186
1673778067 176
1673778070 132
1673778072 188
1673778076 117
1673778078 126
1673778078 157
1673778083 136
1673778084 102
1673778086 183
1673778086 191
1673778086 122
1673778091 144
1673778094 163
1673778102 134
1673778102 153
1673778105 179
1673778105 198
1673778105 124
1673778107 188
1673778107 122
1673778108 124
1673778109 132
1673778119 135
1673778119 184
1673778120 109
1673778120 108
1673778122 143
1673778123 162
1673778124 166
1673778124 139
1673778124 165
1673778129 156
1673778130 164
1673778130 133
1673778130 116
1673778130 180
1673778131 161
1673778138 127
1673778138 141
1673778139 167
1673778140 136
1673778140 184
1673778140 135
1673778141 136
1673778143 197
1673778147 184
1673778147 179
1673778154 185
1673778157 142
1673778157 188
1673778158 183
1673778158 109
1673778159 111
1673778159 189
1673778160 169
1673778161 139
1673778164 102
1673778165 200
1673778165 105
1673778167 121
1673778168 155
1673778168 200
1673778168 132
1673778169 188
1673778169 129
1673778170 157
1673778171 128
1673778177 118
1673778177 167
1673778177 119
1673778181 168
1673778181 155
1673778182 105
1673778188 103
1673778188 190
1673778190 193
1673778192 146
1673778194 160
1673778196 143
1673778197 149
1673778197 135
1673778197 164
1673778197 175
1673778199 121
1673778199 149
1673778199 146
1673778199 138
1673778201 166
1673778201 123
1673778203 198
1673778204 179
1673778205 173
1673778205 132
1673778207 131
1673778207 138
1673778208 108
1673778208 117
1673778208 135
1673778210 103
1673778210 110
1673778212 156
1673778213 114
1673778215 124
1673778215 174
1673778216 106
1673778217 117
1673778217 147
1673778217 181
1673778219 113
1673778221 106
1673778221 172
1673778222 117
1673778222 182
1673778223 118
1673778223 103
1673778224 141
1673778224 162
1673778225 133
1673778225 179
1673778225 181
1673778227 113
1673778227 123
1673778228 152
1673778228 180
1673778229 119
1673778229 200
1673778229 107
1673778232 135
1673778232 135
1673778233 198
1673778233 160
1673778234 182
1673778235 106
1673778235 181
1673778235 151
1673778236 111
1673778237 177
1673778237 123
1673778237 156
1673778237 154
1673778237 182
1673778238 116
1673778238 153
1673778239 103
1673778239 155
1673778239 186
1673778240 195
1673778241 103
1673778241 122
1673778241 177
1673778242 156
1673778243 160
1673778243 141
1673778243 176
1673778244 165
1673778244 197
1673778244 168
1673778245 150
1673778247 113
1673778247 151
1673778247 170
1673778248 163
1673778248 171
1673778248 103
1673778249 135
1673778249 134
1673778250 181
1673778251 137
1673778252 106
1673778253 197
1673778254 184
1673778254 160
1673778254 127
1673778255 159
1673778255 149
1673778255 180
1673778255 119
1673778255 122
1673778255 197
1673778256 171
1673778257 102
1673778257 160
1673778257 137
1673778257 172
1673778258 155
1673778258 189
1673778258 191
1673778260 170
1673778260 101
1673778261 168
1673778262 183
1673778262 105
1673778262 178
1673778262 166
1673778263 195
1673778263 103
1673778263 171
1673778263 129
1673778264 131
1673778264 132
1673778265 104
1673778265 193
1673778266 189
1673778266 114
1673778266 122
1673778266 176
1673778266 177
1673778266 152
1673778266 102
1673778267 153
1673778267 166
1673778267 129
1673778268 125
1673778269 123
1673778269 166
1673778269 137
1673778269 156
1673778269 196
1673778269 124
1673778269 132
1673778271 180
1673778271 194
1673778271 169
1673778271 117
1673778271 174
1673778271 105
1673778272 200
1673778272 173
1673778272 129
1673778272 125
1673778272 108
1673778272 130
1673778274 128
1673778274 197
1673778274 195
1673778274 175
1673778276 142
1673778276 161
1673778276 157
1673778276 156
1673778276 137
1673778276 125
1673778277 113
1673778278 168
1673778278 176
1673778278 197
1673778279 189
1673778279 160
1673778279 164
1673778279 138
1673778280 127
1673778281 152
1673778282 142
1673778282 178
1673778282 126
1673778282 125
1673778282 159
1673778282 102
1673778282 131
1673778283 138
1673778283 165
1673778283 194
1673778283 141
1673778283 179
1673778284 131
1673778284 125
1673778285 180
1673778286 120
1673778286 143
1673778286 149
1673778287 136
1673778287 189
1673778287 133
1673778287 169
1673778288 127
1673778288 181
1673778288 192
1673778289 103
1673778290 151
1673778290 124
1673778290 130
1673778291 173
1673778292 132
1673778292 123
1673778293 129
1673778293 161
1673778293 132
1673778294 166
1673778294 159
1673778295 167
1673778295 194
1673778295 167
1673778296 157
1673778297 127
1673778297 107
1673778297 187
1673778298 164
1673778298 188
1673778298 198
1673778299 180
1673778300 115
1673778300 183
1673778300 159
1673778300 151
1673778300 156
1673778300 185
1673778301 105
1673778301 107
1673778302 181
1673778302 151
1673778302 158
1673778303 200
1673778303 161
1673778304 159
1673778304 141
1673778304 176
1673778304 130
1673778304 167
1673778305 186
1673778305 128
1673778305 150
1673778306 110
1673778307 198
1673778307 198
1673778307 121
1673778307 128
1673778308 139
1673778308 176
1673778309 182
1673778309 195
1673778310 157
1673778310 125
1673778310 114
1673778310 176
1673778311 175
1673778311 198
1673778312 171
1673778312 151
1673778313 101
1673778314 111
1673778315 106
1673778317 198
1673778317 166
1673778317 127
1673778318 129
1673778318 152
1673778318 144
1673778319 131
1673778319 178
1673778319 199
1673778319 130
1673778320 180
1673778320 106
1673778321 185
1673778321 180
1673778322 106
1673778322 128
1673778322 124
1673778322 103
1673778322 108
1673778323 174
1673778323 169
1673778323 121
1673778324 149
1673778324 141
1673778324 116
1673778325 178
1673778325 154
1673778325 157
1673778326 152
1673778327 178
1673778327 107
1673778327 104
1673778327 185
1673778327 155
1673778328 152
1673778329 176
1673778330 138
1673778330 144
1673778331 122
1673778331 180
1673778331 158
1673778332 124
1673778332 190
1673778332 170
1673778333 196
1673778333 128
1673778334 130
1673778335 149
1673778335 127
1673778335 104
1673778335 159
1673778335 121
1673778335 107
1673778336 122
1673778336 156
1673778337 200
1673778337 113
1673778338 173
1673778338 190
1673778338 177
1673778339 165
1673778340 149
1673778340 175
1673778341 126
1673778341 105
1673778341 113
1673778341 188
1673778341 175
1673778341 150
1673778341 122
1673778343 101
1673778343 123
1673778343 108
1673778343 170
1673778343 190
1673778344 143
1673778344 103
1673778344 146
1673778344 169
1673778344 114
1673778345 106
1673778345 191
1673778345 195
1673778345 181
1673778346 169
1673778346 196
1673778346 155
1673778347 108
1673778347 170
1673778347 151
1673778348 174
1673778348 145
1673778348 161
1673778349 140
1673778349 156
1673778349 120
1673778349 155
1673778350 112
1673778350 175
1673778350 135
1673778350 119
1673778350 141
1673778351 145
1673778352 185
1673778352 162
1673778352 108
1673778352 184
1673778353 188
1673778354 122
1673778354 130
1673778354 166
1673778354 149
1673778355 140
1673778355 166
1673778356 166
1673778357 162
1673778357 184
1673778357 125
1673778357 112
1673778358 126
1673778358 175
1673778358 133
1673778358 132
1673778358 120
1673778358 199
1673778358 122
1673778359 140
1673778359 162
1673778359 156
1673778359 125
1673778360 173
1673778360 190
1673778360 126
1673778361 119
1673778361 157
1673778361 196
1673778361 117
1673778362 132
1673778363 126
1673778363 176
1673778364 184
1673778364 179
1673778365 192
1673778366 130
1673778366 197
1673778366 162
1673778366 191
1673778367 183
1673778368 145
1673778368 138
1673778368 160
1673778369 199
1673778369 101
1673778369 159
1673778369 126
1673778370 199
1673778370 112
1673778371 197
1673778371 158
1673778371 194
1673778372 196
1673778372 110
1673778372 143
1673778372 200
1673778373 127
1673778373 188
1673778373 183
1673778374 139
1673778374 125
1673778374 137
1673778375 170
1673778375 108
1673778375 197
1673778376 116
1673778377 180
1673778377 142
1673778377 178
1673778378 138
1673778378 169
1673778379 162
1673778380 162
1673778380 179
1673778381 169
1673778382 102
1673778383 193
1673778383 147
1673778384 148
1673778385 148
1673778385 190
1673778386 165
1673778386 126
1673778387 160
1673778387 154
1673778387 144
1673778388 179
1673778388 165
1673778388 178
1673778389 125
1673778389 117
1673778389 150
1673778389 123
1673778389 171
1673778389 123
1673778390 107
1673778390 150
1673778391 124
1673778392 129
1673778392 104
1673778393 153
1673778393 126
1673778393 145
1673778395 130
1673778395 132
1673778395 177
1673778395 148
1673778396 194
1673778396 158
1673778396 102
1673778396 191
1673778397 189
1673778397 196
1673778398 162
1673778398 141
1673778398 167
1673778399 184
1673778399 104
1673778399 183
1673778399 186
1673778400 123
1673778400 128
1673778400 123
1673778401 171
1673778401 135
1673778402 112
1673778403 189
1673778403 149
1673778404 108
1673778404 119
1673778404 181
1673778405 194
1673778405 115
1673778405 135
1673778406 135
1673778407 184
1673778407 115
1673778407 117
1673778407 181
1673778407 143
1673778408 147
1673778408 153
1673778409 163
1673778409 111
1673778409 123
1673778409 103
1673778410 124
1673778410 163
1673778411 106
1673778411 185
1673778411 162
1673778411 102
1673778411 139
1673778412 149
1673778413 101
1673778413 138
1673778413 161
1673778414 186
1673778414 157
1673778414 163
1673778415 146
1673778415 170
1673778415 104
1673778415 122
1673778417 198
1673778417 129
1673778417 155
1673778417 130
1673778418 167
1673778418 148
1673778418 144
1673778418 102
1673778419 141
1673778419 117
1673778419 122
1673778419 147
1673778419 139
1673778420 119
1673778421 195
1673778421 180
1673778421 164
1673778421 154
1673778421 190
1673778422 169
1673778422 167
1673778423 117
1673778423 103
1673778423 159
1673778423 185
1673778423 164
1673778424 185
1673778424 187
1673778424 186
1673778426 137
1673778427 151
1673778428 132
1673778428 170
1673778428 191
1673778428 110
1673778428 172
1673778429 148
1673778429 158
1673778429 116
1673778429 123
1673778430 120
1673778430 185
1673778430 103
1673778431 112
1673778431 144
1673778431 134
1673778432 149
1673778432 140
1673778433 149
1673778433 117
1673778433 149
1673778433 179
1673778433 137
1673778434 137
1673778434 140
1673778434 133
1673778434 138
1673778435 115
1673778435 102
1673778435 104
1673778436 131
1673778436 113
1673778436 157
1673778437 171
1673778439 177
1673778439 173
1673778439 187
1673778440 186
1673778440 165
1673778440 131
1673778441 138
1673778441 200
1673778441 118
1673778441 151
1673778442 139
1673778443 145
1673778443 170
1673778444 197
1673778444 146
1673778444 133
1673778446 104
1673778446 154
1673778446 174
1673778446 119
1673778447 126
1673778448 188
1673778448 155
1673778448 114
1673778449 189
1673778450 152
1673778450 106
1673778450 106
1673778450 133
1673778450 174
1673778451 139
1673778451 156
1673778452 188
1673778452 194
1673778452 113
1673778453 161
1673778453 127
1673778454 139
1673778454 101
1673778455 111
1673778455 160
1673778455 168
1673778457 109
1673778457 177
1673778457 155
1673778458 142
1673778458 124
1673778458 178
1673778459 158
1673778459 174
1673778460 151
1673778460 140
1673778460 165
1673778460 117
1673778461 168
1673778461 140
1673778461 124
1673778461 111
1673778462 122
1673778463 136
1673778463 134
1673778463 109
1673778464 122
1673778464 144
1673778464 136
1673778465 198
1673778465 195
1673778465 165
1673778466 135
1673778466 173
1673778466 185
1673778466 169
1673778466 106
1673778468 137
1673778468 140
1673778468 200
1673778469 152
1673778469 143
1673778469 160
1673778469 197
1673778470 159
1673778471 192
1673778472 152
1673778472 101
1673778472 119
1673778472 103
1673778473 123
1673778473 115
1673778473 167
1673778473 161
1673778474 150
1673778474 146
1673778474 151
1673778474 151
1673778474 119
1673778475 153
1673778475 192
1673778476 155
1673778477 194
1673778477 187
1673778478 180
1673778478 155
1673778478 185
1673778478 138
1673778479 200
1673778479 191
1673778479 153
1673778479 101
1673778480 160
1673778480 166
1673778480 156
1673778481 119
1673778481 182
1673778481 127
1673778482 166
1673778482 178
1673778482 164
1673778482 114
1673778483 132
1673778483 109
1673778484 190
1673778484 146
1673778485 131
1673778485 194
1673778486 173
1673778486 189
1673778487 152
1673778487 111
1673778487 105
1673778488 116
1673778488 116
1673778488 130
1673778488 159
1673778488 124
1673778488 191
1673778489 125
1673778489 106
1673778490 143
1673778491 117
1673778491 141
1673778491 144
1673778491 156
1673778491 187
1673778492 103
1673778495 160
1673778495 190
1673778495 137
1673778495 157
1673778496 104
1673778496 123
1673778497 170
1673778499 152
1673778499 133
1673778500 156
1673778500 148
1673778501 189
1673778501 145
1673778501 155
1673778501 186
1673778502 174
1673778502 200
1673778502 124
1673778502 152
1673778503 196
1673778503 141
1673778504 128
1673778504 120
1673778505 195
1673778505 143
1673778506 123
1673778506 111
1673778507 137
1673778507 181
1673778507 167
1673778507 196
1673778507 115
1673778508 110
1673778508 103
1673778508 186
1673778509 165
1673778510 150
1673778510 178
1673778510 175
1673778510 101
1673778510 129
1673778510 153
1673778510 192
1673778510 104
1673778510 161
1673778510 108
1673778511 146
1673778511 150
1673778511 145
1673778511 132
1673778512 130
1673778512 154
1673778513 122
1673778513 176
1673778513 183
1673778513 193
1673778514 193
1673778515 168
1673778515 138
1673778515 102
1673778515 160
1673778516 105
1673778516 167
1673778517 101
1673778517 136
1673778517 188
1673778517 102
1673778518 178
1673778518 131
1673778518 179
1673778519 186
1673778520 171
1673778520 150
1673778521 116
1673778521 143
1673778521 109
1673778522 198
1673778522 187
1673778522 168
1673778522 115
1673778522 124
1673778522 120
1673778522 153
1673778522 130
1673778522 137
1673778522 190
1673778523 102
1673778523 122
1673778523 126
1673778523 134
1673778523 141
1673778524 181
1673778524 183
1673778524 162
1673778526 123
1673778526 188
1673778526 190
1673778527 139
1673778527 190
1673778528 124
1673778528 135
1673778528 112
1673778529 103
1673778531 193
1673778531 163
1673778531 102
1673778531 107
1673778531 153
1673778532 196
1673778532 144
1673778532 167
1673778533 181
1673778533 200
1673778534 116
1673778534 107
1673778534 115
1673778535 165
1673778535 185
1673778536 189
1673778536 127
1673778537 169
1673778537 133
1673778537 132
1673778538 163
1673778538 106
1673778539 197
1673778540 151
1673778540 110
1673778540 147
1673778540 161
1673778541 183
1673778541 183
1673778542 159
1673778543 112
1673778543 172
1673778543 126
1673778544 154
1673778545 122
1673778546 109
1673778546 162
1673778546 182
1673778547 116
1673778548 189
1673778549 107
1673778549 187
1673778550 145
1673778550 132
1673778551 111
1673778551 134
1673778551 136
1673778551 184
1673778551 148
1673778551 175
1673778552 181
1673778552 168
1673778552 130
1673778552 168
1673778553 161
1673778553 126
1673778553 141
1673778553 197
1673778553 134
1673778553 153
1673778554 108
1673778554 121
1673778554 120
1673778554 120
1673778555 198
1673778556 136
1673778556 117
1673778556 115
1673778556 199
1673778557 115
1673778557 120
1673778557 128
1673778558 120
1673778559 153
1673778560 180
1673778561 120
1673778562 149
1673778562 163
1673778563 158
1673778563 187
1673778563 192
1673778563 147
1673778564 119
1673778564 172
1673778564 145
1673778565 115
1673778565 163
1673778565 134
1673778565 112
1673778565 109
1673778566 189
1673778566 101
1673778567 165
1673778567 185
1673778567 141
1673778567 104
1673778568 143
1673778568 172
1673778568 195
1673778568 177
1673778568 173
1673778569 199
1673778569 170
1673778569 118
1673778570 118
1673778570 180
1673778571 186
1673778571 166
1673778571 200
1673778572 128
1673778572 167
1673778574 122
1673778574 154
1673778575 153
1673778575 157
1673778575 132
1673778578 174
1673778578 157
1673778578 113
1673778578 153
1673778578 174
1673778579 122
1673778580 173
1673778580 184
1673778580 155
1673778580 159
1673778580 132
1673778581 179
1673778581 124
1673778581 126
1673778582 188
1673778582 132
1673778582 171
1673778583 124
1673778583 199
1673778583 147
1673778584 141
1673778584 144
1673778584 125
1673778585 143
1673778585 111
1673778585 131
1673778585 157
1673778586 106
1673778587 183
1673778587 168
1673778587 158
1673778588 112
1673778588 165
1673778588 109
1673778588 150
1673778588 104
1673778588 125
1673778589 119
1673778591 185
1673778591 127
1673778591 154
1673778591 120
1673778593 103
1673778593 182
1673778594 196
1673778594 154
1673778594 104
1673778594 180
1673778594 187
1673778595 164
1673778596 184
1673778596 104
1673778596 174
1673778597 105
1673778599 142
1673778600 164
1673778600 137
1673778600 141
1673778601 136
1673778601 170
1673778601 142
1673778601 174
1673778602 128
1673778602 170
1673778602 177
1673778603 157
1673778604 101
1673778604 114
1673778604 187
1673778604 111
1673778604 192
1673778604 123
1673778605 198
1673778605 200
1673778605 187
1673778605 115
1673778605 149
1673778605 115
1673778606 115
1673778606 118
1673778606 163
1673778606 139
1673778607 130
1673778608 181
1673778608 157
1673778608 101
1673778609 138
1673778609 142
1673778609 176
1673778610 107
1673778611 101
1673778611 131
1673778611 112
1673778611 187
1673778611 147
1673778612 138
1673778612 169
1673778612 187
1673778612 197
1673778612 148
1673778613 192
1673778613 166
1673778613 194
1673778613 160
1673778613 191
1673778614 135
1673778614 163
1673778614 103
1673778614 176
1673778615 198
1673778615 200
1673778616 168
1673778616 107
1673778617 138
1673778617 178
1673778617 177
1673778618 200
1673778618 135
1673778618 105
1673778618 106
1673778618 123
1673778619 174
1673778619 193
1673778619 187
1673778619 167
1673778619 141
1673778620 118
1673778620 111
1673778620 165
1673778620 102
1673778620 109
1673778621 120
1673778621 131
1673778621 129
1673778621 167
1673778622 174
1673778622 107
1673778622 118
1673778622 181
1673778622 153
1673778623 152
1673778623 187
1673778623 142
1673778623 185
1673778624 104
1673778624 128
1673778624 129
1673778625 166
1673778625 121
1673778625 129
1673778625 159
1673778625 154
1673778626 115
1673778626 143
1673778626 171
1673778627 113
1673778627 108
1673778628 112
1673778629 159
1673778629 185
1673778630 169
1673778630 184
1673778631 116
1673778631 146
1673778632 116
1673778632 120
1673778632 123
1673778633 160
1673778633 104
1673778634 119
1673778634 191
1673778635 161
1673778635 143
1673778635 153
1673778635 126
1673778636 159
1673778636 171
1673778636 159
1673778637 143
1673778637 183
1673778638 195
1673778638 199
1673778638 180
1673778638 123
1673778639 116
1673778639 198
1673778640 185
1673778641 155
1673778641 134
1673778643 183
1673778643 109
1673778644 133
1673778644 127
1673778645 137
1673778645 132
1673778645 142
1673778646 138
1673778646 106
1673778647 155
1673778648 153
1673778648 183
1673778649 124
1673778649 166
1673778649 151
1673778649 170
1673778650 113
1673778650 146
1673778651 153
1673778651 139
1673778651 123
1673778651 182
1673778652 191
1673778653 115
1673778654 132
1673778654 199
1673778654 132
1673778654 147
1673778654 172
1673778654 146
1673778655 179
1673778656 195
1673778656 176
1673778657 181
1673778658 140
1673778658 177
1673778659 190
1673778660 168
1673778660 106
1673778660 106
1673778660 169
1673778660 151
1673778660 181
1673778660 184
1673778660 156
1673778661 198
1673778661 127
1673778661 173
1673778662 197
1673778662 134
1673778663 171
1673778663 179
1673778663 112
1673778664 114
1673778664 185
1673778664 141
1673778664 174
1673778665 195
1673778665 109
1673778666 136
1673778666 195
1673778666 122
1673778666 166
1673778667 198
1673778667 160
1673778668 159
1673778669 182
1673778669 135
1673778669 127
1673778670 135
1673778670 128
1673778670 188
1673778670 158
1673778671 160
1673778672 182
1673778672 166
1673778672 101
1673778672 125
1673778672 178
1673778673 147
1673778673 101
1673778674 184
1673778674 151
1673778674 176
1673778675 149
1673778675 158
1673778676 125
1673778676 181
1673778676 112
1673778676 150
1673778676 131
1673778677 124
1673778677 168
1673778677 174
1673778677 172
1673778677 105
1673778678 138
1673778678 181
1673778678 190
1673778678 105
1673778679 191
1673778679 124
1673778679 115
1673778679 179
1673778679 163
1673778680 192
1673778680 159
1673778681 161
1673778681 118
1673778681 189
1673778682 148
1673778682 135
1673778682 123
1673778683 137
1673778683 146
1673778683 102
1673778683 185
1673778683 103
1673778684 142
1673778684 189
1673778684 173
1673778684 147
1673778685 158
1673778685 103
1673778685 158
1673778686 176
1673778686 185
1673778686 186
1673778686 131
1673778686 133
1673778687 181
1673778687 190
1673778687 158
1673778687 117
1673778688 148
1673778688 146
1673778688 127
1673778689 137
1673778689 196
1673778689 101
1673778689 183
1673778689 162
1673778690 129
1673778690 177
1673778690 142
1673778691 200
1673778691 172
1673778691 150
1673778692 161
1673778692 149
1673778692 132
1673778692 152
1673778692 185
1673778692 179
1673778693 106
1673778694 140
1673778694 120
1673778694 115
1673778695 121
1673778695 113
1673778696 169
1673778696 125
1673778697 187
1673778697 110
1673778697 180
1673778698 185
1673778698 165
1673778699 137
1673778700 195
1673778700 132
1673778700 102
1673778700 159
1673778700 116
1673778701 143
1673778701 148
1673778701 192
1673778701 125
1673778701 161
1673778701 121
1673778702 130
1673778702 109
1673778703 137
1673778703 113
1673778703 146
1673778703 114
1673778703 145
1673778703 200
1673778705 155
1673778705 191
1673778706 141
1673778706 137
1673778707 119
1673778707 186
1673778708 194
1673778708 137
1673778709 167
1673778709 171
1673778709 104
1673778709 164
1673778710 110
1673778710 174
1673778710 195
1673778710 187
1673778710 187
1673778711 146
1673778711 170
1673778711 121
1673778713 177
1673778713 123
1673778713 124
1673778713 177
1673778713 125
1673778713 197
1673778714 139
1673778714 128
1673778716 187
1673778717 198
1673778717 117
1673778717 118
1673778717 192
1673778718 189
1673778718 169
1673778718 170
1673778718 125
1673778719 117
1673778720 190
1673778720 176
1673778720 124
1673778720 111
1673778721 107
1673778722 180
1673778722 146
1673778722 176
1673778723 156
1673778723 115
1673778723 110
1673778724 117
1673778724 178
1673778724 174
1673778724 113
1673778725 146
1673778725 114
1673778727 107
1673778727 136
1673778728 101
1673778728 173
1673778728 137
1673778728 158
1673778729 136
1673778729 153
1673778729 137
1673778730 164
1673778730 197
1673778731 102
1673778731 145
1673778732 135
1673778732 109
1673778732 175
1673778733 174
1673778733 119
1673778733 101
1673778734 182
1673778734 123
1673778734 173
1673778735 178
1673778735 141
1673778735 195
1673778735 147
1673778736 136
1673778736 135
1673778736 187
1673778736 195
1673778736 171
1673778736 139
1673778737 106
1673778737 108
1673778737 160
1673778737 167
1673778737 191
1673778737 148
1673778738 189
1673778738 137
1673778738 133
1673778738 119
1673778739 108
1673778739 146
1673778740 157
1673778740 143
1673778740 193
1673778740 141
1673778741 197
1673778741 199
1673778741 105
1673778742 141
1673778742 139
1673778744 184
1673778744 127
1673778745 194
1673778745 174
1673778746 111
1673778746 197
1673778747 177
1673778748 166
1673778749 116
1673778750 101
1673778750 178
1673778750 198
1673778750 125
1673778750 120
1673778750 168
1673778750 168
1673778751 162
1673778752 123
1673778752 120
1673778752 150
1673778753 122
1673778753 130
1673778754 122
1673778754 113
1673778754 147
1673778755 146
1673778755 107
1673778755 156
1673778755 162
1673778755 180
1673778756 112
1673778756 104
1673778756 127
1673778756 182
1673778756 196
1673778757 173
1673778757 161
1673778757 190
1673778758 177
1673778758 163
1673778758 166
1673778758 127
1673778758 193
1673778758 181
1673778759 171
1673778759 159
1673778760 163
1673778760 196
1673778760 197
1673778760 163
1673778760 158
1673778760 129
1673778761 136
1673778761 164
1673778761 104
1673778761 110
1673778762 133
1673778763 124
1673778763 174
1673778764 101
1673778764 131
1673778765 185
1673778765 162
1673778765 141
1673778765 144
1673778766 165
1673778766 198
1673778767 180
1673778767 188
1673778768 155
1673778768 199
1673778768 124
1673778769 140
1673778770 163
1673778770 146
1673778770 158
1673778771 180
1673778772 174
1673778772 181
1673778773 173
1673778773 149
1673778773 107
1673778773 160
1673778774 113
1673778774 181
1673778775 146
1673778775 106
1673778775 116
1673778776 112
1673778776 104
1673778777 150
1673778777 180
1673778778 160
1673778778 175
1673778778 123
1673778778 194
1673778778 129
1673778780 172
1673778780 182
1673778780 145
1673778780 118
1673778780 131
1673778780 116
1673778780 108
1673778782 109
1673778782 120
1673778782 113
1673778782 137
1673778782 131
1673778783 166
1673778783 162
1673778783 145
1673778783 162
1673778784 139
1673778784 147
1673778784 143
1673778785 103
1673778785 102
1673778785 197
1673778785 144
1673778785 140
1673778786 196
1673778786 170
1673778787 175
1673778787 172
1673778788 139
1673778789 168
1673778789 162
1673778790 112
1673778790 131
1673778791 119
1673778791 200
1673778791 105
1673778791 135
1673778792 197
1673778792 185
1673778792 138
1673778792 131
1673778792 103
1673778793 181
1673778793 179
1673778793 128
1673778793 175
1673778794 111
1673778794 145
1673778794 138
1673778795 137
1673778796 198
1673778798 115
1673778798 135
1673778799 190
1673778799 144
1673778799 118
1673778799 134
1673778800 137
1673778800 157
1673778800 197
1673778801 160
1673778801 115
1673778801 115
1673778802 157
1673778802 169
1673778802 191
1673778802 182
1673778803 133
1673778803 172
1673778804 189
1673778805 194
1673778805 145
1673778805 146
1673778805 165
1673778805 132
1673778806 124
1673778806 118
1673778806 169
1673778806 137
1673778807 187
1673778807 190
1673778808 197
1673778809 118
1673778809 108
1673778809 110
1673778809 176
1673778810 179
1673778810 182
1673778811 106
1673778811 130
1673778811 166
1673778811 138
1673778812 124
1673778812 102
1673778812 136
1673778813 172
1673778813 146
1673778814 162
1673778814 181
1673778815 134
1673778816 173
1673778816 153
1673778816 111
1673778816 150
1673778816 116
1673778817 119
1673778817 126
1673778817 108
1673778818 134
1673778818 151
1673778819 105
1673778819 108
1673778820 189
1673778820 190
1673778820 152
1673778821 174
1673778821 151
1673778822 103
1673778822 199
1673778822 165
1673778823 198
1673778824 185
1673778824 125
1673778824 133
1673778825 148
1673778825 139
1673778825 131
1673778826 188
1673778826 154
1673778826 153
1673778826 186
1673778827 175
1673778827 195
1673778828 148
1673778828 161
1673778828 125
1673778829 159
1673778830 121
1673778830 136
1673778831 133
1673778831 171
1673778832 142
1673778832 113
1673778833 195
1673778834 134
1673778834 145
1673778835 183
1673778835 121
1673778835 130
1673778835 168
1673778835 167
1673778836 148
1673778836 200
1673778837 146
1673778837 148
1673778837 134
1673778838 133
1673778838 157
1673778838 158
1673778838 194
1673778839 108
1673778839 139
1673778839 151
1673778839 119
1673778840 148
1673778841 165
1673778841 154
1673778842 145
1673778842 141
1673778842 173
1673778842 172
1673778843 112
1673778844 141
1673778844 191
1673778844 185
1673778845 186
1673778846 148
1673778846 105
1673778847 157
1673778847 175
1673778847 125
1673778847 167
1673778848 128
1673778848 196
1673778848 102
1673778849 176
1673778849 112
1673778849 131
1673778850 186
1673778850 193
1673778851 160
1673778851 126
1673778852 167
1673778852 104
1673778852 144
1673778852 120
1673778853 165
1673778853 165
1673778854 142
1673778854 147
1673778854 194
1673778854 155
1673778854 164
1673778854 165
1673778855 173
1673778855 188
1673778856 198
1673778856 181
1673778856 142
1673778857 163
1673778857 166
1673778857 151
1673778858 130
1673778858 168
1673778859 113
1673778859 122
1673778859 180
1673778859 113
1673778860 171
1673778860 152
1673778860 166
1673778861 196
1673778861 199
1673778861 184
1673778861 175
1673778862 165
1673778862 129
1673778862 178
1673778863 158
1673778863 188
1673778864 195
1673778864 117
1673778865 108
1673778865 125
1673778865 146
1673778865 110
1673778865 131
1673778865 136
1673778866 125
1673778866 165
1673778866 109
1673778866 192
1673778866 138
1673778866 161
1673778867 157
1673778867 136
1673778867 169
1673778867 115
1673778868 126
1673778868 139
1673778868 186
1673778868 110
1673778869 169
1673778870 142
1673778870 198
1673778871 125
1673778872 119
1673778872 186
1673778872 108
1673778872 168
1673778874 171
1673778874 132
1673778874 149
1673778874 162
1673778874 150
1673778875 140
1673778875 169
1673778875 122
1673778877 114
1673778877 107
1673778878 123
1673778878 175
1673778880 183
1673778880 153
1673778880 195
1673778882 113
1673778882 138
1673778883 116
1673778884 138
1673778884 179
1673778884 157
1673778884 198
1673778885 133
1673778885 171
1673778885 165
1673778885 152
1673778886 161
1673778886 102
1673778887 189
1673778887 113
1673778887 193
1673778888 193
1673778889 155
1673778889 121
1673778889 186
1673778889 180
1673778889 140
1673778889 118
1673778890 175
1673778890 173
1673778890 197
1673778890 134
1673778891 123
1673778891 128
1673778891 194
1673778891 182
1673778891 167
1673778892 127
1673778893 123
1673778893 109
1673778894 165
1673778894 195
1673778895 196
1673778895 118
1673778895 143
1673778895 192
1673778895 139
1673778897 191
1673778898 194
1673778898 198
1673778899 185
1673778899 154
1673778899 182
1673778899 195
1673778899 161
1673778900 166
1673778900 197
1673778900 163
1673778900 185
1673778900 163
1673778901 169
1673778901 164
1673778901 146
1673778901 159
1673778901 114
1673778901 166
1673778902 135
1673778902 191
1673778903 184
1673778903 166
1673778903 160
1673778903 173
1673778903 150
1673778904 173
1673778904 155
1673778904 159
1673778905 139
1673778905 166
1673778906 138
1673778906 200
1673778906 180
1673778906 136
1673778908 128
1673778909 102
1673778909 200
1673778910 176
1673778910 192
1673778910 142
1673778910 130
1673778910 154
1673778912 158
1673778912 126
1673778912 161
1673778912 148
1673778913 159
1673778913 165
1673778914 159
1673778914 173
1673778914 161
1673778915 136
1673778916 185
1673778917 159
1673778917 137
1673778917 128
1673778917 164
1673778917 108
1673778918 181
1673778918 136
1673778918 190
1673778918 125
1673778919 167
1673778919 177
1673778920 125
1673778920 187
1673778921 144
1673778921 194
1673778921 104
1673778921 192
1673778922 200
1673778922 128
1673778922 164
1673778922 132
1673778922 154
1673778922 120
1673778922 156
1673778923 137
1673778923 130
1673778923 109
1673778923 120
1673778923 118
1673778923 127
1673778924 186
1673778924 106
1673778924 150
1673778925 195
1673778926 192
1673778927 200
1673778927 179
1673778927 195
1673778927 130
1673778927 175
1673778927 140
1673778928 120
1673778928 188
1673778928 135
1673778930 121
1673778930 184
1673778930 167
1673778930 122
1673778931 194
1673778932 169
1673778932 120
1673778932 185
1673778932 140
1673778933 114
1673778934 108
1673778934 197
1673778935 158
1673778935 110
1673778935 156
1673778935 120
1673778936 175
1673778936 176
1673778936 191
1673778936 161
1673778936 143
1673778936 132
1673778937 105
1673778937 174
1673778937 194
1673778937 103
1673778939 134
1673778939 126
1673778940 183
1673778941 177
1673778941 111
1673778941 200
1673778941 126
1673778942 189
1673778942 104
1673778942 195
1673778943 149
1673778943 150
1673778944 146
1673778944 181
1673778944 134
1673778945 107
1673778945 178
1673778945 119
1673778945 111
1673778946 127
1673778946 156
1673778946 136
1673778946 152
1673778947 167
1673778947 159
1673778948 147
1673778949 135
1673778950 193
1673778950 102
1673778950 142
1673778950 115
1673778952 198
1673778953 127
1673778953 189
1673778953 133
1673778954 102
1673778954 166
1673778954 135
1673778954 103
1673778954 107
1673778954 175
1673778955 200
1673778955 169
1673778956 144
1673778957 102
1673778957 175
1673778957 195
1673778957 172
1673778958 133
1673778958 106
1673778959 158
1673778959 123
1673778959 177
1673778959 118
1673778960 188
1673778960 150
1673778960 148
1673778961 177
1673778961 125
1673778961 131
1673778962 128
1673778962 136
1673778962 166
1673778962 134
1673778963 191
1673778963 104
1673778963 200
1673778963 150
1673778963 136
1673778964 107
1673778964 184
1673778964 199
1673778964 168
1673778964 181
1673778965 175
1673778965 145
1673778965 191
1673778965 170
1673778966 197
1673778966 149
1673778967 135
1673778967 198
1673778967 150
1673778968 154
1673778968 102
1673778968 188
1673778968 103
1673778969 132
1673778970 191
1673778971 155
1673778971 129
1673778973 178
1673778973 176
1673778973 159
1673778973 147
1673778973 101
1673778974 117
1673778975 102
1673778975 180
1673778975 150
1673778975 172
1673778976 167
1673778976 195
1673778976 199
1673778976 104
1673778976 107
1673778977 138
1673778977 116
1673778977 137
1673778977 185
1673778978 101
1673778978 107
1673778978 150
1673778978 110
1673778979 139
1673778979 178
1673778979 184
1673778979 132
1673778980 130
1673778982 146
1673778982 156
1673778983 184
1673778983 108
1673778983 151
1673778983 184
1673778983 107
1673778983 189
1673778983 133
1673778984 166
1673778985 107
1673778985 113
1673778985 190
1673778986 105
1673778987 175
1673778988 177
1673778988 189
1673778988 158
1673778989 144
1673778990 149
1673778990 116
1673778990 130
1673778990 112
1673778991 184
1673778991 106
1673778992 187
1673778992 112
1673778992 109
1673778993 121
1673778993 177
1673778994 102
1673778994 195
1673778994 151
1673778994 142
1673778995 121
1673778995 102
1673778996 158
1673778996 198
1673778996 132
1673778997 104
1673778997 113
1673778997 169
1673778998 189
1673778999 198
1673778999 191
1673778999 135
1673778999 168
1673779000 198
1673779000 105
1673779001 161
1673779001 183
1673779001 185
1673779001 177
1673779001 137
1673779001 186
1673779002 116
1673779004 162
1673779004 136
1673779004 109
1673779004 192
1673779004 146
1673779005 177
1673779005 151
1673779005 159
1673779006 108
1673779006 102
1673779006 195
1673779006 109
1673779006 180
1673779007 159
1673779007 145
1673779007 150
1673779008 114
1673779009 107
1673779009 135
1673779010 124
1673779010 152
1673779010 192
1673779010 130
1673779010 157
1673779011 158
1673779011 116
1673779012 130
1673779012 121
1673779012 113
1673779012 172
1673779013 196
1673779014 195
1673779014 196
1673779014 195
1673779014 174
1673779015 162
1673779015 165
1673779016 159
1673779016 187
1673779017 113
1673779018 138
1673779018 183
1673779018 109
1673779018 154
1673779019 192
1673779019 193
1673779019 166
1673779019 155
1673779020 193
1673779021 200
1673779021 133
1673779022 113
1673779022 114
1673779022 162
1673779023 143
1673779024 102
1673779024 130
1673779025 106
1673779025 176
1673779026 151
1673779026 105
1673779027 149
1673779028 144
1673779029 109
1673779029 190
1673779029 197
1673779029 177
1673779029 118
1673779029 136
1673779030 193
1673779030 141
1673779030 185
1673779031 198
1673779031 143
1673779032 148
1673779033 191
1673779033 188
1673779033 156
1673779033 131
1673779033 168
1673779034 106
1673779034 189
1673779035 124
1673779035 146
1673779035 137
1673779036 184
1673779036 153
1673779037 139
1673779037 130
1673779037 183
1673779039 108
1673779040 172
1673779040 114
1673779040 131
1673779040 143
1673779041 178
1673779041 115
1673779042 123
1673779043 195
1673779043 191
1673779043 178
1673779043 129
1673779043 191
1673779043 119
1673779043 120
1673779044 182
1673779044 164
1673779044 198
1673779044 178
1673779045 111
1673779045 133
1673779045 152
1673779046 125
1673779047 156
1673779047 149
1673779047 159
1673779048 158
1673779048 141
1673779048 175
1673779048 194
1673779050 150
1673779050 165
1673779050 129
1673779050 121
1673779050 194
1673779051 102
1673779051 179
1673779053 137
1673779053 170
1673779053 152
1673779053 180
1673779053 126
1673779053 167
1673779053 116
1673779054 192
1673779055 173
1673779056 166
1673779057 171
1673779057 132
1673779058 165
1673779059 159
1673779059 135
1673779059 146
1673779059 174
1673779060 113
1673779060 187
1673779060 122
1673779060 112
1673779061 106
1673779061 139
1673779061 182
1673779062 179
1673779062 175
1673779063 166
1673779063 194
1673779063 193
1673779063 178
1673779063 143
1673779064 170
1673779065 170
1673779065 103
1673779065 119
1673779065 152
1673779065 143
1673779066 129
1673779067 145
1673779067 160
1673779068 163
1673779068 161
1673779068 186
1673779068 120
1673779069 189
1673779069 197
1673779069 132
1673779070 150
1673779070 102
1673779070 127
1673779070 197
1673779071 189
1673779071 133
1673779072 143
1673779072 122
1673779072 182
1673779072 143
1673779072 131
1673779073 103
1673779073 137
1673779074 134
1673779074 151
1673779075 108
1673779075 167
1673779076 129
1673779077 189
1673779077 169
1673779077 137
1673779077 162
1673779078 166
1673779078 191
1673779079 176
1673779079 102
1673779079 194
1673779081 160
1673779082 165
1673779082 158
1673779082 115
1673779083 142
1673779083 149
1673779083 129
1673779084 146
1673779084 198
1673779084 126
1673779084 164
1673779085 191
1673779085 200
1673779086 179
1673779086 162
1673779086 101
1673779087 173
1673779087 158
1673779087 160
1673779087 178
1673779088 187
1673779089 146
1673779089 190
1673779089 136
1673779089 196
1673779091 162
1673779092 147
1673779092 185
1673779093 165
1673779093 143
1673779093 166
1673779094 194
1673779094 139
1673779094 193
1673779094 101
1673779094 120
1673779095 111
1673779096 152
1673779096 164
1673779097 195
1673779097 131
1673779098 122
1673779098 140
1673779098 120
1673779098 152
1673779100 136
1673779100 121
1673779100 152
1673779101 195
1673779101 148
1673779101 192
1673779101 124
1673779101 183
1673779101 102
1673779102 167
1673779103 119
1673779104 165
1673779104 115
1673779105 191
1673779105 104
1673779105 175
1673779106 131
1673779106 122
1673779106 177
1673779107 163
1673779107 138
1673779108 120
1673779108 178
1673779109 137
1673779109 194
1673779109 185
1673779110 148
1673779110 156
1673779110 102
1673779110 180
1673779110 119
1673779111 132
1673779111 160
1673779112 156
1673779112 162
1673779112 188
1673779112 141
1673779113 135
1673779114 106
1673779114 181
1673779115 131
1673779115 171
1673779115 182
1673779115 121
1673779115 168
1673779115 168
1673779115 114
1673779116 170
1673779116 141
1673779116 173
1673779117 113
1673779118 166
1673779118 162
1673779118 194
1673779118 136
1673779118 106
1673779118 114
1673779119 171
1673779119 133
1673779119 179
1673779119 177
1673779120 114
1673779120 138
1673779120 156
1673779120 101
1673779120 193
1673779121 112
1673779122 190
1673779122 164
1673779122 195
1673779122 113
1673779122 125
1673779122 101
1673779123 192
1673779124 188
1673779124 116
1673779124 163
1673779124 189
1673779126 116
1673779126 183
1673779126 168
1673779127 112
1673779127 200
1673779127 199
1673779127 120
1673779128 104
1673779128 169
1673779128 196
1673779129 115
1673779129 170
1673779130 167
1673779130 175
1673779130 159
1673779131 106
1673779131 130
1673779131 116
1673779132 104
1673779133 110
1673779133 112
1673779133 148
1673779133 118
1673779133 166
1673779134 128
1673779135 182
1673779135 138
1673779135 185
1673779135 132
1673779136 198
1673779136 194
1673779137 200
1673779137 136
1673779138 197
1673779138 104
1673779138 120
1673779138 118
1673779138 182
1673779139 134
1673779139 176
1673779139 137
1673779140 182
1673779141 171
1673779141 178
1673779141 198
1673779142 139
1673779142 145
1673779142 106
1673779143 175
1673779143 182
1673779144 118
1673779144 117
1673779144 167
1673779145 129
1673779145 182
1673779145 118
1673779145 116
1673779145 172
1673779146 197
1673779146 152
1673779146 149
1673779147 144
1673779147 149
1673779147 186
1673779148 136
1673779148 195
1673779149 186
1673779149 178
1673779149 141
1673779150 104
1673779150 115
1673779150 139
1673779150 136
1673779151 129
1673779151 150
1673779152 188
1673779152 133
1673779153 186
1673779153 143
1673779154 171
1673779154 113
1673779154 133
1673779155 189
1673779155 181
1673779155 141
1673779156 188
1673779156 130
1673779156 184
1673779156 169
1673779156 133
1673779156 191
1673779157 120
1673779157 171
1673779157 170
1673779157 185
1673779157 126
1673779158 137
1673779158 136
1673779159 200
1673779159 127
1673779160 125
1673779160 132
1673779161 111
1673779161 173
1673779161 122
1673779162 177
1673779162 135
1673779162 124
1673779162 177
1673779162 135
1673779162 144
1673779162 147
1673779163 147
1673779163 134
1673779163 166
1673779163 160
1673779163 150
1673779163 127
1673779163 184
1673779164 152
1673779164 107
1673779164 160
1673779165 120
1673779165 146
1673779165 153
1673779166 198
1673779166 144
1673779167 156
1673779167 118
1673779167 122
1673779168 188
1673779169 156
1673779170 128
1673779172 117
1673779173 187
1673779173 136
1673779173 153
1673779173 115
1673779173 165
1673779174 115
1673779174 185
1673779174 154
1673779174 106
1673779175 121
1673779175 152
1673779175 160
1673779175 129
1673779175 103
1673779175 162
1673779175 189
1673779176 200
1673779177 162
1673779177 104
1673779177 148
1673779177 130
1673779177 176
1673779178 117
1673779178 111
1673779179 168
1673779179 122
1673779180 143
1673779180 141
1673779180 191
1673779181 107
1673779181 107
1673779181 117
1673779181 150
1673779182 159
1673779182 180
1673779182 150
1673779183 155
1673779183 116
1673779183 130
1673779185 124
1673779185 162
1673779186 142
1673779186 154
1673779186 138
1673779187 193
1673779187 197
1673779187 160
1673779188 168
1673779189 120
1673779189 139
1673779189 173
1673779189 162
1673779190 174
1673779191 145
1673779191 170
1673779191 104
1673779191 170
1673779192 130
1673779192 165
1673779192 157
1673779192 105
1673779192 157
1673779193 107
1673779193 149
1673779193 190
1673779194 181
1673779194 105
1673779195 172
1673779195 183
1673779195 189
1673779195 199
1673779195 112
1673779196 101
1673779196 177
1673779196 114
1673779197 127
1673779198 156
1673779198 125
1673779199 146
1673779199 135
1673779199 140
1673779199 119
1673779200 179
1673779200 189
1673779201 102
1673779201 115
1673779202 110
1673779203 148
1673779203 175
1673779203 194
1673779204 130
1673779204 146
1673779204 149
1673779205 107
1673779205 180
1673779206 112
1673779206 158
1673779206 133
1673779206 155
1673779206 136
1673779208 180
1673779208 179
1673779208 142
1673779209 177
1673779209 186
1673779209 131
1673779209 192
1673779210 129
1673779211 153
1673779211 124
1673779211 123
1673779211 187
1673779213 147
1673779213 134
1673779214 130
1673779215 138
1673779215 149
1673779215 184
1673779215 142
1673779217 148
1673779218 122
1673779218 156
1673779218 198
1673779218 176
1673779219 162
1673779219 129
1673779220 105
1673779220 143
1673779220 104
1673779222 157
1673779222 144
1673779223 125
1673779223 184
1673779223 185
1673779224 164
1673779224 177
1673779224 137
1673779225 187
1673779226 124
1673779226 178
1673779226 104
1673779226 131
1673779226 193
1673779227 131
1673779228 175
1673779228 118
1673779228 186
1673779229 116
1673779229 103
1673779230 132
1673779230 136
1673779230 132
1673779230 147
1673779231 155
1673779231 164
1673779231 175
1673779231 122
1673779231 165
1673779231 157
1673779231 168
1673779232 142
1673779233 140
1673779233 176
1673779233 122
1673779234 164
1673779234 188
1673779235 141
1673779235 149
1673779235 118
1673779236 117
1673779236 139
1673779237 114
1673779237 149
1673779237 170
1673779238 181
1673779238 184
1673779239 124
1673779240 177
1673779240 191
1673779241 158
1673779242 181
1673779242 178
1673779242 106
1673779243 147
1673779244 141
1673779244 182
1673779244 151
1673779244 173
1673779245 123
1673779245 140
1673779246 144
1673779246 138
1673779246 185
1673779246 159
1673779247 150
1673779247 127
1673779247 130
1673779247 194
1673779248 106
1673779248 169
1673779248 147
1673779248 130
1673779248 143
1673779248 136
1673779249 164
1673779249 107
1673779249 147
1673779249 191
1673779249 169
1673779249 181
1673779250 195
1673779250 114
1673779251 118
1673779252 129
1673779252 189
1673779252 146
1673779252 140
1673779252 146
1673779253 128
1673779253 178
1673779253 108
1673779254 156
1673779254 180
1673779254 103
1673779254 157
1673779255 147
1673779255 111
1673779256 114
1673779256 185
1673779256 192
1673779256 108
1673779256 182
1673779257 120
1673779257 151
1673779257 186
1673779257 150
1673779258 191
1673779258 190
1673779258 141
1673779258 121
1673779259 186
1673779259 138
1673779259 137
1673779260 193
1673779261 137
1673779262 134
1673779262 149
1673779262 147
1673779263 164
1673779264 119
1673779264 139
1673779264 176
1673779265 125
1673779265 163
1673779265 158
1673779266 198
1673779266 173
1673779268 158
1673779268 114
1673779268 182
1673779268 178
1673779268 146
1673779269 196
1673779269 147
1673779269 192
1673779269 146
1673779270 142
1673779270 103
1673779270 117
1673779271 168
1673779271 142
1673779271 178
1673779272 181
1673779272 116
1673779272 174
1673779272 194
1673779273 102
1673779275 162
1673779275 192
1673779275 106
1673779276 134
1673779276 190
1673779276 141
1673779276 171
1673779276 126
1673779276 138
1673779277 159
1673779277 192
1673779278 120
1673779278 114
1673779278 192
1673779279 146
1673779279 175
1673779279 121
1673779279 157
1673779279 166
1673779280 139
1673779281 137
1673779281 174
1673779281 111
1673779282 175
1673779282 154
1673779283 190
1673779283 140
1673779283 131
1673779284 185
1673779284 172
1673779284 149
1673779284 198
1673779284 177
1673779284 162
1673779284 172
1673779284 150
1673779284 195
1673779285 138
1673779285 183
1673779285 148
1673779285 129
1673779286 158
1673779286 128
1673779287 160
1673779288 194
1673779288 186
1673779289 103
1673779290 132
1673779290 194
1673779290 193
1673779290 134
