1673776803 119
1673776803 152
1673776806 158
1673776808 155
1673776809 136
1673776811 135
1673776811 104
1673776812 198
1673776813 149
1673776816 200
1673776820 140
1673776820 140
1673776821 161
1673776824 188
1673776825 106
1673776826 172
1673776826 107
1673776826 118
1673776828 195
1673776829 188
1673776829 177
1673776829 151
1673776829 164
1673776830 112
1673776833 132
1673776833 133
1673776833 137
1673776835 174
1673776836 173
1673776836 188
1673776837 127
1673776839 144
1673776840 109
1673776841 200
1673776842 181
1673776844 151
1673776848 120
1673776848 128
1673776849 180
1673776849 115
1673776850 102
1673776850 159
1673776851 107
1673776852 117
1673776853 151
1673776856 126
1673776858 177
1673776860 114
1673776861 127
1673776861 129
1673776861 190
1673776862 110
1673776862 133
1673776863 116
1673776863 130
1673776866 109
1673776866 184
1673776866 199
1673776867 180
1673776867 116
1673776867 130
1673776872 114
1673776873 109
1673776873 180
1673776874 116
1673776874 171
1673776874 113
1673776876 121
1673776876 183
1673776878 167
1673776878 142
1673776879 182
1673776879 109
1673776880 103
1673776882 189
1673776884 103
1673776884 178
1673776884 152
1673776888 192
1673776889 152
1673776890 150
1673776891 135
1673776891 190
1673776891 111
1673776891 200
1673776892 179
1673776892 157
1673776892 195
1673776892 149
1673776895 195
1673776895 200
1673776898 103
1673776899 135
1673776899 106
1673776899 143
1673776899 166
1673776900 184
1673776900 105
1673776900 169
1673776901 149
1673776901 135
1673776901 174
1673776901 113
1673776901 160
1673776901 168
1673776903 162
1673776903 195
1673776903 143
1673776903 115
1673776917 104
1673776921 167
1673776922 166
1673776923 165
1673776923 112
1673776923 169
1673776923 150
1673776924 186
1673776925 145
1673776925 113
1673776925 112
1673776925 140
1673776926 170
1673776926 159
1673776926 198
1673776927 104
1673776927 165
1673776927 169
1673776927 170
1673776927 130
1673776928 157
1673776928 106
1673776929 173
1673776929 153
1673776929 144
1673776929 172
1673776930 151
1673776930 198
1673776930 174
1673776931 186
1673776932 179
1673776932 129
1673776933 171
1673776934 196
1673776934 153
1673776934 163
1673776934 179
1673776934 137
1673776935 143
1673776935 112
1673776936 125
1673776940 173
1673776940 182
1673776941 125
1673776941 137
1673776942 157
1673776943 159
1673776945 173
1673776945 188
1673776946 134
1673776946 116
1673776947 178
1673776947 172
1673776947 172
1673776947 115
1673776947 161
1673776947 155
1673776948 176
1673776948 127
1673776949 136
1673776950 184
1673776950 108
1673776950 192
1673776951 104
1673776951 174
1673776952 136
1673776952 190
1673776953 128
1673776953 149
1673776953 170
1673776953 131
1673776954 115
1673776954 153
1673776954 132
1673776955 195
1673776955 105
1673776956 186
1673776956 120
1673776956 123
1673776956 151
1673776957 123
1673776957 165
1673776958 151
1673776958 136
1673776959 152
1673776960 157
1673776960 180
1673776961 144
1673776963 194
1673776963 127
1673776964 189
1673776964 131
1673776964 175
1673776964 113
1673776965 106
1673776966 114
1673776966 142
1673776967 170
1673776967 152
1673776968 132
1673776968 106
1673776968 177
1673776968 191
1673776969 119
1673776969 174
1673776971 127
1673776971 189
1673776971 108
1673776971 158
1673776971 172
1673776972 105
1673776973 110
1673776974 117
1673776974 125
1673776974 144
1673776974 172
1673776974 193
1673776975 118
1673776975 103
1673776975 182
1673776975 180
1673776975 155
1673776976 120
1673776976 131
1673776976 135
1673776976 160
1673776976 159
1673776976 185
1673776977 154
1673776977 129
1673776978 178
1673776978 162
1673776978 104
1673776979 132
1673776979 197
1673776979 195
1673776979 169
1673776979 182
1673776980 141
1673776980 134
1673776980 120
1673776980 109
1673776981 149
1673776981 148
1673776981 157
1673776982 191
1673776982 192
1673776984 183
1673776985 147
1673776986 199
1673776987 133
1673776987 125
1673776987 106
1673776987 146
1673776988 174
1673776988 155
1673776988 132
1673776989 147
1673776991 112
1673776992 101
1673776992 178
1673776995 140
1673776996 153
1673776996 170
1673776996 152
1673776997 195
1673776997 171
1673776997 113
1673776998 159
1673776998 190
1673776999 128
1673776999 191
1673777001 147
1673777001 143
1673777001 132
1673777001 197
1673777003 128
1673777004 149
1673777005 132
1673777005 146
1673777006 106
1673777007 130
1673777008 166
1673777008 118
1673777008 191
1673777009 114
1673777009 191
1673777010 196
1673777010 126
1673777011 127
1673777011 190
1673777011 111
1673777012 173
1673777013 151
1673777015 133
1673777015 150
1673777016 110
1673777017 113
1673777018 180
1673777018 141
1673777018 187
1673777019 189
1673777019 169
1673777019 198
1673777019 166
1673777019 113
1673777019 162
1673777019 107
1673777020 101
1673777020 151
1673777021 104
1673777021 133
1673777022 109
1673777022 188
1673777022 153
1673777023 153
1673777023 174
1673777023 197
1673777024 185
1673777024 195
1673777024 160
1673777024 181
1673777025 123
1673777027 155
1673777027 152
1673777027 198
1673777028 151
1673777028 112
1673777028 184
1673777028 134
1673777029 103
1673777029 171
1673777029 155
1673777030 164
1673777030 189
1673777030 107
1673777031 128
1673777031 132
1673777031 136
1673777032 185
1673777032 126
1673777032 109
1673777032 195
1673777032 165
1673777033 155
1673777033 176
1673777033 148
1673777033 181
1673777034 147
1673777034 178
1673777034 146
1673777035 104
1673777035 122
1673777036 141
1673777036 129
1673777037 165
1673777037 128
1673777037 133
1673777037 174
1673777038 178
1673777038 163
1673777038 163
1673777038 139
1673777038 175
1673777039 104
1673777039 184
1673777039 133
1673777039 167
1673777039 102
1673777039 188
1673777039 126
1673777040 150
1673777040 142
1673777040 196
1673777040 148
1673777041 132
1673777041 142
1673777041 187
1673777042 141
1673777042 165
1673777042 157
1673777042 179
1673777043 174
1673777043 199
1673777043 119
1673777043 115
1673777044 118
1673777044 175
1673777044 120
1673777044 121
1673777045 104
1673777045 184
1673777046 127
1673777047 123
1673777047 128
1673777047 136
1673777047 136
1673777049 180
1673777049 178
1673777049 133
1673777050 180
1673777050 123
1673777050 153
1673777050 107
1673777051 131
1673777051 160
1673777051 148
1673777051 158
1673777051 130
1673777051 134
1673777052 192
1673777052 130
1673777052 120
1673777053 198
1673777053 179
1673777054 115
1673777054 120
1673777054 184
1673777054 135
1673777055 172
1673777055 122
1673777056 138
1673777056 184
1673777056 111
1673777056 162
1673777057 114
1673777057 142
1673777057 133
1673777057 111
1673777057 144
1673777057 103
1673777058 137
1673777058 105
1673777058 120
1673777059 180
1673777059 138
1673777059 166
1673777059 112
1673777060 127
1673777060 152
1673777061 193
1673777061 144
1673777062 116
1673777062 195
1673777062 122
1673777062 116
1673777063 165
1673777063 112
1673777064 104
1673777064 125
1673777065 132
1673777065 136
1673777065 128
1673777065 167
1673777065 157
1673777066 135
1673777066 158
1673777066 158
1673777066 198
1673777067 109
1673777067 142
1673777067 155
1673777068 144
1673777068 165
1673777068 163
1673777068 181
1673777069 121
1673777069 179
1673777069 147
1673777069 148
1673777070 129
1673777071 152
1673777071 193
1673777072 173
1673777072 189
1673777072 180
1673777072 197
1673777073 184
1673777073 108
1673777074 163
1673777074 186
1673777074 146
1673777074 109
1673777075 154
1673777075 135
1673777075 151
1673777075 113
1673777076 173
1673777076 168
1673777077 197
1673777077 198
1673777077 142
1673777077 123
1673777077 146
1673777078 108
1673777079 163
1673777079 156
1673777079 178
1673777079 134
1673777079 195
1673777080 176
1673777080 130
1673777080 197
1673777080 152
1673777081 189
1673777081 104
1673777081 161
1673777081 191
1673777081 179
1673777081 106
1673777082 143
1673777082 157
1673777082 147
1673777083 180
1673777084 140
1673777085 105
1673777085 191
1673777086 191
1673777086 163
1673777086 139
1673777086 148
1673777086 134
1673777087 150
1673777087 145
1673777087 157
1673777088 189
1673777088 102
1673777088 175
1673777088 142
1673777089 190
1673777089 175
1673777089 128
1673777089 138
1673777089 127
1673777089 163
1673777089 162
1673777089 199
1673777090 150
1673777090 196
1673777091 166
1673777091 118
1673777091 167
1673777091 197
1673777091 170
1673777091 180
1673777092 132
1673777092 175
1673777092 162
1673777094 194
1673777094 110
1673777094 151
1673777094 191
1673777094 156
1673777094 126
1673777095 178
1673777095 181
1673777095 149
1673777096 164
1673777096 126
1673777096 157
1673777096 138
1673777097 139
1673777097 146
1673777098 181
1673777099 168
1673777099 121
1673777099 109
1673777099 161
1673777100 159
1673777100 134
1673777100 137
1673777100 135
1673777101 120
1673777101 155
1673777101 109
1673777102 124
1673777102 178
1673777103 121
1673777103 165
1673777104 112
1673777104 110
1673777104 110
1673777105 151
1673777105 172
1673777105 194
1673777106 140
1673777106 148
1673777106 159
1673777107 127
1673777107 134
1673777108 116
1673777109 137
1673777110 130
1673777110 183
1673777110 123
1673777110 125
1673777111 199
1673777111 156
1673777111 150
1673777112 110
1673777112 189
1673777112 151
1673777112 159
1673777112 196
1673777112 197
1673777112 200
1673777113 179
1673777113 180
1673777113 139
1673777113 177
1673777113 171
1673777114 134
1673777114 118
1673777115 172
1673777115 194
1673777116 119
1673777116 110
1673777116 133
1673777116 131
1673777118 137
1673777118 152
1673777118 193
1673777118 130
1673777119 143
1673777119 167
1673777119 131
1673777119 190
1673777119 131
1673777120 166
1673777120 104
1673777120 102
1673777120 172
1673777121 194
1673777121 146
1673777121 139
1673777121 133
1673777122 135
1673777122 149
1673777122 182
1673777123 126
1673777123 160
1673777123 131
1673777123 123
1673777123 105
1673777123 170
1673777123 162
1673777124 159
1673777124 173
1673777124 173
1673777125 111
1673777125 171
1673777125 172
1673777125 168
1673777126 172
1673777126 178
1673777126 119
1673777127 195
1673777127 129
1673777127 152
1673777128 103
1673777128 121
1673777128 161
1673777129 119
1673777129 191
1673777130 108
1673777130 131
1673777131 155
1673777131 192
1673777131 155
1673777132 128
1673777132 140
1673777132 188
1673777133 108
1673777133 190
1673777134 186
1673777134 170
1673777134 156
1673777135 145
1673777136 146
1673777136 127
1673777136 157
1673777137 175
1673777137 197
1673777137 165
1673777137 177
1673777139 172
1673777139 166
1673777139 178
1673777139 165
1673777140 122
1673777140 113
1673777141 178
1673777141 116
1673777141 146
1673777142 175
1673777143 161
1673777143 138
1673777143 150
1673777144 197
1673777144 182
1673777144 107
1673777144 102
1673777145 196
1673777146 182
1673777146 173
1673777147 113
1673777147 144
1673777147 134
1673777147 151
1673777148 154
1673777148 173
1673777148 162
1673777148 121
1673777149 146
1673777149 114
1673777149 180
1673777150 107
1673777150 197
1673777150 115
1673777151 139
1673777151 113
1673777151 169
1673777151 151
1673777151 103
1673777152 101
1673777152 132
1673777152 187
1673777152 167
1673777152 144
1673777152 179
1673777153 160
1673777153 136
1673777153 107
1673777153 143
1673777154 150
1673777154 139
1673777155 187
1673777155 161
1673777155 166
1673777155 147
1673777156 110
1673777156 175
1673777157 174
1673777157 109
1673777158 106
1673777159 151
1673777159 169
1673777160 148
1673777160 123
1673777161 142
1673777162 139
1673777162 101
1673777162 167
1673777162 110
1673777162 199
1673777163 168
1673777163 112
1673777163 197
1673777165 107
1673777166 155
1673777166 192
1673777166 181
1673777166 183
1673777166 117
1673777166 193
1673777166 109
1673777167 110
1673777168 115
1673777168 172
1673777169 108
1673777169 166
1673777169 112
1673777170 105
1673777170 185
1673777170 186
1673777170 102
1673777170 130
1673777170 196
1673777170 135
1673777171 126
1673777171 179
1673777171 115
1673777172 118
1673777172 147
1673777172 163
1673777172 109
1673777173 197
1673777173 139
1673777174 191
1673777174 155
1673777174 155
1673777175 133
1673777175 147
1673777175 131
1673777175 132
1673777176 178
1673777176 183
1673777176 197
1673777176 177
1673777176 196
1673777177 192
1673777177 179
1673777177 132
1673777177 133
1673777178 171
1673777178 167
1673777178 169
1673777178 190
1673777179 190
1673777179 124
1673777179 173
1673777179 160
1673777179 123
1673777180 126
1673777180 130
1673777180 194
1673777180 157
1673777181 120
1673777183 157
1673777183 105
1673777183 179
1673777183 120
1673777183 135
1673777183 116
1673777184 167
1673777184 159
1673777185 138
1673777186 124
1673777186 135
1673777187 143
1673777187 101
1673777187 164
1673777188 188
1673777188 154
1673777189 167
1673777189 175
1673777189 183
1673777190 110
1673777190 153
1673777190 178
1673777191 101
1673777191 105
1673777191 197
1673777192 122
1673777192 128
1673777192 189
1673777193 194
1673777193 177
1673777193 180
1673777193 127
1673777194 183
1673777194 160
1673777194 185
1673777194 140
1673777195 190
1673777195 137
1673777196 189
1673777196 131
1673777196 133
1673777196 130
1673777197 140
1673777197 154
1673777198 187
1673777198 134
1673777199 154
1673777199 173
1673777199 144
1673777199 103
1673777199 178
1673777200 147
1673777200 145
1673777200 145
1673777200 104
1673777201 176
1673777202 128
1673777202 139
1673777203 145
1673777204 106
1673777204 172
1673777205 108
1673777205 133
1673777205 177
1673777206 191
1673777207 105
1673777207 188
1673777208 184
1673777208 193
1673777209 187
1673777209 154
1673777209 161
1673777209 130
1673777210 110
1673777210 190
1673777210 101
1673777211 116
1673777211 149
1673777211 130
1673777213 137
1673777213 187
1673777214 167
1673777214 156
1673777214 198
1673777216 176
1673777216 180
1673777216 120
1673777216 109
1673777217 139
1673777217 144
1673777218 104
1673777218 191
1673777218 109
1673777218 142
1673777218 198
1673777219 180
1673777219 169
1673777220 113
1673777220 190
1673777220 126
1673777221 176
1673777222 184
1673777222 116
1673777222 146
1673777222 143
1673777222 109
1673777223 138
1673777225 196
1673777225 116
1673777225 129
1673777226 117
1673777226 102
1673777228 122
1673777228 148
1673777229 198
1673777229 182
1673777229 130
1673777232 141
1673777233 177
1673777233 191
1673777233 155
1673777234 121
1673777234 128
1673777234 181
1673777235 163
1673777235 184
1673777236 132
1673777237 173
1673777237 141
1673777238 101
1673777239 196
1673777239 134
1673777239 173
1673777240 142
1673777241 170
1673777241 179
1673777241 194
1673777242 187
1673777242 184
1673777243 180
1673777243 106
1673777245 200
1673777245 163
1673777245 137
1673777247 152
1673777248 101
1673777249 110
1673777249 162
1673777249 145
1673777249 116
1673777249 186
1673777251 159
1673777251 194
1673777252 120
1673777252 167
1673777252 106
1673777252 187
1673777252 111
1673777252 111
1673777253 121
1673777253 107
1673777253 133
1673777253 157
1673777253 140
1673777253 129
1673777253 129
1673777254 156
1673777254 145
1673777255 199
1673777255 156
1673777256 159
1673777256 172
1673777256 133
1673777257 159
1673777257 126
1673777258 197
1673777259 175
1673777259 121
1673777259 175
1673777260 107
1673777260 175
1673777260 121
1673777260 147
1673777261 200
1673777261 188
1673777262 115
1673777262 182
1673777262 106
1673777263 143
1673777263 123
1673777263 178
1673777264 105
1673777264 177
1673777264 198
1673777264 141
1673777265 183
1673777265 139
1673777265 143
1673777265 124
1673777265 181
1673777267 120
1673777267 178
1673777268 113
1673777268 103
1673777268 101
1673777269 170
1673777269 105
1673777269 128
1673777269 139
1673777270 145
1673777270 155
1673777270 200
1673777271 108
1673777271 193
1673777272 124
1673777272 174
1673777272 124
1673777272 128
1673777274 128
1673777274 147
1673777275 131
1673777275 179
1673777275 158
1673777276 166
1673777276 121
1673777277 194
1673777277 188
1673777278 169
1673777278 113
1673777278 179
1673777278 192
1673777278 103
1673777279 175
1673777279 197
1673777280 197
1673777280 107
1673777280 163
1673777280 174
1673777280 188
1673777280 200
1673777281 130
1673777281 132
1673777282 174
1673777282 130
1673777283 170
1673777283 196
1673777284 161
1673777284 160
1673777284 174
1673777285 141
1673777285 115
1673777285 164
1673777287 157
1673777287 190
1673777288 156
1673777288 107
1673777288 144
1673777288 172
1673777290 185
1673777290 195
1673777290 104
1673777291 121
1673777291 157
1673777292 173
1673777292 167
1673777294 134
1673777294 146
1673777294 196
1673777294 141
1673777294 149
1673777295 135
1673777295 198
1673777297 116
1673777297 153
1673777298 147
1673777298 167
1673777298 196
1673777298 190
1673777298 185
1673777299 172
1673777300 155
1673777300 135
1673777301 123
1673777302 171
1673777302 138
1673777302 143
1673777303 135
1673777303 195
1673777303 113
1673777305 144
1673777305 139
1673777305 155
1673777305 176
1673777305 178
1673777305 137
1673777305 108
1673777305 166
1673777305 180
1673777306 165
1673777306 198
1673777307 137
1673777307 146
1673777307 149
1673777307 134
1673777307 176
1673777307 128
1673777309 112
1673777309 124
1673777309 113
1673777309 190
1673777310 196
1673777310 199
1673777311 183
1673777312 180
1673777312 159
1673777312 180
1673777312 130
1673777313 184
1673777313 181
1673777313 184
1673777313 112
1673777313 168
1673777313 168
1673777314 127
1673777314 120
1673777314 199
1673777315 113
1673777316 111
1673777316 194
1673777316 122
1673777316 158
1673777316 108
1673777316 143
1673777317 141
1673777317 117
1673777317 180
1673777317 120
1673777317 102
1673777318 170
1673777318 119
1673777318 129
1673777319 143
1673777319 190
1673777320 171
1673777320 134
1673777321 110
1673777321 132
1673777321 176
1673777321 189
1673777321 180
1673777322 133
1673777322 176
1673777322 142
1673777322 174
1673777323 127
1673777323 124
1673777325 198
1673777325 185
1673777325 178
1673777327 103
1673777327 104
1673777327 162
1673777327 103
1673777328 191
1673777328 164
1673777329 146
1673777329 147
1673777330 167
1673777330 185
1673777330 155
1673777330 182
1673777331 180
1673777331 187
1673777332 120
1673777332 103
1673777333 185
1673777333 167
1673777333 103
1673777333 166
1673777334 179
1673777334 174
1673777335 103
1673777336 165
1673777336 187
1673777336 161
1673777336 102
1673777337 118
1673777337 131
1673777337 159
1673777337 194
1673777338 120
1673777338 122
1673777339 129
1673777339 111
1673777339 174
1673777339 103
1673777340 118
1673777340 115
1673777340 105
1673777340 172
1673777340 130
1673777340 188
1673777341 150
1673777341 185
1673777342 164
1673777342 120
1673777343 195
1673777343 189
1673777343 187
1673777343 171
1673777344 135
1673777345 135
1673777346 152
1673777346 142
1673777360 135
1673777361 172
1673777361 176
1673777361 181
1673777361 120
1673777362 169
1673777364 171
1673777364 197
1673777364 163
1673777364 184
1673777365 159
1673777365 153
1673777365 115
1673777366 171
1673777366 159
1673777366 156
1673777366 168
1673777367 155
1673777367 173
1673777368 121
1673777368 180
1673777369 138
1673777370 133
1673777370 122
1673777370 196
1673777370 145
1673777370 113
1673777371 193
1673777371 180
1673777371 168
1673777372 189
1673777372 133
1673777373 198
1673777373 150
1673777373 133
1673777373 175
1673777374 121
1673777374 151
1673777374 149
1673777374 116
1673777374 165
1673777374 149
1673777374 180
1673777375 160
1673777376 159
1673777377 110
1673777378 160
1673777378 108
1673777379 179
1673777379 105
1673777379 167
1673777380 105
1673777380 196
1673777380 175
1673777381 160
1673777381 122
1673777381 190
1673777382 131
1673777382 139
1673777384 190
1673777384 177
1673777385 146
1673777385 149
1673777385 175
1673777385 180
1673777386 140
1673777386 148
1673777386 165
1673777387 158
1673777387 168
1673777387 134
1673777388 149
1673777388 139
1673777388 109
1673777389 125
1673777390 177
1673777390 175
1673777390 167
1673777390 197
1673777390 141
1673777391 166
1673777391 174
1673777391 134
1673777392 159
1673777393 138
1673777393 188
1673777393 142
1673777393 104
1673777394 107
1673777395 128
1673777395 168
1673777395 125
1673777395 160
1673777396 188
1673777396 142
1673777396 170
1673777396 138
1673777396 102
1673777397 109
1673777398 115
1673777398 170
1673777398 154
1673777399 107
1673777399 197
1673777399 178
1673777399 104
1673777400 188
1673777400 184
1673777400 175
1673777400 107
1673777400 166
1673777400 141
1673777400 150
1673777400 135
1673777401 185
1673777401 197
1673777401 190
1673777402 111
1673777402 189
1673777402 162
1673777403 156
1673777403 153
1673777404 125
1673777404 165
1673777404 195
1673777404 173
1673777405 117
1673777405 189
1673777405 181
1673777405 194
1673777405 137
1673777406 115
1673777406 127
1673777406 146
1673777406 182
1673777407 163
1673777407 173
1673777408 181
1673777408 195
1673777409 150
1673777409 115
1673777409 186
1673777409 118
1673777409 142
1673777409 169
1673777410 180
1673777410 102
1673777410 175
1673777410 109
1673777411 178
1673777412 166
1673777412 166
1673777413 126
1673777414 166
1673777414 196
1673777415 110
1673777416 191
1673777416 114
1673777416 131
1673777416 139
1673777417 107
1673777417 106
1673777417 165
1673777418 127
1673777418 108
1673777418 127
1673777418 199
1673777418 193
1673777419 162
1673777419 198
1673777419 133
1673777420 191
1673777421 140
1673777421 135
1673777422 126
1673777423 109
1673777424 126
1673777424 111
1673777424 176
1673777425 128
1673777425 115
1673777426 106
1673777426 125
1673777426 161
1673777427 125
1673777427 166
1673777427 109
1673777427 137
1673777428 168
1673777428 132
1673777429 137
1673777429 102
1673777429 134
1673777430 104
1673777430 108
1673777430 149
1673777430 120
1673777430 141
1673777430 174
1673777430 160
1673777431 164
1673777431 123
1673777432 106
1673777432 122
1673777432 195
1673777432 172
1673777432 108
1673777433 126
1673777433 168
1673777434 151
1673777434 111
1673777435 104
1673777435 109
1673777435 131
1673777436 108
1673777436 102
1673777436 156
1673777436 174
1673777436 160
1673777437 171
1673777438 101
1673777438 135
1673777439 156
1673777439 171
1673777440 148
1673777441 177
1673777441 165
1673777441 115
1673777442 117
1673777442 107
1673777442 132
1673777442 195
1673777442 173
1673777442 121
1673777442 131
1673777442 176
1673777443 190
1673777443 200
1673777443 195
1673777443 138
1673777443 119
1673777444 135
1673777444 102
1673777444 172
1673777444 169
1673777445 180
1673777446 172
1673777447 111
1673777447 155
1673777447 106
1673777447 199
1673777448 114
1673777448 170
1673777448 142
1673777448 184
1673777448 159
1673777449 131
1673777449 176
1673777449 160
1673777450 114
1673777450 170
1673777451 136
1673777451 200
1673777451 121
1673777451 113
1673777452 129
1673777453 104
1673777453 168
1673777453 138
1673777453 182
1673777453 134
1673777453 172
1673777454 125
1673777454 108
1673777454 174
1673777455 113
1673777455 110
1673777455 179
1673777456 169
1673777456 168
1673777456 116
1673777457 183
1673777457 132
1673777457 167
1673777458 132
1673777458 129
1673777458 151
1673777459 198
1673777459 200
1673777459 181
1673777460 192
1673777460 116
1673777460 156
1673777460 151
1673777460 190
1673777460 195
1673777460 172
1673777460 104
1673777461 144
1673777461 154
1673777461 162
1673777461 155
1673777462 123
1673777462 151
1673777462 160
1673777462 106
1673777462 165
1673777463 112
1673777463 174
1673777463 177
1673777464 138
1673777464 175
1673777464 198
1673777464 196
1673777464 115
1673777464 134
1673777465 126
1673777465 123
1673777465 159
1673777466 105
1673777467 120
1673777467 179
1673777468 172
1673777468 155
1673777469 170
1673777470 107
1673777470 161
1673777470 177
1673777470 145
1673777471 128
1673777471 121
1673777471 173
1673777471 124
1673777473 143
1673777473 117
1673777474 115
1673777474 173
1673777474 138
1673777474 122
1673777475 113
1673777476 111
1673777476 183
1673777476 153
1673777477 152
1673777477 137
1673777478 197
1673777478 161
1673777478 161
1673777479 134
1673777479 152
1673777479 168
1673777480 135
1673777480 128
1673777480 188
1673777481 178
1673777481 137
1673777481 128
1673777482 127
1673777482 174
1673777483 149
1673777483 133
1673777483 191
1673777484 148
1673777484 131
1673777484 199
1673777485 106
1673777485 142
1673777485 178
1673777486 156
1673777486 117
1673777487 143
1673777487 164
1673777488 114
1673777488 142
1673777489 140
1673777489 194
1673777489 134
1673777490 116
1673777490 139
1673777490 178
1673777492 186
1673777493 141
1673777494 137
1673777494 106
1673777494 130
1673777495 106
1673777495 197
1673777495 198
1673777495 134
1673777495 156
1673777495 177
1673777496 157
1673777496 180
1673777496 156
1673777497 120
1673777497 165
1673777498 197
1673777498 196
1673777498 118
1673777499 148
1673777499 132
1673777499 154
1673777499 163
1673777500 194
1673777500 183
1673777500 190
1673777501 130
1673777501 183
1673777501 156
1673777502 104
1673777502 122
1673777502 190
1673777503 150
1673777504 164
1673777504 156
1673777504 196
1673777505 183
1673777506 164
1673777506 160
1673777508 118
1673777508 156
1673777509 101
1673777509 165
1673777510 107
1673777510 114
1673777510 192
1673777510 135
1673777511 133
1673777511 101
1673777511 111
1673777511 199
1673777511 117
1673777512 165
1673777512 147
1673777512 168
1673777512 182
1673777513 189
1673777513 103
1673777513 180
1673777514 191
1673777514 195
1673777514 165
1673777514 175
1673777515 141
1673777515 115
1673777515 165
1673777515 106
1673777516 149
1673777516 199
1673777516 125
1673777517 182
1673777517 159
1673777517 161
1673777518 103
1673777519 139
1673777519 155
1673777519 194
1673777520 127
1673777520 157
1673777521 103
1673777522 147
1673777522 154
1673777522 127
1673777522 123
1673777523 144
1673777523 153
1673777523 164
1673777524 144
1673777524 143
1673777524 115
1673777524 136
1673777525 180
1673777525 175
1673777526 157
1673777526 187
1673777526 102
1673777526 102
1673777527 191
1673777527 184
1673777527 104
1673777527 114
1673777527 118
1673777527 147
1673777527 153
1673777528 108
1673777528 190
1673777528 150
1673777528 127
1673777528 114
1673777528 145
1673777528 139
1673777528 111
1673777528 164
1673777529 128
1673777529 110
1673777529 183
1673777529 154
1673777529 171
1673777530 176
1673777530 126
1673777530 146
1673777530 105
1673777531 164
1673777531 136
1673777532 179
1673777533 115
1673777533 182
1673777533 140
1673777533 162
1673777534 124
1673777534 117
1673777534 183
1673777535 191
1673777535 125
1673777535 169
1673777535 118
1673777536 194
1673777536 151
1673777537 118
1673777537 165
1673777538 163
1673777538 129
1673777538 125
1673777538 161
1673777538 169
1673777538 168
1673777539 178
1673777539 185
1673777539 120
1673777540 190
1673777540 132
1673777540 144
1673777540 168
1673777540 194
1673777541 161
1673777541 127
1673777541 161
1673777541 148
1673777541 164
1673777541 122
1673777541 130
1673777541 106
1673777542 156
1673777542 122
1673777542 188
1673777542 118
1673777542 169
1673777542 130
1673777542 107
1673777543 194
1673777543 150
1673777543 196
1673777543 189
1673777543 183
1673777544 120
1673777545 134
1673777545 183
1673777545 127
1673777546 154
1673777546 168
1673777547 109
1673777547 129
1673777547 102
1673777547 145
1673777548 158
1673777548 200
1673777548 125
1673777548 112
1673777548 179
1673777548 160
1673777549 127
1673777549 137
1673777550 101
1673777550 147
1673777551 169
1673777551 163
1673777552 138
1673777552 172
1673777552 155
1673777552 118
1673777552 103
1673777553 180
1673777553 200
1673777553 110
1673777553 129
1673777553 193
1673777554 116
1673777554 124
1673777554 144
1673777555 178
1673777555 120
1673777555 178
1673777556 166
1673777556 143
1673777556 157
1673777557 168
1673777557 158
1673777557 147
1673777557 120
1673777558 150
1673777558 193
1673777559 173
1673777559 133
1673777559 140
1673777559 125
1673777560 108
1673777560 197
1673777560 124
1673777561 194
1673777561 150
1673777561 135
1673777561 137
1673777562 110
1673777562 176
1673777562 120
1673777563 145
1673777563 191
1673777563 117
1673777564 196
1673777565 188
1673777565 169
1673777566 105
1673777566 111
1673777566 105
1673777566 185
1673777566 185
1673777567 139
1673777567 136
1673777567 140
1673777567 159
1673777567 187
1673777568 121
1673777568 196
1673777568 172
1673777569 125
1673777570 168
1673777570 108
1673777570 126
1673777571 192
1673777571 173
1673777571 103
1673777571 163
1673777572 198
1673777572 136
1673777572 165
1673777573 114
1673777573 104
1673777574 197
1673777574 102
1673777574 174
1673777574 165
1673777575 127
1673777575 192
1673777576 145
1673777576 195
1673777577 117
1673777577 118
1673777578 162
1673777578 193
1673777578 129
1673777578 126
1673777578 173
1673777579 125
1673777579 136
1673777579 192
1673777580 169
1673777580 171
1673777580 115
1673777580 164
1673777580 104
1673777581 102
1673777581 174
1673777581 106
1673777581 144
1673777581 135
1673777582 145
1673777582 173
1673777582 133
1673777582 156
1673777583 153
1673777583 172
1673777584 171
1673777584 146
1673777585 178
1673777585 143
1673777585 161
1673777586 160
1673777586 121
1673777586 192
1673777587 103
1673777587 112
1673777588 182
1673777588 175
1673777588 191
1673777589 163
1673777589 157
1673777589 106
1673777589 117
1673777590 128
1673777590 142
1673777590 192
1673777590 173
1673777591 122
1673777591 186
1673777591 152
1673777591 107
1673777592 177
1673777592 127
1673777592 177
1673777593 168
1673777593 166
1673777593 129
1673777593 167
1673777594 176
1673777595 193
1673777595 165
1673777595 189
1673777595 113
1673777595 183
1673777596 122
1673777598 115
1673777598 174
1673777598 109
1673777598 103
1673777599 145
1673777599 124
1673777599 181
1673777600 124
1673777600 112
1673777600 172
1673777601 116
1673777602 128
1673777602 182
1673777603 125
1673777603 171
1673777604 199
1673777604 136
1673777604 112
1673777604 159
1673777605 148
1673777605 199
1673777605 107
1673777606 104
1673777606 106
1673777607 108
1673777608 195
1673777608 116
1673777608 185
1673777608 107
1673777608 110
1673777609 129
1673777609 148
1673777610 165
1673777610 191
1673777611 127
1673777611 125
1673777611 119
1673777611 102
1673777612 176
1673777613 138
1673777614 172
1673777614 114
1673777614 161
1673777614 170
1673777614 104
1673777615 189
1673777615 131
1673777615 185
1673777616 141
1673777616 102
1673777617 190
1673777617 141
1673777617 135
1673777617 119
1673777618 178
1673777618 197
1673777618 116
1673777619 107
1673777619 187
1673777619 199
1673777619 138
1673777620 140
1673777620 142
1673777620 165
1673777620 178
1673777621 110
1673777621 192
1673777622 138
1673777622 162
1673777622 187
1673777622 168
1673777622 121
1673777623 161
1673777623 120
1673777623 143
1673777624 196
1673777625 176
1673777626 177
1673777626 121
1673777626 176
1673777626 101
1673777627 184
1673777627 161
1673777627 134
1673777628 110
1673777628 139
1673777628 181
1673777629 165
1673777629 111
1673777629 106
1673777629 172
1673777629 146
1673777630 197
1673777630 123
1673777630 128
1673777630 129
1673777631 179
1673777631 112
1673777631 164
1673777631 145
1673777632 150
1673777632 191
1673777632 184
1673777632 133
1673777632 142
1673777632 165
1673777633 195
1673777633 102
1673777633 154
1673777634 159
1673777635 117
1673777635 131
1673777636 144
1673777636 108
1673777637 154
1673777637 108
1673777637 176
1673777637 197
1673777637 178
1673777638 168
1673777638 128
1673777638 169
1673777639 118
1673777639 108
1673777640 105
1673777641 181
1673777641 133
1673777641 130
1673777642 125
1673777642 105
1673777642 168
1673777642 191
1673777643 139
1673777643 141
1673777644 178
1673777644 196
1673777645 164
1673777645 187
1673777645 167
1673777645 109
1673777645 171
1673777646 132
1673777646 163
1673777646 190
1673777647 171
1673777649 123
1673777649 131
1673777652 135
1673777652 120
1673777653 193
1673777654 136
1673777655 101
1673777655 121
1673777655 151
1673777657 183
1673777657 164
1673777661 117
1673777661 147
1673777663 152
1673777663 156
1673777664 106
1673777666 125
1673777666 181
1673777668 112
1673777669 184
1673777670 151
1673777670 109
1673777671 162
1673777671 195
1673777672 194
1673777673 143
1673777673 199
1673777675 137
1673777677 180
1673777678 134
1673777678 164
1673777679 109
1673777679 164
1673777679 152
1673777680 134
1673777681 182
1673777681 130
1673777681 107
1673777682 180
1673777683 131
1673777683 186
1673777684 108
1673777684 135
1673777684 174
1673777686 134
1673777688 150
1673777688 129
1673777689 138
1673777690 193
1673777690 181
1673777691 104
1673777691 164
1673777691 105
1673777692 127
1673777692 106
1673777692 144
1673777693 158
1673777693 179
1673777693 104
1673777694 196
1673777695 126
1673777695 192
1673777696 161
1673777696 132
1673777698 170
1673777698 129
1673777699 190
1673777699 101
1673777699 159
1673777700 141
1673777701 186
1673777701 180
1673777701 146
1673777701 125
1673777701 185
1673777701 146
1673777702 138
1673777702 176
1673777703 177
1673777704 155
1673777704 123
1673777704 107
1673777706 148
1673777707 155
1673777707 125
1673777707 142
1673777716 189
1673777717 138
1673777717 123
1673777717 159
1673777718 166
1673777718 175
1673777718 154
1673777719 162
1673777719 145
1673777719 189
1673777721 112
1673777721 186
1673777721 140
1673777721 117
1673777721 145
1673777722 131
1673777722 183
1673777722 134
1673777722 102
1673777722 142
1673777723 167
1673777723 125
1673777724 104
1673777724 151
1673777724 162
1673777725 149
1673777725 151
1673777726 153
1673777726 150
1673777726 117
1673777727 174
1673777727 170
1673777728 146
1673777728 106
1673777728 147
1673777729 117
1673777730 146
1673777731 174
1673777731 131
1673777731 145
1673777732 155
1673777732 146
1673777732 135
1673777732 135
1673777734 149
1673777734 172
1673777734 181
1673777735 176
1673777735 173
1673777736 156
1673777736 113
1673777736 121
1673777737 161
1673777737 174
1673777737 187
1673777737 187
1673777738 158
1673777738 145
1673777738 119
1673777739 162
1673777739 105
1673777740 189
1673777740 109
1673777740 110
1673777740 183
1673777740 116
1673777741 178
1673777741 153
1673777741 199
1673777742 135
1673777742 167
1673777742 162
1673777743 187
1673777743 151
1673777743 142
1673777744 168
1673777744 153
1673777744 110
1673777744 126
1673777744 164
1673777745 125
1673777745 156
1673777745 103
1673777745 184
1673777745 130
1673777746 164
1673777746 199
1673777746 123
1673777747 123
1673777747 102
1673777747 142
1673777748 183
1673777749 137
1673777749 142
1673777749 117
1673777749 173
1673777750 123
1673777750 107
1673777750 139
1673777750 169
1673777750 186
1673777750 178
1673777751 169
1673777751 172
1673777751 177
1673777751 178
1673777751 120
1673777752 184
1673777753 191
1673777753 177
1673777753 105
1673777753 160
1673777753 164
1673777754 142
1673777754 187
1673777754 196
1673777755 181
1673777755 191
1673777757 196
1673777757 200
1673777758 117
1673777758 194
1673777758 108
1673777758 133
1673777759 141
1673777759 171
1673777759 105
1673777760 120
1673777760 126
1673777761 194
1673777761 107
1673777761 186
1673777762 176
1673777762 157
1673777762 175
1673777762 162
1673777762 131
1673777765 185
1673777775 175
1673777775 182
1673777775 137
1673777777 130
1673777777 186
1673777778 144
1673777779 195
1673777781 127
1673777781 151
1673777783 171
1673777784 150
1673777785 114
1673777786 195
1673777786 139
1673777786 198
1673777786 181
1673777786 115
1673777787 105
1673777788 114
1673777791 188
1673777795 195
1673777799 115
1673777802 145
1673777804 152
1673777805 188
1673777806 179
1673777806 173
1673777807 113
1673777807 110
1673777807 138
1673777808 184
1673777810 160
1673777810 198
1673777810 143
1673777810 155
1673777811 181
1673777811 103
1673777811 173
1673777815 183
1673777815 163
1673777816 126
1673777816 180
1673777816 103
1673777818 105
1673777819 110
1673777820 161
1673777820 123
1673777823 168
1673777823 101
1673777834 138
1673777836 164
1673777836 153
1673777846 185
1673777846 128
1673777846 103
1673777846 185
1673777848 119
1673777850 186
1673777850 190
1673777853 190
1673777857 180
1673777859 140
1673777860 192
1673777860 159
1673777860 117
1673777861 103
1673777861 110
1673777861 196
1673777867 182
1673777867 105
1673777868 116
1673777868 152
1673777868 166
1673777869 151
1673777870 179
1673777871 109
1673777871 113
1673777873 197
1673777875 142
1673777901 191
1673777902 148
1673777902 193
1673777908 136
1673777908 186
1673777908 171
1673777908 138
1673777908 175
1673777908 143
1673777909 122
1673777910 153
1673777910 110
1673777912 148
1673777914 130
1673777914 176
1673777915 180
1673777916 102
1673777916 136
1673777916 178
1673777916 108
1673777920 173
1673777923 153
1673777924 200
1673777925 119
1673777925 116
1673777927 143
1673777927 123
1673777930 119
1673777930 175
1673777932 114
1673777932 183
1673777932 136
1673777934 169
1673777935 170
1673777935 110
1673777935 179
1673777936 120
1673777936 126
1673777937 129
1673777937 161
1673777937 164
1673777937 166
1673777938 152
1673777938 140
1673777939 153
1673777939 182
1673777939 108
1673777940 158
1673777940 180
1673777940 141
1673777940 182
1673777941 110
1673777943 188
1673777943 187
1673777944 164
1673777946 190
1673777946 117
1673777948 137
1673777948 128
1673777948 129
1673777948 141
1673777953 115
1673777953 137
1673777954 146
1673777957 176
1673777959 170
1673777959 122
1673777960 139
1673777960 144
1673777960 154
1673777960 177
1673777960 130
1673777960 123
1673777961 121
1673777961 167
1673777961 131
1673777963 119
1673777963 139
1673777965 101
1673777965 153
1673777967 120
1673777967 174
1673777967 128
1673777969 132
1673777970 147
1673777971 107
1673777971 187
1673777971 189
1673777972 129
1673777972 197
1673777974 164
1673777980 107
1673777980 164
1673777982 131
1673777984 131
1673777984 179
1673777985 180
1673777985 152
1673777986 112
1673777987 194
1673777987 129
1673777987 112
1673777988 144
1673777991 168
1673777997 155
1673777998 149
1673777998 111
1673778000 117
1673778005 176
1673778005 177
1673778005 145
1673778007 113
1673778007 187
1673778008 177
1673778010 120
1673778010 195
1673778011 125
1673778012 150
1673778012 190
1673778012 155
1673778012 106
1673778012 173
1673778013 146
1673778017 107
1673778017 104
1673778017 131
1673778017 159
1673778024 103
1673778026 122
1673778026 159
1673778026 119
1673778027 157
1673778027 196
1673778030 102
1673778030 188
1673778030 181
1673778034 124
1673778034 150
1673778034 162
1673778034 176
1673778037 130
1673778037 159
1673778038 167
1673778038 171
1673778038 179
1673778038 125
1673778043 164
1673778044 106
1673778048 175
1673778049 181
1673778049 192
1673778049 165
1673778049 109
1673778056 188
1673778057 107
1673778057 115
1673778065 188
1673778065 145
1673778067 115
1673778067 162
1673778068 145
1673778069 113
1673778070 171
1673778072 163
1673778072 170
1673778076 186
1673778078 138
1673778083 176
1673778083 172
1673778083 129
1673778084 132
1673778086 150
1673778086 138
1673778087 101
1673778094 122
1673778095 114
1673778100 103
1673778105 191
1673778107 124
1673778107 119
1673778120 168
1673778122 115
1673778123 103
1673778123 120
1673778123 103
1673778124 200
1673778127 143
1673778130 162
1673778133 105
1673778136 140
1673778138 153
1673778139 173
1673778140 109
1673778140 182
1673778141 186
1673778143 131
1673778143 146
1673778147 190
1673778147 127
1673778147 176
1673778154 178
1673778157 165
1673778157 171
1673778159 178
1673778159 196
1673778160 190
1673778160 110
1673778161 148
1673778161 144
1673778161 195
1673778164 164
1673778164 133
1673778164 111
1673778164 197
1673778165 168
1673778165 189
1673778165 129
1673778165 122
1673778167 105
1673778170 175
1673778170 162
1673778171 169
1673778172 114
1673778176 145
1673778179 195
1673778181 197
1673778182 158
1673778182 101
1673778182 133
1673778188 176
1673778188 105
1673778188 111
1673778188 108
1673778188 171
1673778190 124
1673778190 159
1673778190 141
1673778190 191
1673778190 171
1673778191 111
1673778197 175
1673778197 116
1673778199 147
1673778199 126
1673778201 156
1673778203 191
1673778203 192
1673778203 153
1673778203 107
1673778205 123
1673778205 102
1673778207 158
1673778207 171
1673778208 194
1673778208 113
1673778208 150
1673778208 119
1673778209 156
1673778209 198
1673778211 128
1673778211 124
1673778211 145
1673778211 175
1673778212 157
1673778212 183
1673778212 148
1673778214 174
1673778215 198
1673778216 176
1673778216 197
1673778216 144
1673778217 113
1673778217 199
1673778218 150
1673778220 118
1673778222 133
1673778223 137
1673778224 192
1673778224 122
1673778224 120
1673778225 101
1673778226 190
1673778226 190
1673778227 123
1673778227 116
1673778227 138
1673778228 101
1673778233 118
1673778233 189
1673778233 176
1673778233 187
1673778234 196
1673778234 176
1673778235 156
1673778235 144
1673778235 132
1673778235 196
1673778236 195
1673778236 161
1673778236 119
1673778236 168
1673778237 121
1673778237 143
1673778237 148
1673778238 182
1673778238 142
1673778239 177
1673778239 137
1673778239 170
1673778239 180
1673778240 120
1673778240 180
1673778241 102
1673778241 164
1673778241 131
1673778242 182
1673778242 110
1673778242 106
1673778242 177
1673778242 181
1673778242 188
1673778243 143
1673778244 141
1673778244 119
1673778244 101
1673778244 128
1673778245 177
1673778245 134
1673778246 112
1673778246 107
1673778246 179
1673778246 115
1673778246 150
1673778246 115
1673778246 160
1673778246 106
1673778247 180
1673778247 136
1673778247 137
1673778247 137
1673778249 137
1673778250 101
1673778250 135
1673778250 180
1673778251 168
1673778251 107
1673778251 152
1673778251 160
1673778251 131
1673778251 119
1673778252 128
1673778252 102
1673778254 139
1673778255 125
1673778255 122
1673778256 195
1673778257 121
1673778258 134
1673778258 134
1673778259 147
1673778259 162
1673778259 139
1673778260 113
1673778260 141
1673778260 167
1673778260 174
1673778260 139
1673778261 198
1673778261 187
1673778262 117
1673778262 145
1673778263 193
1673778263 125
1673778263 103
1673778264 144
1673778264 178
1673778265 158
1673778265 138
1673778266 147
1673778266 109
1673778266 136
1673778266 118
1673778266 104
1673778266 182
1673778267 177
1673778267 163
1673778267 156
1673778267 155
1673778268 183
1673778268 171
1673778269 189
1673778269 161
1673778270 189
1673778270 194
1673778270 141
1673778270 147
1673778271 173
1673778271 184
1673778272 161
1673778272 105
1673778272 129
1673778272 174
1673778274 152
1673778275 145
1673778276 169
1673778276 144
1673778276 173
1673778276 114
1673778276 197
1673778276 176
1673778277 129
1673778277 105
1673778277 181
1673778277 197
1673778278 192
1673778279 151
1673778279 192
1673778279 158
1673778281 114
1673778281 134
1673778282 125
1673778282 187
1673778282 111
1673778283 196
1673778283 102
1673778283 102
1673778284 135
1673778285 125
1673778285 148
1673778285 107
1673778285 139
1673778286 176
1673778286 192
1673778287 104
1673778287 175
1673778287 177
1673778287 105
1673778288 106
1673778288 142
1673778289 174
1673778289 146
1673778290 123
1673778290 110
1673778290 125
1673778290 120
1673778291 132
1673778292 136
1673778292 187
1673778293 144
1673778293 118
1673778294 139
1673778294 112
1673778295 136
1673778296 110
1673778296 135
1673778297 194
1673778298 199
1673778299 140
1673778299 118
1673778299 171
1673778300 145
1673778300 151
1673778300 121
1673778300 180
1673778301 197
1673778302 114
1673778302 169
1673778302 193
1673778302 156
1673778303 120
1673778303 189
1673778303 125
1673778303 138
1673778303 130
1673778304 161
1673778304 117
1673778304 189
1673778304 131
1673778305 176
1673778305 118
1673778306 156
1673778306 153
1673778307 170
1673778307 114
1673778307 189
1673778308 156
1673778309 188
1673778310 107
1673778310 164
1673778310 168
1673778310 129
1673778311 168
1673778311 115
1673778312 112
1673778312 110
1673778312 131
1673778313 185
1673778313 175
1673778313 166
1673778313 124
1673778313 161
1673778314 130
1673778314 160
1673778314 120
1673778315 170
1673778315 118
1673778316 173
1673778316 126
1673778316 188
1673778318 123
1673778318 166
1673778318 101
1673778318 192
1673778319 169
1673778319 124
1673778320 196
1673778320 142
1673778321 196
1673778321 108
1673778321 142
1673778321 178
1673778321 189
1673778322 162
1673778323 142
1673778323 112
1673778323 120
1673778324 127
1673778325 114
1673778325 197
1673778326 164
1673778327 180
1673778327 118
1673778328 192
1673778328 158
1673778328 173
1673778328 104
1673778329 131
1673778329 175
1673778330 117
1673778330 164
1673778330 137
1673778330 161
1673778331 122
1673778331 121
1673778332 169
1673778332 121
1673778332 146
1673778333 162
1673778333 119
1673778333 128
1673778334 149
1673778334 118
1673778334 165
1673778334 126
1673778335 182
1673778335 150
1673778336 187
1673778337 105
1673778338 156
1673778338 139
1673778338 134
1673778339 134
1673778339 189
1673778339 125
1673778340 124
1673778340 133
1673778341 186
1673778341 112
1673778342 199
1673778342 126
1673778343 186
1673778344 176
1673778344 129
1673778344 162
1673778344 121
1673778344 111
1673778345 188
1673778345 189
1673778345 139
1673778345 183
1673778346 165
1673778346 118
1673778346 145
1673778347 189
1673778347 182
1673778348 135
1673778348 176
1673778348 158
1673778348 186
1673778349 180
1673778349 138
1673778349 186
1673778349 117
1673778350 199
1673778350 166
1673778351 113
1673778351 126
1673778351 121
1673778351 109
1673778351 177
1673778352 141
1673778352 118
1673778353 136
1673778353 138
1673778353 104
1673778354 178
1673778354 138
1673778354 131
1673778355 115
1673778355 161
1673778356 190
1673778356 115
1673778356 199
1673778357 137
1673778358 169
1673778358 172
1673778358 117
1673778358 136
1673778358 197
1673778359 139
1673778359 160
1673778359 148
1673778359 161
1673778360 156
1673778361 183
1673778361 167
1673778361 142
1673778361 179
1673778362 163
1673778362 146
1673778362 177
1673778362 162
1673778362 153
1673778363 159
1673778363 109
1673778363 112
1673778364 166
1673778364 118
1673778364 131
1673778365 176
1673778365 135
1673778365 115
1673778366 162
1673778366 123
1673778367 159
1673778367 154
1673778367 124
1673778367 102
1673778367 140
1673778368 141
1673778368 162
1673778368 186
1673778368 197
1673778370 102
1673778370 110
1673778371 152
1673778371 114
1673778372 121
1673778372 122
1673778372 175
1673778372 118
1673778373 169
1673778373 169
1673778373 180
1673778373 170
1673778373 143
1673778374 178
1673778374 126
1673778374 103
1673778374 136
1673778374 147
1673778374 125
1673778375 105
1673778375 162
1673778375 138
1673778375 138
1673778376 185
1673778376 133
1673778377 143
1673778377 103
1673778379 115
1673778379 142
1673778379 142
1673778379 157
1673778379 114
1673778380 197
1673778380 105
1673778382 109
1673778382 123
1673778382 151
1673778382 132
1673778382 139
1673778382 152
1673778383 192
1673778384 199
1673778384 165
1673778384 179
1673778385 139
1673778385 198
1673778385 182
1673778386 128
1673778386 142
1673778386 106
1673778386 142
1673778387 118
1673778387 114
1673778388 196
1673778388 198
1673778389 121
1673778389 159
1673778390 182
1673778390 185
1673778391 136
1673778391 180
1673778391 143
1673778392 180
1673778392 191
1673778392 105
1673778393 146
1673778394 138
1673778394 121
1673778395 112
1673778395 147
1673778395 110
1673778395 119
1673778396 112
1673778396 136
1673778398 118
1673778398 129
1673778398 133
1673778399 156
1673778399 103
1673778399 157
1673778400 173
1673778401 183
1673778401 116
1673778403 169
1673778403 182
1673778403 177
1673778403 180
1673778404 124
1673778404 183
1673778404 159
1673778405 165
1673778405 182
1673778406 142
1673778406 113
1673778407 149
1673778409 177
1673778409 128
1673778409 195
1673778411 137
1673778411 155
1673778411 111
1673778412 107
1673778412 176
1673778412 108
1673778413 134
1673778413 104
1673778414 102
1673778414 155
1673778414 131
1673778414 196
1673778414 140
1673778415 173
1673778416 119
1673778416 133
1673778416 101
1673778416 174
1673778416 109
1673778417 159
1673778417 143
1673778417 185
1673778418 170
1673778419 119
1673778420 190
1673778420 112
1673778420 132
1673778421 154
1673778421 196
1673778421 171
1673778422 125
1673778422 128
1673778423 161
1673778423 179
1673778424 183
1673778424 148
1673778426 171
1673778426 113
1673778427 126
1673778427 155
1673778428 106
1673778429 110
1673778429 175
1673778429 104
1673778429 194
1673778429 118
1673778430 124
1673778430 190
1673778430 200
1673778430 162
1673778430 125
1673778430 165
1673778431 151
1673778433 101
1673778433 153
1673778433 101
1673778434 177
1673778434 193
1673778434 163
1673778435 166
1673778435 103
1673778436 166
1673778437 133
1673778437 179
1673778437 143
1673778437 142
1673778437 158
1673778437 158
1673778437 115
1673778438 117
1673778438 168
1673778439 130
1673778439 185
1673778439 135
1673778440 128
1673778441 133
1673778441 132
1673778442 161
1673778442 164
1673778442 123
1673778443 133
1673778443 182
1673778443 179
1673778443 155
1673778443 194
1673778443 174
1673778444 104
1673778445 137
1673778445 143
1673778445 137
1673778445 107
1673778445 187
1673778445 138
1673778446 141
1673778447 192
1673778447 139
1673778447 183
1673778448 182
1673778449 175
1673778449 178
1673778449 165
1673778449 107
1673778450 155
1673778450 101
1673778452 153
1673778452 198
1673778452 125
1673778452 110
1673778452 158
1673778453 138
1673778453 152
1673778453 122
1673778453 137
1673778454 136
1673778454 175
1673778454 176
1673778454 159
1673778454 168
1673778454 153
1673778454 122
1673778455 179
1673778455 180
1673778455 192
1673778455 108
1673778456 125
1673778456 105
1673778457 135
1673778457 175
1673778457 116
1673778458 146
1673778458 132
1673778459 107
1673778460 105
1673778460 180
1673778461 140
1673778461 113
1673778461 153
1673778462 127
1673778462 177
1673778462 149
1673778463 188
1673778463 150
1673778463 195
1673778464 110
1673778464 158
1673778464 121
1673778465 188
1673778466 140
1673778466 171
1673778466 156
1673778466 120
1673778466 188
1673778466 132
1673778467 108
1673778467 200
1673778467 114
1673778467 184
1673778467 191
1673778467 166
1673778468 127
1673778468 179
1673778468 163
1673778468 133
1673778468 173
1673778468 165
1673778469 116
1673778469 190
1673778469 105
1673778469 124
1673778470 103
1673778470 110
1673778470 161
1673778470 161
1673778470 195
1673778470 172
1673778470 176
1673778471 119
1673778471 116
1673778471 139
1673778471 139
1673778471 198
1673778473 167
1673778473 112
1673778474 187
1673778474 113
1673778474 132
1673778474 160
1673778475 172
1673778475 126
1673778475 198
1673778476 138
1673778476 109
1673778476 120
1673778476 194
1673778477 123
1673778477 174
1673778478 111
1673778478 184
1673778478 166
1673778478 117
1673778478 161
1673778478 133
1673778478 137
1673778478 169
1673778478 174
1673778479 108
1673778479 165
1673778480 138
1673778481 153
1673778481 197
1673778481 110
1673778481 135
1673778481 179
1673778481 155
1673778482 179
1673778483 199
1673778484 139
1673778484 185
1673778488 166
1673778488 196
1673778488 178
1673778488 167
1673778488 127
1673778488 185
1673778488 103
1673778489 191
1673778489 142
1673778490 159
1673778490 126
1673778490 142
1673778490 132
1673778490 160
1673778491 200
1673778492 113
1673778493 102
1673778493 175
1673778493 110
1673778494 157
1673778494 141
1673778494 156
1673778494 161
1673778495 116
1673778495 141
1673778496 169
1673778496 143
1673778496 186
1673778497 125
1673778497 116
1673778498 140
1673778499 104
1673778499 170
1673778500 141
1673778500 143
1673778500 123
1673778502 154
1673778502 135
1673778503 184
1673778503 191
1673778504 154
1673778504 115
1673778504 192
1673778504 185
1673778504 174
1673778505 120
1673778505 149
1673778505 127
1673778506 122
1673778506 132
1673778506 169
1673778506 132
1673778506 143
1673778506 148
1673778507 105
1673778507 101
1673778508 136
1673778508 104
1673778508 146
1673778508 127
1673778509 121
1673778509 135
1673778510 142
1673778510 180
1673778510 173
1673778510 193
1673778511 200
1673778511 140
1673778511 112
1673778512 124
1673778512 166
1673778512 192
1673778513 171
1673778513 134
1673778513 196
1673778514 196
1673778516 180
1673778516 136
1673778516 123
1673778516 170
1673778516 199
1673778516 190
1673778517 132
1673778517 166
1673778517 158
1673778517 168
1673778517 169
1673778518 174
1673778518 153
1673778519 169
1673778519 179
1673778519 147
1673778519 128
1673778520 123
1673778520 120
1673778520 127
1673778520 153
1673778520 191
1673778521 121
1673778521 124
1673778521 130
1673778521 113
1673778521 126
1673778522 155
1673778522 175
1673778522 192
1673778523 158
1673778523 138
1673778524 182
1673778524 159
1673778524 184
1673778524 158
1673778524 187
1673778524 173
1673778525 103
1673778525 158
1673778525 147
1673778525 167
1673778526 182
1673778526 156
1673778526 198
1673778527 106
1673778527 115
1673778527 150
1673778528 124
1673778528 121
1673778528 200
1673778529 192
1673778529 118
1673778529 143
1673778529 104
1673778529 158
1673778530 174
1673778530 154
1673778531 180
1673778531 141
1673778531 142
1673778531 109
1673778532 165
1673778532 118
1673778533 122
1673778533 136
1673778533 189
1673778533 160
1673778533 136
1673778533 184
1673778534 126
1673778534 120
1673778534 123
1673778535 149
1673778536 107
1673778537 131
1673778537 106
1673778537 159
1673778538 129
1673778539 171
1673778539 166
1673778539 149
1673778539 164
1673778539 194
1673778540 179
1673778541 167
1673778541 179
1673778543 132
1673778543 149
1673778543 159
1673778543 195
1673778543 199
1673778543 176
1673778543 179
1673778543 141
1673778544 128
1673778544 171
1673778544 189
1673778544 107
1673778544 187
1673778544 198
1673778545 131
1673778546 158
1673778546 161
1673778546 163
1673778546 146
1673778547 196
1673778547 144
1673778547 110
1673778547 167
1673778548 155
1673778548 197
1673778548 125
1673778549 120
1673778549 190
1673778550 154
1673778550 165
1673778550 161
1673778551 146
1673778552 120
1673778552 122
1673778552 180
1673778553 171
1673778553 173
1673778553 181
1673778553 113
1673778553 187
1673778553 179
1673778553 198
1673778553 200
1673778554 114
1673778554 172
1673778555 146
1673778555 133
1673778556 182
1673778556 118
1673778556 152
1673778556 128
1673778557 122
1673778557 157
1673778558 159
1673778559 186
1673778559 139
1673778559 183
1673778559 168
1673778560 197
1673778560 109
1673778560 120
1673778560 147
1673778560 131
1673778561 119
1673778562 111
1673778562 162
1673778562 185
1673778562 107
1673778562 200
1673778562 176
1673778563 118
1673778563 149
1673778563 155
1673778563 171
1673778563 183
1673778563 167
1673778564 151
1673778564 164
1673778564 130
1673778564 154
1673778564 159
1673778565 181
1673778565 145
1673778566 147
1673778566 130
1673778566 103
1673778566 156
1673778566 139
1673778567 141
1673778567 184
1673778568 110
1673778568 122
1673778568 127
1673778568 184
1673778568 162
1673778568 180
1673778568 168
1673778569 106
1673778569 164
1673778569 190
1673778569 163
1673778570 130
1673778570 146
1673778570 142
1673778570 146
1673778571 133
1673778571 154
1673778571 190
1673778572 165
1673778572 145
1673778573 115
1673778573 185
1673778574 154
1673778574 189
1673778575 148
1673778576 146
1673778576 126
1673778576 108
1673778576 135
1673778576 142
1673778576 105
1673778577 107
1673778577 193
1673778577 137
1673778578 180
1673778578 166
1673778579 127
1673778579 186
1673778580 185
1673778581 176
1673778581 116
1673778581 140
1673778581 161
1673778581 181
1673778582 173
1673778582 134
1673778582 111
1673778583 178
1673778583 115
1673778583 113
1673778583 169
1673778584 143
1673778584 115
1673778584 116
1673778584 105
1673778584 125
1673778585 196
1673778585 133
1673778585 147
1673778586 102
1673778587 167
1673778587 151
1673778587 111
1673778587 108
1673778587 112
1673778587 191
1673778588 194
1673778588 176
1673778588 156
1673778589 109
1673778589 113
1673778590 118
1673778590 196
1673778590 119
1673778591 144
1673778591 160
1673778591 180
1673778592 200
1673778592 194
1673778592 187
1673778592 147
1673778592 170
1673778592 195
1673778593 180
1673778593 164
1673778594 120
1673778594 121
1673778595 109
1673778596 168
1673778596 130
1673778597 169
1673778597 120
1673778597 144
1673778597 137
1673778597 129
1673778598 163
1673778598 192
1673778598 113
1673778598 190
1673778599 167
1673778599 123
1673778599 174
1673778599 116
1673778599 180
1673778600 108
1673778600 185
1673778601 124
1673778602 101
1673778602 103
1673778602 168
1673778602 167
1673778603 139
1673778603 138
1673778603 198
1673778603 125
1673778603 175
1673778603 112
1673778603 133
1673778604 136
1673778604 173
1673778604 161
1673778604 181
1673778604 128
1673778606 129
1673778607 129
1673778607 192
1673778608 195
1673778608 115
1673778608 131
1673778608 121
1673778608 171
1673778608 157
1673778608 109
1673778608 107
1673778609 176
1673778610 117
1673778610 191
1673778610 180
1673778610 174
1673778611 165
1673778611 152
1673778611 164
1673778612 160
1673778612 147
1673778612 196
1673778612 153
1673778613 117
1673778617 170
1673778617 194
1673778618 169
1673778619 106
1673778619 197
1673778619 197
1673778619 179
1673778620 176
1673778620 142
1673778620 176
1673778620 140
1673778620 101
1673778620 105
1673778621 119
1673778621 116
1673778621 119
1673778621 160
1673778622 194
1673778623 130
1673778623 119
1673778624 189
1673778624 195
1673778624 183
1673778624 161
1673778624 114
1673778624 115
1673778624 165
1673778624 186
1673778625 154
1673778625 106
1673778627 148
1673778627 124
1673778627 155
1673778627 138
1673778628 104
1673778628 155
1673778629 161
1673778629 148
1673778629 165
1673778629 171
1673778630 127
1673778630 126
1673778630 155
1673778630 158
1673778630 107
1673778630 122
1673778630 187
1673778631 194
1673778631 130
1673778632 161
1673778632 160
1673778633 120
1673778633 113
1673778633 192
1673778633 112
1673778633 157
1673778633 180
1673778633 157
1673778634 165
1673778634 112
1673778634 137
1673778634 190
1673778635 104
1673778635 184
1673778635 128
1673778636 145
1673778636 163
1673778636 121
1673778636 109
1673778636 196
1673778637 195
1673778637 133
1673778637 121
1673778637 168
1673778637 168
1673778638 166
1673778638 189
1673778638 162
1673778638 195
1673778639 125
1673778639 191
1673778639 129
1673778640 139
1673778640 162
1673778640 128
1673778640 122
1673778640 105
1673778640 180
1673778640 157
1673778641 162
1673778642 154
1673778642 127
1673778642 102
1673778643 172
1673778643 150
1673778644 184
1673778644 161
1673778644 175
1673778644 178
1673778645 123
1673778645 146
1673778645 128
1673778645 178
1673778646 142
1673778646 118
1673778646 143
1673778646 122
1673778646 103
1673778647 153
1673778648 127
1673778648 189
1673778648 152
1673778649 108
1673778649 103
1673778649 142
1673778650 151
1673778650 150
1673778651 159
1673778651 200
1673778651 183
1673778652 109
1673778652 191
1673778653 196
1673778653 166
1673778653 117
1673778653 126
1673778654 173
1673778654 135
1673778654 154
1673778654 190
1673778654 150
1673778655 133
1673778656 189
1673778656 135
1673778658 195
1673778658 168
1673778658 134
1673778659 167
1673778659 148
1673778659 139
1673778659 180
1673778659 123
1673778660 160
1673778661 135
1673778661 194
1673778662 127
1673778662 123
1673778663 101
1673778664 180
1673778664 184
1673778664 102
1673778664 183
1673778664 186
1673778665 168
1673778666 120
1673778666 133
1673778667 149
1673778667 123
1673778667 131
1673778668 108
1673778668 196
1673778668 197
1673778668 124
1673778670 187
1673778670 132
1673778670 148
1673778671 177
1673778671 115
1673778671 131
1673778671 168
1673778672 179
1673778672 186
1673778672 127
1673778674 142
1673778674 167
1673778674 152
1673778675 145
1673778675 164
1673778675 141
1673778676 184
1673778676 142
1673778676 103
1673778677 193
1673778678 146
1673778679 178
1673778679 139
1673778679 153
1673778680 116
1673778680 184
1673778681 128
1673778681 115
1673778681 116
1673778682 150
1673778682 106
1673778682 125
1673778683 188
1673778683 121
1673778683 182
1673778684 154
1673778684 182
1673778685 124
1673778685 175
1673778685 179
1673778685 200
1673778687 200
1673778687 166
1673778687 152
1673778687 105
1673778687 175
1673778687 188
1673778688 200
1673778689 173
1673778689 182
1673778691 112
1673778691 141
1673778691 128
1673778691 107
1673778692 154
1673778692 160
1673778692 144
1673778692 141
1673778692 104
1673778692 177
1673778693 105
1673778693 171
1673778693 188
1673778693 104
1673778694 180
1673778694 198
1673778694 107
1673778695 136
1673778696 138
1673778696 156
1673778696 106
1673778696 127
1673778696 131
1673778696 115
1673778697 185
1673778697 104
1673778698 157
1673778698 185
1673778698 173
1673778699 108
1673778699 151
1673778700 156
1673778701 125
1673778701 137
1673778701 113
1673778702 159
1673778702 115
1673778703 139
1673778703 130
1673778703 196
1673778704 101
1673778704 197
1673778704 151
1673778704 156
1673778705 121
1673778705 194
1673778705 160
1673778705 116
1673778705 113
1673778705 103
1673778705 105
1673778706 171
1673778706 163
1673778706 141
1673778707 129
1673778707 136
1673778707 181
1673778707 182
1673778708 150
1673778708 141
1673778708 108
1673778708 133
1673778709 108
1673778709 127
1673778710 181
1673778710 124
1673778710 194
1673778710 188
1673778710 186
1673778710 170
1673778711 114
1673778711 113
1673778711 123
1673778712 158
1673778714 143
1673778715 200
1673778715 152
1673778715 111
1673778716 184
1673778716 195
1673778717 139
1673778717 131
1673778717 103
1673778718 116
1673778718 185
1673778718 170
1673778719 135
1673778719 168
1673778721 186
1673778722 185
1673778722 194
1673778722 140
1673778722 179
1673778722 125
1673778722 169
1673778722 132
1673778724 186
1673778724 103
1673778724 121
1673778725 176
1673778726 154
1673778726 192
1673778726 124
1673778726 168
1673778726 120
1673778727 190
1673778727 197
1673778727 188
1673778728 199
1673778728 194
1673778728 134
1673778728 103
1673778728 141
1673778729 179
1673778729 121
1673778730 193
1673778730 167
1673778730 134
1673778730 101
1673778731 179
1673778732 113
1673778732 108
1673778733 126
1673778734 157
1673778734 171
1673778735 125
1673778735 146
1673778735 139
1673778736 123
1673778736 141
1673778737 154
1673778737 182
1673778737 126
1673778737 145
1673778737 183
1673778739 142
1673778739 178
1673778740 131
1673778741 155
1673778741 163
1673778742 130
1673778742 168
1673778743 169
1673778743 137
1673778743 164
1673778743 189
1673778743 192
1673778744 180
1673778744 166
1673778744 198
1673778745 191
1673778746 112
1673778746 192
1673778746 119
1673778746 125
1673778746 200
1673778747 199
1673778747 192
1673778747 165
1673778748 178
1673778748 112
1673778749 168
1673778749 170
1673778749 162
1673778749 136
1673778749 193
1673778749 195
1673778750 192
1673778750 174
1673778750 171
1673778750 102
1673778750 156
1673778751 163
1673778751 125
1673778751 132
1673778753 164
1673778753 180
1673778753 137
1673778754 200
1673778754 176
1673778755 192
1673778756 177
1673778756 162
1673778757 198
1673778757 126
1673778757 127
1673778758 132
1673778758 125
1673778758 200
1673778758 145
1673778758 143
1673778759 122
1673778759 116
1673778759 198
1673778759 109
1673778759 182
1673778759 130
1673778760 120
1673778760 138
1673778760 144
1673778761 117
1673778761 174
1673778762 147
1673778762 199
1673778762 151
1673778763 196
1673778763 110
1673778763 139
1673778764 145
1673778764 151
1673778765 199
1673778765 128
1673778765 170
1673778766 183
1673778767 101
1673778767 195
1673778767 105
1673778767 133
1673778767 190
1673778767 167
1673778767 105
1673778767 136
1673778768 186
1673778768 147
1673778769 104
1673778769 105
1673778769 185
1673778770 107
1673778770 159
1673778770 123
1673778771 183
1673778771 118
1673778771 128
1673778772 139
1673778772 182
1673778772 195
1673778772 141
1673778772 111
1673778772 191
1673778773 151
1673778773 199
1673778774 167
1673778776 166
1673778776 158
1673778776 164
1673778776 103
1673778776 168
1673778777 185
1673778777 139
1673778777 145
1673778778 117
1673778778 199
1673778778 131
1673778780 143
1673778780 157
1673778780 140
1673778780 182
1673778780 164
1673778780 167
1673778781 178
1673778781 115
1673778781 199
1673778781 173
1673778782 185
1673778782 186
1673778782 139
1673778782 178
1673778782 172
1673778782 157
1673778782 175
1673778783 145
1673778783 190
1673778784 135
1673778784 130
1673778784 103
1673778785 167
1673778785 133
1673778785 167
1673778785 118
1673778786 166
1673778786 186
1673778786 193
1673778786 102
1673778787 145
1673778787 119
1673778788 153
1673778788 198
1673778789 124
1673778789 104
1673778789 144
1673778789 117
1673778789 156
1673778790 107
1673778791 156
1673778791 109
1673778792 196
1673778792 177
1673778792 134
1673778792 144
1673778793 113
1673778793 128
1673778793 146
1673778793 138
1673778793 153
1673778793 165
1673778794 167
1673778795 147
1673778795 170
1673778795 182
1673778795 133
1673778795 190
1673778796 198
1673778796 101
1673778797 161
1673778798 161
1673778798 198
1673778799 127
1673778799 181
1673778800 141
1673778801 157
1673778802 200
1673778802 147
1673778802 112
1673778802 137
1673778802 181
1673778803 199
1673778803 106
1673778803 120
1673778803 169
1673778803 123
1673778804 116
1673778804 129
1673778804 111
1673778805 123
1673778805 105
1673778806 186
1673778806 137
1673778806 163
1673778806 172
1673778807 152
1673778807 113
1673778807 168
1673778808 178
1673778808 169
1673778808 195
1673778809 174
1673778809 182
1673778810 161
1673778810 154
1673778811 133
1673778812 162
1673778812 108
1673778813 187
1673778813 132
1673778813 198
1673778813 116
1673778813 142
1673778813 175
1673778814 156
1673778814 182
1673778815 156
1673778816 161
1673778817 133
1673778817 196
1673778817 141
1673778817 116
1673778817 176
1673778817 156
1673778818 193
1673778818 174
1673778818 165
1673778819 195
1673778820 198
1673778820 129
1673778820 165
1673778820 157
1673778820 155
1673778820 125
1673778821 170
1673778821 186
1673778822 146
1673778822 108
1673778822 194
1673778822 120
1673778823 130
1673778823 184
1673778823 150
1673778823 143
1673778823 183
1673778823 153
1673778824 137
1673778824 133
1673778825 172
1673778825 189
1673778826 119
1673778826 153
1673778826 183
1673778827 182
1673778828 174
1673778829 174
1673778829 114
1673778829 120
1673778830 142
1673778830 125
1673778830 176
1673778830 152
1673778831 107
1673778831 193
1673778831 175
1673778831 127
1673778832 136
1673778832 128
1673778833 103
1673778833 200
1673778833 115
1673778834 172
1673778834 161
1673778834 156
1673778834 174
1673778835 160
1673778836 154
1673778836 183
1673778836 124
1673778836 174
1673778837 177
1673778837 151
1673778837 172
1673778838 138
1673778838 186
1673778838 123
1673778839 119
1673778839 101
1673778839 164
1673778839 142
1673778839 120
1673778840 167
1673778840 162
1673778840 148
1673778841 152
1673778842 127
1673778843 108
1673778843 104
1673778843 197
1673778844 166
1673778844 151
1673778844 135
1673778845 191
1673778845 176
1673778846 170
1673778846 107
1673778846 196
1673778846 157
1673778847 175
1673778848 176
1673778848 200
1673778848 197
1673778848 196
1673778849 123
1673778850 179
1673778850 181
1673778850 164
1673778850 182
1673778851 163
1673778851 186
1673778851 183
1673778851 151
1673778852 101
1673778852 184
1673778852 104
1673778853 116
1673778854 119
1673778854 146
1673778854 164
1673778855 115
1673778855 114
1673778855 174
1673778856 138
1673778857 174
1673778857 119
1673778858 152
1673778859 134
1673778859 170
1673778860 156
1673778860 164
1673778860 187
1673778861 131
1673778862 175
1673778862 106
1673778862 198
1673778863 179
1673778863 193
1673778864 178
1673778864 189
1673778864 116
1673778864 158
1673778864 151
1673778864 174
1673778865 150
1673778865 113
1673778865 187
1673778866 110
1673778866 188
1673778866 104
1673778867 151
1673778867 154
1673778867 171
1673778868 149
1673778868 119
1673778868 146
1673778868 196
1673778869 155
1673778869 136
1673778869 158
1673778869 114
1673778869 105
1673778869 114
1673778870 154
1673778871 126
1673778871 195
1673778871 163
1673778872 192
1673778872 116
1673778872 162
1673778873 178
1673778873 183
1673778873 143
1673778873 192
1673778874 123
1673778874 181
1673778875 130
1673778876 144
1673778876 165
1673778876 152
1673778877 196
1673778877 200
1673778877 149
1673778877 195
1673778878 181
1673778878 105
1673778879 193
1673778879 182
1673778879 198
1673778879 185
1673778880 144
1673778880 188
1673778880 176
1673778881 127
1673778881 187
1673778881 179
1673778881 168
1673778882 141
1673778882 123
1673778882 102
1673778882 191
1673778882 155
1673778883 164
1673778884 131
1673778884 153
1673778884 113
1673778885 114
1673778885 162
1673778886 171
1673778886 156
1673778886 119
1673778887 149
1673778887 138
1673778888 188
1673778888 179
1673778888 161
1673778889 183
1673778889 190
1673778890 160
1673778890 145
1673778891 187
1673778891 123
1673778891 117
1673778892 153
1673778892 146
1673778892 178
1673778892 104
1673778893 151
1673778893 103
1673778894 152
1673778894 183
1673778894 188
1673778894 142
1673778895 200
1673778895 145
1673778896 181
1673778897 127
1673778897 137
1673778898 194
1673778898 160
1673778898 121
1673778899 200
1673778899 165
1673778899 200
1673778899 190
1673778900 102
1673778900 104
1673778900 169
1673778901 168
1673778902 104
1673778902 110
1673778903 166
1673778904 160
1673778904 181
1673778905 191
1673778905 105
1673778905 144
1673778905 169
1673778906 148
1673778906 122
1673778906 121
1673778906 152
1673778906 138
1673778908 143
1673778908 134
1673778908 134
1673778908 102
1673778909 139
1673778909 169
1673778909 172
1673778909 106
1673778910 111
1673778911 141
1673778911 171
1673778911 149
1673778911 128
1673778911 151
1673778912 123
1673778912 176
1673778912 162
1673778912 121
1673778913 193
1673778913 177
1673778913 130
1673778913 108
1673778913 195
1673778913 142
1673778915 154
1673778915 138
1673778916 191
1673778917 186
1673778917 136
1673778917 187
1673778917 186
1673778917 174
1673778918 182
1673778918 183
1673778920 158
1673778920 162
1673778920 135
1673778920 154
1673778920 139
1673778923 111
1673778923 187
1673778923 165
1673778923 194
1673778924 152
1673778924 190
1673778926 155
1673778926 142
1673778927 198
1673778927 161
1673778927 193
1673778927 172
1673778927 157
1673778927 174
1673778928 107
1673778928 168
1673778929 162
1673778929 112
1673778930 156
1673778931 136
1673778931 141
1673778932 148
1673778932 169
1673778933 160
1673778934 104
1673778934 190
1673778934 155
1673778935 187
1673778935 116
1673778937 157
1673778937 197
1673778937 173
1673778938 163
1673778938 101
1673778938 181
1673778938 178
1673778938 122
1673778939 185
1673778940 139
1673778940 176
1673778940 165
1673778940 183
1673778941 158
1673778942 161
1673778942 200
1673778943 169
1673778943 111
1673778944 173
1673778944 122
1673778944 167
1673778944 161
1673778944 160
1673778946 158
1673778947 170
1673778947 174
1673778947 197
1673778947 200
1673778947 175
1673778948 109
1673778948 185
1673778948 170
1673778949 113
1673778949 133
1673778949 160
1673778949 144
1673778950 101
1673778950 103
1673778951 122
1673778951 143
1673778952 200
1673778952 197
1673778952 122
1673778953 177
1673778953 160
1673778954 120
1673778954 106
1673778954 110
1673778954 172
1673778954 136
1673778955 178
1673778955 147
1673778956 173
1673778957 156
1673778957 156
1673778957 155
1673778958 135
1673778958 134
1673778958 123
1673778958 131
1673778958 182
1673778959 193
1673778959 113
1673778960 170
1673778960 200
1673778960 168
1673778960 135
1673778961 180
1673778961 130
1673778961 127
1673778961 199
1673778961 128
1673778962 171
1673778963 180
1673778963 121
1673778963 132
1673778963 142
1673778963 152
1673778963 146
1673778964 180
1673778964 121
1673778964 167
1673778965 195
1673778965 153
1673778965 195
1673778966 171
1673778966 160
1673778966 149
1673778967 165
1673778967 161
1673778968 130
1673778970 152
1673778971 136
1673778971 181
1673778971 190
1673778972 123
1673778972 195
1673778972 138
1673778972 192
1673778973 176
1673778973 130
1673778973 198
1673778973 122
1673778974 150
1673778974 136
1673778974 108
1673778974 190
1673778975 145
1673778975 128
1673778975 182
1673778976 180
1673778976 171
1673778976 101
1673778977 199
1673778977 149
1673778977 198
1673778977 188
1673778977 185
1673778978 131
1673778978 104
1673778978 184
1673778978 171
1673778979 127
1673778980 116
1673778981 182
1673778981 139
1673778982 183
1673778982 141
1673778982 163
1673778983 177
1673778983 129
1673778984 131
1673778984 121
1673778984 155
1673778984 186
1673778984 130
1673778984 170
1673778985 175
1673778986 174
1673778986 118
1673778986 114
1673778987 144
1673778988 122
1673778989 120
1673778990 122
1673778991 140
1673778991 157
1673778991 186
1673778992 182
1673778992 101
1673778992 160
1673778992 128
1673778993 173
1673778993 111
1673778993 190
1673778994 106
1673778995 102
1673778995 122
1673778995 175
1673778996 101
1673778996 143
1673778996 144
1673778997 103
1673778997 179
1673778997 163
1673778998 112
1673778998 111
1673778998 101
1673778998 171
1673778998 197
1673778999 131
1673778999 191
1673778999 102
1673778999 103
1673779000 119
1673779000 161
1673779000 124
1673779000 112
1673779001 136
1673779001 183
1673779003 200
1673779003 190
1673779003 137
1673779004 143
1673779004 124
1673779005 174
1673779006 165
1673779006 182
1673779007 133
1673779007 130
1673779007 159
1673779007 103
1673779008 135
1673779009 158
1673779010 148
1673779010 134
1673779011 102
1673779011 111
1673779011 133
1673779011 190
1673779011 172
1673779011 199
1673779012 164
1673779012 176
1673779012 154
1673779013 154
1673779013 141
1673779013 124
1673779013 145
1673779013 103
1673779014 121
1673779014 187
1673779014 111
1673779015 110
1673779015 128
1673779016 135
1673779016 183
1673779016 191
1673779016 179
1673779016 162
1673779017 166
1673779018 159
1673779018 169
1673779018 193
1673779018 137
1673779019 179
1673779019 166
1673779020 134
1673779020 188
1673779020 200
1673779021 167
1673779021 120
1673779022 101
1673779022 172
1673779023 103
1673779023 123
1673779023 138
1673779023 110
1673779024 186
1673779024 177
1673779025 167
1673779025 196
1673779025 101
1673779025 139
1673779026 149
1673779026 181
1673779026 156
1673779026 147
1673779026 155
1673779027 148
1673779027 121
1673779028 143
1673779029 143
1673779029 119
1673779029 119
1673779029 104
1673779029 142
1673779030 172
1673779030 191
1673779030 181
1673779031 117
1673779031 155
1673779031 196
1673779031 150
1673779031 124
1673779032 157
1673779032 157
1673779032 145
1673779032 143
1673779033 191
1673779033 196
1673779034 191
1673779034 140
1673779035 164
1673779036 166
1673779036 102
1673779037 112
1673779037 176
1673779037 112
1673779038 127
1673779038 178
1673779039 144
1673779040 199
1673779040 116
1673779041 166
1673779041 146
1673779041 163
1673779041 123
1673779042 191
1673779042 163
1673779042 131
1673779042 120
1673779042 161
1673779043 164
1673779043 134
1673779043 193
1673779044 127
1673779044 199
1673779045 147
1673779045 129
1673779045 166
1673779046 134
1673779047 125
1673779048 163
1673779048 133
1673779048 169
1673779049 105
1673779049 124
1673779050 189
1673779050 106
1673779050 141
1673779050 189
1673779050 155
1673779050 168
1673779051 130
1673779051 186
1673779051 160
1673779051 118
1673779052 157
1673779052 174
1673779052 180
1673779052 163
1673779053 155
1673779054 137
1673779054 160
1673779055 158
1673779055 199
1673779055 124
1673779056 111
1673779056 136
1673779056 116
1673779057 115
1673779057 178
1673779058 145
1673779058 105
1673779058 190
1673779058 171
1673779059 200
1673779059 107
1673779059 190
1673779059 116
1673779060 130
1673779061 154
1673779062 182
1673779062 142
1673779062 197
1673779063 148
1673779063 110
1673779063 141
1673779064 163
1673779065 128
1673779065 191
1673779066 108
1673779066 192
1673779066 149
1673779068 161
1673779068 144
1673779068 124
1673779069 112
1673779069 177
1673779070 108
1673779070 191
1673779070 185
1673779071 198
1673779071 116
1673779071 131
1673779071 138
1673779071 118
1673779071 148
1673779072 175
1673779072 109
1673779072 101
1673779073 137
1673779074 156
1673779074 120
1673779074 137
1673779074 198
1673779074 137
1673779074 175
1673779074 150
1673779075 161
1673779075 109
1673779076 111
1673779076 120
1673779077 121
1673779077 184
1673779078 148
1673779079 145
1673779079 186
1673779079 183
1673779079 104
1673779080 125
1673779081 115
1673779081 109
1673779081 106
1673779081 148
1673779082 146
1673779082 142
1673779082 188
1673779084 107
1673779084 175
1673779085 154
1673779085 154
1673779085 140
1673779086 178
1673779087 126
1673779088 193
1673779088 130
1673779088 168
1673779088 102
1673779089 103
1673779089 160
1673779089 156
1673779090 161
1673779091 150
1673779091 150
1673779091 113
1673779091 115
1673779093 185
1673779093 190
1673779093 174
1673779093 168
1673779093 190
1673779094 188
1673779094 104
1673779095 142
1673779095 158
1673779095 181
1673779095 115
1673779095 113
1673779095 197
1673779096 163
1673779096 149
1673779097 190
1673779097 121
1673779097 199
1673779097 117
1673779098 114
1673779098 143
1673779098 161
1673779098 114
1673779100 118
1673779100 107
1673779101 124
1673779102 194
1673779102 132
1673779103 122
1673779104 121
1673779104 149
1673779104 169
1673779105 170
1673779105 135
1673779106 159
1673779106 172
1673779106 192
1673779107 183
1673779107 164
1673779107 180
1673779108 165
1673779108 105
1673779108 119
1673779108 140
1673779108 194
1673779108 194
1673779108 157
1673779109 134
1673779109 196
1673779110 177
1673779110 110
1673779110 149
1673779111 180
1673779111 135
1673779111 135
1673779111 170
1673779112 106
1673779112 163
1673779113 194
1673779113 185
1673779113 194
1673779113 104
1673779114 156
1673779115 135
1673779115 116
1673779115 182
1673779115 183
1673779116 200
1673779116 103
1673779116 129
1673779117 193
1673779118 101
1673779119 174
1673779120 158
1673779120 145
1673779121 170
1673779121 178
1673779121 200
1673779121 105
1673779121 177
1673779122 197
1673779122 185
1673779122 169
1673779123 135
1673779123 126
1673779123 153
1673779124 142
1673779124 108
1673779124 198
1673779124 108
1673779125 116
1673779125 112
1673779126 179
1673779126 103
1673779126 150
1673779127 128
1673779127 135
1673779127 118
1673779128 103
1673779128 135
1673779128 122
1673779128 170
1673779128 120
1673779129 141
1673779129 133
1673779130 186
1673779130 119
1673779131 188
1673779131 131
1673779131 115
1673779131 133
1673779132 107
1673779133 164
1673779133 101
1673779134 104
1673779134 166
1673779134 104
1673779135 189
1673779136 164
1673779137 141
1673779137 130
1673779138 148
1673779139 123
1673779139 157
1673779139 141
1673779140 164
1673779140 116
1673779140 106
1673779140 131
1673779140 102
1673779141 120
1673779141 115
1673779141 145
1673779141 136
1673779142 175
1673779142 198
1673779142 143
1673779143 184
1673779143 165
1673779145 181
1673779145 191
1673779146 190
1673779146 193
1673779146 120
1673779146 131
1673779146 182
1673779147 174
1673779147 142
1673779147 109
1673779147 125
1673779147 168
1673779148 167
1673779148 104
1673779149 191
1673779149 103
1673779150 159
1673779150 140
1673779151 199
1673779151 133
1673779151 135
1673779151 170
1673779152 171
1673779153 107
1673779153 105
1673779153 183
1673779153 111
1673779153 162
1673779153 165
1673779153 125
1673779154 176
1673779154 132
1673779154 160
1673779154 186
1673779154 183
1673779155 173
1673779155 169
1673779155 102
1673779156 188
1673779157 119
1673779158 182
1673779159 198
1673779159 186
1673779160 179
1673779160 122
1673779160 197
1673779161 115
1673779161 161
1673779161 157
1673779161 133
1673779161 136
1673779162 181
1673779162 141
1673779162 164
1673779163 123
1673779164 163
1673779164 190
1673779164 125
1673779164 121
1673779164 165
1673779165 136
1673779165 150
1673779166 142
1673779167 154
1673779167 158
1673779167 171
1673779167 130
1673779168 142
1673779168 139
1673779169 151
1673779170 175
1673779170 150
1673779171 156
1673779171 161
1673779171 154
1673779171 104
1673779171 142
1673779173 140
1673779173 101
1673779173 102
1673779173 104
1673779174 142
1673779174 166
1673779175 164
1673779175 192
1673779175 134
1673779175 167
1673779175 118
1673779176 194
1673779176 134
1673779176 122
1673779176 171
1673779176 111
1673779176 181
1673779177 194
1673779177 108
1673779177 151
1673779178 150
1673779178 113
1673779178 107
1673779179 173
1673779179 169
1673779180 166
1673779180 182
1673779180 113
1673779180 125
1673779181 175
1673779181 116
1673779182 124
1673779183 189
1673779183 130
1673779183 192
1673779183 144
1673779183 118
1673779183 189
1673779183 179
1673779184 189
1673779184 101
1673779184 124
1673779184 116
1673779184 176
1673779185 104
1673779186 190
1673779186 135
1673779187 132
1673779187 141
1673779187 139
1673779188 142
1673779188 166
1673779188 138
1673779188 175
1673779188 165
1673779190 114
1673779190 102
1673779191 111
1673779191 179
1673779191 178
1673779191 159
1673779192 103
1673779193 102
1673779194 154
1673779194 124
1673779195 143
1673779197 176
1673779198 105
1673779198 200
1673779198 106
1673779198 127
1673779199 178
1673779199 180
1673779200 159
1673779200 146
1673779200 101
1673779200 156
1673779200 101
1673779201 154
1673779201 135
1673779202 181
1673779203 196
1673779203 118
1673779203 130
1673779204 125
1673779204 164
1673779204 146
1673779205 162
1673779205 184
1673779206 144
1673779206 181
1673779206 179
1673779207 164
1673779207 165
1673779207 151
1673779208 188
1673779208 162
1673779208 187
1673779208 183
1673779210 181
1673779211 135
1673779211 148
1673779212 105
1673779212 157
1673779212 170
1673779213 184
1673779213 134
1673779213 170
1673779213 189
1673779214 143
1673779214 170
1673779215 145
1673779215 165
1673779215 128
1673779215 182
1673779216 160
1673779216 153
1673779217 139
1673779217 121
1673779217 119
1673779218 200
1673779218 196
1673779219 168
1673779220 154
1673779220 111
1673779220 183
1673779220 121
1673779221 165
1673779221 122
1673779222 162
1673779222 127
1673779223 142
1673779223 106
1673779223 192
1673779224 192
1673779224 105
1673779225 152
1673779225 134
1673779226 166
1673779226 101
1673779226 124
1673779226 156
1673779226 124
1673779227 163
1673779227 167
1673779227 106
1673779227 141
1673779227 195
1673779227 200
1673779228 140
1673779228 141
1673779228 124
1673779228 111
1673779229 151
1673779229 106
1673779229 193
1673779230 156
1673779230 101
1673779230 185
1673779231 163
1673779231 180
1673779232 102
1673779232 168
1673779232 145
1673779232 178
1673779232 131
1673779232 154
1673779232 135
1673779233 135
1673779233 163
1673779235 105
1673779235 148
1673779235 144
1673779236 181
1673779236 113
1673779236 114
1673779236 195
1673779236 121
1673779237 167
1673779237 160
1673779237 191
1673779237 180
1673779239 106
1673779239 126
1673779239 153
1673779239 131
1673779240 117
1673779240 194
1673779241 176
1673779242 137
1673779243 132
1673779243 136
1673779243 113
1673779244 106
1673779244 193
1673779244 190
1673779245 109
1673779246 129
1673779246 170
1673779247 118
1673779247 132
1673779248 195
1673779248 160
1673779248 172
1673779248 134
1673779249 189
1673779249 143
1673779249 145
1673779249 137
1673779249 191
1673779250 144
1673779250 169
1673779251 134
1673779251 161
1673779251 138
1673779252 196
1673779252 136
1673779252 181
1673779253 105
1673779253 185
1673779253 165
1673779254 182
1673779255 137
1673779255 157
1673779255 145
1673779255 143
1673779255 157
1673779255 194
1673779256 141
1673779257 172
1673779257 115
1673779257 112
1673779257 128
1673779257 200
1673779257 130
1673779259 168
1673779259 168
1673779259 116
1673779259 184
1673779259 194
1673779260 112
1673779261 175
1673779261 188
1673779261 144
1673779262 118
1673779262 199
1673779263 150
1673779264 131
1673779265 156
1673779265 143
1673779265 197
1673779265 106
1673779266 107
1673779266 187
1673779267 109
1673779267 179
1673779268 199
1673779268 104
1673779268 168
1673779268 183
1673779269 152
1673779269 162
1673779270 130
1673779270 160
1673779270 134
1673779270 117
1673779270 192
1673779270 105
1673779271 105
1673779271 162
1673779271 179
1673779271 137
1673779272 129
1673779272 181
1673779272 140
1673779272 199
1673779272 121
1673779273 145
1673779274 142
1673779274 101
1673779274 171
1673779276 136
1673779276 177
1673779276 137
1673779277 196
1673779277 138
1673779278 146
1673779278 191
1673779278 134
1673779279 117
1673779279 174
1673779279 102
1673779279 125
1673779279 104
1673779280 152
1673779280 156
1673779280 142
1673779281 138
1673779281 183
1673779282 143
1673779282 147
1673779283 116
1673779283 183
1673779284 140
1673779284 129
1673779284 146
1673779284 101
1673779284 167
1673779285 168
1673779285 108
1673779286 146
1673779286 152
1673779287 128
1673779287 116
1673779287 179
1673779287 117
1673779287 130
1673779288 196
1673779288 136
1673779289 103
1673779289 116
1673779290 116
