1673776802 138
1673776802 143
1673776803 112
1673776803 107
1673776803 103
1673776804 197
1673776804 184
1673776804 189
1673776806 104
1673776807 157
1673776808 103
1673776809 161
1673776810 138
1673776810 184
1673776811 171
1673776811 131
1673776813 175
1673776814 121
1673776815 180
1673776815 186
1673776816 127
1673776816 139
1673776817 128
1673776818 168
1673776820 124
1673776821 113
1673776821 179
1673776823 124
1673776823 184
1673776823 118
1673776824 158
1673776824 196
1673776828 174
1673776831 150
1673776831 160
1673776832 123
1673776833 157
1673776833 158
1673776833 142
1673776833 103
1673776835 165
1673776835 140
1673776836 130
1673776839 114
1673776842 149
1673776842 166
1673776844 135
1673776850 107
1673776850 106
1673776853 171
1673776853 106
1673776856 125
1673776857 107
1673776857 184
1673776858 175
1673776860 164
1673776861 103
1673776861 136
1673776861 142
1673776862 156
1673776863 167
1673776863 161
1673776863 157
1673776863 161
1673776863 142
1673776867 181
1673776869 156
1673776870 151
1673776871 196
1673776873 161
1673776873 145
1673776873 110
1673776873 177
1673776874 134
1673776875 182
1673776877 110
1673776877 164
1673776878 136
1673776878 178
1673776879 117
1673776879 127
1673776879 134
1673776880 154
1673776880 111
1673776881 140
1673776882 162
1673776883 195
1673776885 142
1673776885 162
1673776886 114
1673776886 164
1673776887 191
1673776888 171
1673776889 188
1673776890 141
1673776892 106
1673776893 139
1673776895 130
1673776895 189
1673776897 140
1673776897 133
1673776898 163
1673776898 105
1673776899 193
1673776899 162
1673776899 196
1673776899 173
1673776900 144
1673776901 106
1673776901 105
1673776902 105
1673776903 155
1673776904 163
1673776904 117
1673776906 167
1673776906 196
1673776907 198
1673776907 134
1673776907 163
1673776915 197
1673776920 192
1673776920 156
1673776921 172
1673776922 148
1673776922 106
1673776923 134
1673776923 177
1673776923 102
1673776924 166
1673776924 167
1673776925 121
1673776925 152
1673776926 133
1673776926 114
1673776926 138
1673776927 126
1673776927 133
1673776927 178
1673776928 137
1673776928 190
1673776928 120
1673776929 119
1673776929 157
1673776929 193
1673776930 103
1673776930 197
1673776931 115
1673776931 167
1673776931 180
1673776933 144
1673776934 148
1673776934 144
1673776935 109
1673776935 132
1673776935 133
1673776936 131
1673776936 122
1673776937 171
1673776938 154
1673776938 187
1673776939 112
1673776939 156
1673776940 146
1673776940 120
1673776941 192
1673776941 200
1673776942 128
1673776942 117
1673776942 143
1673776943 114
1673776945 179
1673776945 139
1673776946 200
1673776946 121
1673776947 159
1673776947 155
1673776947 198
1673776948 165
1673776948 109
1673776948 183
1673776948 117
1673776949 120
1673776949 200
1673776950 157
1673776950 167
1673776950 114
1673776950 113
1673776952 122
1673776952 115
1673776953 115
1673776953 150
1673776954 194
1673776954 198
1673776954 104
1673776955 177
1673776958 200
1673776958 140
1673776959 141
1673776959 111
1673776959 152
1673776959 190
1673776960 119
1673776960 113
1673776960 147
1673776961 166
1673776961 150
1673776962 164
1673776962 105
1673776963 123
1673776963 162
1673776963 106
1673776964 102
1673776964 129
1673776964 148
1673776964 180
1673776964 147
1673776965 114
1673776965 177
1673776965 106
1673776965 185
1673776966 186
1673776966 189
1673776967 157
1673776967 101
1673776967 166
1673776967 150
1673776969 125
1673776969 146
1673776971 192
1673776971 192
1673776971 163
1673776972 129
1673776972 143
1673776973 168
1673776973 180
1673776974 197
1673776974 166
1673776975 110
1673776975 115
1673776975 138
1673776976 149
1673776976 148
1673776977 101
1673776977 107
1673776977 162
1673776978 200
1673776979 107
1673776979 184
1673776979 191
1673776979 168
1673776979 185
1673776979 200
1673776980 196
1673776981 146
1673776981 128
1673776981 147
1673776981 102
1673776981 157
1673776981 179
1673776982 183
1673776982 122
1673776982 149
1673776982 145
1673776982 182
1673776982 177
1673776984 131
1673776984 112
1673776984 104
1673776985 151
1673776986 131
1673776986 118
1673776986 169
1673776987 143
1673776987 199
1673776988 177
1673776988 133
1673776989 170
1673776989 144
1673776990 146
1673776990 187
1673776991 143
1673776992 165
1673776992 128
1673776996 172
1673776996 110
1673776996 172
1673776997 103
1673777000 200
1673777000 170
1673777001 119
1673777002 134
1673777002 161
1673777002 167
1673777003 145
1673777003 183
1673777003 142
1673777003 135
1673777004 110
1673777004 108
1673777004 109
1673777006 127
1673777006 107
1673777007 116
1673777007 103
1673777008 122
1673777008 102
1673777008 126
1673777009 137
1673777010 125
1673777010 150
1673777012 153
1673777014 161
1673777015 166
1673777016 108
1673777016 194
1673777017 149
1673777017 191
1673777018 182
1673777018 187
1673777018 152
1673777019 164
1673777019 195
1673777020 115
1673777020 167
1673777020 161
1673777022 200
1673777022 192
1673777022 106
1673777023 117
1673777024 143
1673777024 119
1673777025 106
1673777025 112
1673777025 143
1673777025 115
1673777026 183
1673777027 140
1673777028 104
1673777028 128
1673777028 115
1673777028 162
1673777029 123
1673777029 161
1673777030 170
1673777030 116
1673777030 121
1673777031 191
1673777031 123
1673777031 101
1673777031 112
1673777032 158
1673777032 115
1673777033 105
1673777034 182
1673777034 137
1673777034 102
1673777034 110
1673777035 193
1673777035 128
1673777036 113
1673777036 198
1673777036 188
1673777037 180
1673777037 101
1673777037 188
1673777037 115
1673777038 175
1673777038 126
1673777039 167
1673777039 162
1673777040 171
1673777041 117
1673777041 162
1673777041 105
1673777042 184
1673777043 185
1673777043 130
1673777043 110
1673777044 147
1673777044 180
1673777044 171
1673777044 117
1673777045 184
1673777045 184
1673777045 185
1673777046 167
1673777046 129
1673777046 125
1673777047 125
1673777047 194
1673777047 195
1673777047 200
1673777047 168
1673777048 197
1673777048 128
1673777049 172
1673777049 148
1673777049 162
1673777049 135
1673777049 174
1673777050 159
1673777050 152
1673777050 116
1673777050 128
1673777051 194
1673777051 165
1673777052 132
1673777052 114
1673777052 158
1673777052 135
1673777052 183
1673777052 150
1673777053 155
1673777053 102
1673777053 111
1673777053 169
1673777053 126
1673777053 122
1673777054 140
1673777054 186
1673777054 108
1673777054 137
1673777055 124
1673777055 140
1673777055 134
1673777055 187
1673777056 165
1673777056 188
1673777056 123
1673777057 181
1673777057 180
1673777057 172
1673777057 168
1673777057 109
1673777057 181
1673777058 142
1673777059 149
1673777059 155
1673777059 157
1673777059 143
1673777061 103
1673777061 158
1673777061 148
1673777062 152
1673777062 161
1673777062 105
1673777062 169
1673777063 142
1673777063 182
1673777064 195
1673777064 138
1673777065 129
1673777066 135
1673777067 192
1673777069 169
1673777069 136
1673777069 129
1673777070 136
1673777070 117
1673777070 177
1673777070 163
1673777071 157
1673777071 181
1673777071 107
1673777071 160
1673777072 102
1673777072 195
1673777073 186
1673777073 171
1673777073 178
1673777073 158
1673777074 119
1673777074 191
1673777075 193
1673777075 106
1673777076 182
1673777076 150
1673777076 111
1673777077 167
1673777078 152
1673777078 120
1673777078 117
1673777078 187
1673777079 172
1673777079 181
1673777080 178
1673777080 116
1673777081 117
1673777081 140
1673777081 148
1673777081 134
1673777081 118
1673777082 200
1673777082 185
1673777083 136
1673777083 172
1673777083 169
1673777083 131
1673777084 106
1673777084 183
1673777084 149
1673777084 147
1673777084 177
1673777084 199
1673777084 186
1673777085 146
1673777085 144
1673777085 113
1673777086 121
1673777086 189
1673777087 138
1673777088 105
1673777088 194
1673777088 181
1673777088 118
1673777088 147
1673777089 159
1673777089 167
1673777089 141
1673777090 127
1673777090 175
1673777090 152
1673777090 123
1673777090 200
1673777090 198
1673777091 141
1673777091 167
1673777091 140
1673777091 161
1673777091 164
1673777092 109
1673777092 122
1673777092 157
1673777092 176
1673777092 114
1673777093 121
1673777093 192
1673777094 121
1673777094 159
1673777094 134
1673777094 110
1673777094 179
1673777095 183
1673777095 155
1673777097 177
1673777097 149
1673777097 139
1673777098 142
1673777098 171
1673777098 187
1673777099 125
1673777099 161
1673777099 186
1673777099 111
1673777099 137
1673777099 139
1673777100 161
1673777101 122
1673777101 159
1673777102 139
1673777102 118
1673777102 145
1673777103 195
1673777103 142
1673777104 192
1673777105 181
1673777105 122
1673777106 175
1673777106 131
1673777107 137
1673777107 138
1673777108 107
1673777108 148
1673777109 119
1673777109 133
1673777109 104
1673777110 106
1673777110 138
1673777110 113
1673777110 111
1673777110 103
1673777110 166
1673777110 183
1673777111 145
1673777112 170
1673777114 122
1673777114 193
1673777114 155
1673777114 128
1673777114 170
1673777115 112
1673777115 195
1673777115 114
1673777115 148
1673777115 124
1673777115 116
1673777116 102
1673777116 142
1673777116 190
1673777116 125
1673777116 146
1673777116 125
1673777117 135
1673777117 132
1673777118 134
1673777118 165
1673777118 193
1673777119 163
1673777119 105
1673777119 166
1673777119 126
1673777120 137
1673777120 186
1673777120 160
1673777121 138
1673777121 164
1673777122 155
1673777122 163
1673777122 129
1673777122 136
1673777122 170
1673777123 183
1673777123 160
1673777123 134
1673777123 194
1673777124 200
1673777125 148
1673777125 110
1673777125 188
1673777126 123
1673777126 188
1673777127 165
1673777127 101
1673777127 171
1673777127 172
1673777127 159
1673777127 150
1673777127 125
1673777127 165
1673777128 194
1673777129 103
1673777129 111
1673777130 187
1673777131 149
1673777131 105
1673777131 119
1673777131 110
1673777132 194
1673777132 192
1673777132 105
1673777132 136
1673777133 129
1673777133 166
1673777133 160
1673777133 161
1673777133 164
1673777134 147
1673777134 113
1673777134 141
1673777134 149
1673777134 187
1673777135 112
1673777135 116
1673777136 155
1673777136 111
1673777136 161
1673777136 192
1673777137 176
1673777138 118
1673777138 198
1673777139 115
1673777139 139
1673777139 131
1673777139 173
1673777139 147
1673777140 194
1673777140 199
1673777140 103
1673777140 190
1673777141 107
1673777141 177
1673777141 179
1673777141 132
1673777141 142
1673777142 178
1673777142 184
1673777142 119
1673777142 139
1673777142 193
1673777143 172
1673777143 194
1673777143 144
1673777144 176
1673777144 178
1673777144 185
1673777145 137
1673777145 157
1673777146 196
1673777146 135
1673777146 193
1673777147 123
1673777147 115
1673777147 126
1673777148 101
1673777148 104
1673777148 170
1673777148 109
1673777149 103
1673777149 198
1673777149 185
1673777150 157
1673777150 105
1673777151 200
1673777151 178
1673777151 145
1673777152 142
1673777153 182
1673777153 150
1673777153 144
1673777154 196
1673777154 110
1673777154 151
1673777155 163
1673777155 190
1673777155 108
1673777155 149
1673777156 158
1673777156 130
1673777157 156
1673777157 148
1673777157 173
1673777158 134
1673777159 109
1673777159 163
1673777160 178
1673777160 140
1673777161 137
1673777161 133
1673777162 137
1673777162 190
1673777162 168
1673777163 109
1673777163 127
1673777163 120
1673777163 105
1673777163 188
1673777163 137
1673777164 112
1673777164 102
1673777165 103
1673777165 127
1673777165 123
1673777166 167
1673777166 116
1673777166 147
1673777167 147
1673777168 107
1673777168 190
1673777168 198
1673777168 189
1673777169 161
1673777169 167
1673777169 151
1673777170 133
1673777171 170
1673777171 129
1673777171 122
1673777171 164
1673777172 148
1673777172 147
1673777172 122
1673777172 167
1673777173 112
1673777173 123
1673777173 200
1673777174 114
1673777175 117
1673777175 149
1673777175 137
1673777175 143
1673777176 133
1673777176 186
1673777177 165
1673777177 142
1673777178 113
1673777178 106
1673777179 156
1673777179 140
1673777179 141
1673777180 180
1673777180 129
1673777180 187
1673777180 190
1673777181 151
1673777181 121
1673777182 151
1673777182 133
1673777183 119
1673777183 109
1673777183 130
1673777184 130
1673777184 113
1673777184 133
1673777184 165
1673777185 189
1673777185 135
1673777185 101
1673777185 185
1673777186 158
1673777187 167
1673777188 145
1673777188 101
1673777188 146
1673777188 110
1673777188 129
1673777189 200
1673777189 168
1673777190 154
1673777190 176
1673777191 131
1673777191 146
1673777191 143
1673777192 130
1673777192 116
1673777193 122
1673777194 188
1673777195 127
1673777195 109
1673777195 176
1673777196 199
1673777196 167
1673777196 109
1673777197 166
1673777197 115
1673777197 104
1673777197 192
1673777197 177
1673777197 128
1673777198 136
1673777198 187
1673777198 114
1673777199 168
1673777200 122
1673777200 172
1673777200 136
1673777201 102
1673777201 146
1673777202 190
1673777202 121
1673777202 176
1673777203 198
1673777203 103
1673777203 131
1673777204 140
1673777205 129
1673777205 114
1673777206 137
1673777206 170
1673777207 172
1673777207 124
1673777207 148
1673777207 109
1673777207 119
1673777208 144
1673777208 169
1673777208 122
1673777208 200
1673777209 130
1673777209 135
1673777209 130
1673777209 145
1673777209 131
1673777210 128
1673777210 124
1673777210 157
1673777211 199
1673777211 147
1673777211 125
1673777211 116
1673777212 119
1673777212 121
1673777212 186
1673777212 195
1673777212 191
1673777212 188
1673777213 112
1673777213 180
1673777213 176
1673777213 154
1673777214 152
1673777215 184
1673777215 139
1673777215 164
1673777217 141
1673777217 155
1673777217 115
1673777217 168
1673777218 187
1673777218 147
1673777218 122
1673777219 118
1673777219 140
1673777220 162
1673777220 152
1673777221 113
1673777221 123
1673777221 175
1673777221 135
1673777221 159
1673777221 199
1673777221 193
1673777222 138
1673777222 134
1673777222 172
1673777223 196
1673777223 143
1673777225 126
1673777225 102
1673777225 139
1673777225 128
1673777225 104
1673777226 136
1673777226 110
1673777227 159
1673777228 126
1673777228 192
1673777228 105
1673777233 110
1673777233 104
1673777234 142
1673777235 155
1673777236 135
1673777236 177
1673777236 136
1673777237 115
1673777238 110
1673777239 107
1673777240 134
1673777240 198
1673777241 170
1673777241 182
1673777241 199
1673777241 154
1673777241 122
1673777242 151
1673777242 111
1673777242 199
1673777242 125
1673777242 179
1673777243 124
1673777244 101
1673777244 188
1673777246 103
1673777247 183
1673777247 136
1673777248 148
1673777248 184
1673777248 157
1673777248 122
1673777248 156
1673777248 136
1673777248 137
1673777250 112
1673777250 168
1673777250 142
1673777251 168
1673777252 162
1673777252 166
1673777252 151
1673777253 169
1673777254 108
1673777254 175
1673777254 184
1673777256 164
1673777256 165
1673777256 122
1673777256 162
1673777256 169
1673777256 184
1673777256 185
1673777256 139
1673777256 150
1673777257 191
1673777258 120
1673777258 183
1673777258 199
1673777258 161
1673777258 153
1673777259 162
1673777259 178
1673777260 108
1673777260 110
1673777260 172
1673777261 197
1673777261 133
1673777261 109
1673777261 137
1673777262 195
1673777262 148
1673777262 128
1673777263 184
1673777263 198
1673777263 156
1673777264 131
1673777264 132
1673777264 160
1673777265 180
1673777265 184
1673777265 152
1673777267 145
1673777267 128
1673777267 184
1673777267 153
1673777267 177
1673777268 196
1673777268 133
1673777268 146
1673777269 174
1673777269 130
1673777269 120
1673777269 141
1673777270 122
1673777271 173
1673777271 187
1673777271 127
1673777271 102
1673777272 102
1673777272 198
1673777273 102
1673777273 109
1673777273 109
1673777274 170
1673777274 123
1673777274 149
1673777274 112
1673777275 126
1673777275 122
1673777275 178
1673777275 180
1673777277 154
1673777277 138
1673777278 199
1673777278 185
1673777278 199
1673777279 200
1673777279 173
1673777279 193
1673777279 185
1673777279 199
1673777280 167
1673777280 102
1673777280 188
1673777280 160
1673777281 143
1673777281 176
1673777281 192
1673777281 196
1673777281 111
1673777281 196
1673777281 121
1673777282 142
1673777282 127
1673777282 104
1673777282 175
1673777282 124
1673777282 180
1673777282 158
1673777283 163
1673777283 104
1673777283 149
1673777283 109
1673777283 159
1673777284 122
1673777284 187
1673777284 194
1673777284 161
1673777285 120
1673777285 200
1673777285 187
1673777285 160
1673777285 102
1673777286 148
1673777286 136
1673777287 186
1673777287 159
1673777288 119
1673777288 160
1673777288 186
1673777288 127
1673777289 121
1673777289 199
1673777290 158
1673777290 140
1673777290 178
1673777291 132
1673777291 138
1673777291 133
1673777292 176
1673777292 181
1673777292 111
1673777292 160
1673777292 178
1673777293 118
1673777294 197
1673777295 175
1673777295 190
1673777296 199
1673777296 139
1673777296 128
1673777297 184
1673777297 139
1673777297 176
1673777297 187
1673777298 152
1673777298 125
1673777299 175
1673777299 200
1673777299 145
1673777299 147
1673777300 107
1673777300 198
1673777301 167
1673777301 161
1673777301 153
1673777302 184
1673777302 144
1673777303 154
1673777303 194
1673777303 122
1673777303 118
1673777303 173
1673777303 174
1673777304 160
1673777304 139
1673777305 132
1673777306 171
1673777306 184
1673777306 161
1673777306 130
1673777306 139
1673777307 130
1673777307 113
1673777307 124
1673777308 199
1673777308 172
1673777309 185
1673777309 195
1673777310 181
1673777310 148
1673777311 197
1673777311 114
1673777311 156
1673777311 186
1673777312 196
1673777312 178
1673777312 174
1673777312 128
1673777313 189
1673777313 125
1673777313 195
1673777314 122
1673777315 187
1673777316 123
1673777316 187
1673777316 104
1673777317 109
1673777317 184
1673777317 133
1673777317 111
1673777318 184
1673777318 131
1673777319 189
1673777319 140
1673777319 171
1673777320 172
1673777321 180
1673777321 136
1673777321 175
1673777322 119
1673777322 146
1673777322 143
1673777322 119
1673777322 197
1673777322 128
1673777323 171
1673777324 185
1673777324 198
1673777325 180
1673777325 110
1673777325 106
1673777325 102
1673777326 137
1673777326 130
1673777326 130
1673777326 187
1673777327 121
1673777327 114
1673777328 171
1673777328 173
1673777328 165
1673777329 187
1673777329 159
1673777329 181
1673777330 155
1673777330 136
1673777330 180
1673777330 136
1673777330 118
1673777330 110
1673777331 104
1673777331 116
1673777332 102
1673777332 147
1673777332 115
1673777333 176
1673777334 163
1673777334 195
1673777335 157
1673777335 141
1673777336 120
1673777337 109
1673777337 194
1673777337 160
1673777337 191
1673777337 143
1673777337 183
1673777337 160
1673777338 178
1673777338 121
1673777338 151
1673777338 162
1673777339 194
1673777340 143
1673777340 187
1673777340 187
1673777341 137
1673777341 149
1673777342 192
1673777342 146
1673777342 142
1673777343 161
1673777348 140
1673777360 120
1673777361 151
1673777362 144
1673777362 143
1673777362 105
1673777362 193
1673777362 188
1673777362 103
1673777363 146
1673777363 130
1673777364 174
1673777364 103
1673777364 140
1673777364 109
1673777365 195
1673777365 135
1673777365 178
1673777365 197
1673777366 151
1673777366 126
1673777366 179
1673777366 138
1673777367 197
1673777367 193
1673777367 188
1673777367 165
1673777368 172
1673777368 147
1673777369 166
1673777369 110
1673777369 120
1673777370 112
1673777370 138
1673777370 113
1673777370 137
1673777371 172
1673777371 139
1673777371 120
1673777371 166
1673777372 155
1673777372 143
1673777372 151
1673777372 158
1673777372 146
1673777372 132
1673777372 155
1673777373 101
1673777373 187
1673777373 143
1673777373 108
1673777374 144
1673777374 128
1673777375 150
1673777375 157
1673777375 125
1673777376 101
1673777377 131
1673777378 166
1673777379 128
1673777379 171
1673777379 129
1673777379 188
1673777379 135
1673777379 132
1673777380 187
1673777380 151
1673777380 154
1673777380 122
1673777380 153
1673777381 161
1673777381 117
1673777381 192
1673777381 112
1673777382 107
1673777382 139
1673777382 158
1673777382 121
1673777383 139
1673777383 107
1673777384 105
1673777384 136
1673777384 176
1673777384 159
1673777385 196
1673777386 149
1673777387 112
1673777387 137
1673777388 161
1673777388 109
1673777388 195
1673777389 194
1673777390 172
1673777391 200
1673777392 148
1673777392 185
1673777392 147
1673777392 191
1673777393 167
1673777393 113
1673777393 198
1673777394 164
1673777394 199
1673777394 168
1673777394 103
1673777394 192
1673777394 121
1673777394 183
1673777394 165
1673777394 116
1673777394 200
1673777395 173
1673777396 173
1673777396 126
1673777397 110
1673777397 165
1673777397 185
1673777398 128
1673777398 168
1673777398 163
1673777399 146
1673777399 173
1673777399 182
1673777399 158
1673777399 173
1673777400 184
1673777400 127
1673777401 103
1673777401 162
1673777401 140
1673777402 154
1673777403 151
1673777403 154
1673777403 177
1673777404 151
1673777404 101
1673777404 199
1673777404 150
1673777405 118
1673777406 164
1673777407 190
1673777407 121
1673777407 117
1673777408 136
1673777408 155
1673777409 157
1673777410 195
1673777411 184
1673777411 198
1673777411 148
1673777413 122
1673777413 180
1673777414 167
1673777414 139
1673777415 119
1673777415 182
1673777415 150
1673777416 147
1673777417 114
1673777418 186
1673777418 172
1673777419 175
1673777419 168
1673777420 170
1673777420 145
1673777420 148
1673777421 101
1673777421 145
1673777421 170
1673777422 153
1673777423 159
1673777423 143
1673777423 154
1673777423 130
1673777424 135
1673777424 165
1673777424 146
1673777425 127
1673777425 115
1673777426 164
1673777426 125
1673777426 189
1673777427 171
1673777427 127
1673777427 130
1673777428 114
1673777428 147
1673777428 151
1673777428 186
1673777428 134
1673777429 194
1673777429 120
1673777429 122
1673777430 199
1673777432 183
1673777432 195
1673777432 144
1673777432 102
1673777433 170
1673777434 114
1673777434 160
1673777434 138
1673777435 114
1673777435 133
1673777435 147
1673777436 192
1673777436 137
1673777436 194
1673777436 105
1673777436 156
1673777437 144
1673777438 153
1673777438 120
1673777438 188
1673777438 111
1673777439 112
1673777439 119
1673777439 102
1673777439 155
1673777440 109
1673777440 124
1673777441 127
1673777441 192
1673777441 184
1673777444 134
1673777444 118
1673777444 137
1673777444 116
1673777444 123
1673777444 200
1673777444 184
1673777445 143
1673777445 191
1673777445 189
1673777446 135
1673777447 101
1673777448 129
1673777449 139
1673777449 166
1673777449 179
1673777451 160
1673777451 169
1673777452 169
1673777452 177
1673777452 131
1673777452 176
1673777453 125
1673777455 199
1673777456 150
1673777456 105
1673777456 149
1673777456 176
1673777456 153
1673777456 168
1673777456 199
1673777457 191
1673777457 116
1673777457 131
1673777457 112
1673777458 152
1673777458 125
1673777458 150
1673777458 199
1673777459 138
1673777461 184
1673777462 168
1673777462 130
1673777462 127
1673777463 165
1673777463 110
1673777463 176
1673777463 147
1673777463 104
1673777464 110
1673777464 180
1673777464 193
1673777464 108
1673777464 137
1673777465 154
1673777465 104
1673777465 110
1673777465 160
1673777466 146
1673777466 102
1673777466 143
1673777467 140
1673777467 128
1673777467 117
1673777467 131
1673777468 147
1673777468 197
1673777469 116
1673777470 177
1673777470 134
1673777470 173
1673777471 192
1673777471 127
1673777471 164
1673777471 163
1673777471 172
1673777471 190
1673777471 182
1673777472 180
1673777472 156
1673777472 143
1673777472 105
1673777472 163
1673777472 179
1673777473 119
1673777474 107
1673777474 168
1673777475 179
1673777475 111
1673777475 126
1673777475 137
1673777475 174
1673777475 124
1673777475 137
1673777475 150
1673777476 107
1673777476 177
1673777476 153
1673777476 135
1673777477 151
1673777478 104
1673777478 126
1673777478 116
1673777478 109
1673777478 197
1673777478 148
1673777479 110
1673777479 134
1673777479 168
1673777479 154
1673777480 116
1673777481 142
1673777481 151
1673777482 126
1673777482 101
1673777482 123
1673777483 109
1673777483 156
1673777483 165
1673777484 141
1673777484 187
1673777484 109
1673777484 199
1673777485 188
1673777485 198
1673777485 125
1673777485 118
1673777485 117
1673777486 134
1673777486 131
1673777486 147
1673777487 190
1673777487 117
1673777487 175
1673777488 174
1673777488 184
1673777488 134
1673777489 142
1673777489 113
1673777489 162
1673777490 181
1673777490 116
1673777491 153
1673777491 107
1673777491 108
1673777492 194
1673777493 160
1673777493 116
1673777493 196
1673777494 193
1673777494 142
1673777495 157
1673777495 115
1673777495 180
1673777495 195
1673777496 119
1673777496 106
1673777497 133
1673777497 118
1673777497 126
1673777497 164
1673777497 144
1673777498 146
1673777498 179
1673777499 154
1673777499 115
1673777500 112
1673777500 133
1673777500 130
1673777500 143
1673777501 121
1673777501 132
1673777501 146
1673777502 181
1673777502 124
1673777502 176
1673777502 181
1673777503 192
1673777503 181
1673777503 135
1673777504 139
1673777504 200
1673777505 155
1673777505 138
1673777506 143
1673777506 199
1673777506 165
1673777506 122
1673777506 115
1673777507 160
1673777508 127
1673777508 143
1673777508 131
1673777509 184
1673777509 142
1673777509 147
1673777510 150
1673777510 103
1673777510 126
1673777510 110
1673777510 145
1673777510 122
1673777511 181
1673777511 180
1673777511 132
1673777511 143
1673777512 175
1673777513 118
1673777514 148
1673777515 132
1673777515 186
1673777516 110
1673777516 136
1673777517 166
1673777517 160
1673777517 145
1673777518 114
1673777518 121
1673777519 149
1673777519 182
1673777519 153
1673777520 155
1673777521 105
1673777521 152
1673777521 130
1673777522 127
1673777522 159
1673777522 101
1673777522 188
1673777523 114
1673777523 160
1673777523 104
1673777523 144
1673777524 122
1673777524 195
1673777525 119
1673777525 140
1673777525 140
1673777525 162
1673777526 146
1673777528 153
1673777528 157
1673777529 123
1673777529 143
1673777529 147
1673777530 169
1673777530 147
1673777530 108
1673777531 164
1673777531 185
1673777531 166
1673777531 149
1673777532 177
1673777532 125
1673777533 182
1673777534 178
1673777534 170
1673777535 155
1673777536 169
1673777536 189
1673777537 122
1673777537 173
1673777537 177
1673777537 176
1673777538 180
1673777538 116
1673777538 182
1673777539 112
1673777539 121
1673777539 104
1673777540 138
1673777540 162
1673777540 174
1673777540 114
1673777542 106
1673777542 136
1673777542 147
1673777542 157
1673777543 194
1673777544 124
1673777544 116
1673777544 136
1673777544 145
1673777545 142
1673777546 173
1673777546 151
1673777546 176
1673777546 128
1673777546 190
1673777547 147
1673777547 152
1673777549 168
1673777550 151
1673777550 102
1673777550 134
1673777551 172
1673777551 135
1673777551 144
1673777552 144
1673777552 126
1673777552 124
1673777553 155
1673777553 154
1673777553 177
1673777553 148
1673777554 149
1673777554 147
1673777554 110
1673777555 198
1673777555 143
1673777555 101
1673777556 108
1673777556 152
1673777557 104
1673777558 112
1673777558 184
1673777558 167
1673777558 163
1673777558 148
1673777558 136
1673777558 190
1673777559 157
1673777559 181
1673777559 141
1673777559 142
1673777559 190
1673777559 125
1673777559 143
1673777560 166
1673777560 193
1673777560 170
1673777560 191
1673777560 196
1673777560 168
1673777561 103
1673777561 175
1673777562 197
1673777562 195
1673777563 137
1673777564 159
1673777564 157
1673777566 192
1673777566 136
1673777566 142
1673777567 153
1673777567 108
1673777568 140
1673777568 108
1673777568 142
1673777568 119
1673777569 179
1673777569 158
1673777569 172
1673777569 123
1673777570 153
1673777570 191
1673777570 189
1673777570 170
1673777571 182
1673777572 105
1673777572 110
1673777572 184
1673777572 117
1673777573 158
1673777573 168
1673777574 119
1673777574 182
1673777574 176
1673777575 118
1673777575 157
1673777576 144
1673777576 111
1673777577 106
1673777577 166
1673777577 197
1673777577 114
1673777577 119
1673777577 138
1673777577 139
1673777579 146
1673777579 148
1673777579 184
1673777579 173
1673777580 111
1673777580 148
1673777580 112
1673777580 187
1673777582 108
1673777582 146
1673777582 186
1673777582 169
1673777582 114
1673777583 124
1673777583 108
1673777584 155
1673777584 172
1673777584 142
1673777584 143
1673777584 134
1673777585 152
1673777585 132
1673777585 116
1673777586 115
1673777586 137
1673777587 158
1673777587 102
1673777587 188
1673777587 134
1673777587 185
1673777588 131
1673777588 172
1673777589 115
1673777589 133
1673777589 159
1673777589 120
1673777589 168
1673777590 122
1673777590 172
1673777591 107
1673777591 161
1673777591 126
1673777592 186
1673777592 149
1673777593 144
1673777593 167
1673777594 149
1673777594 187
1673777594 188
1673777595 176
1673777595 142
1673777595 152
1673777595 165
1673777596 187
1673777596 167
1673777596 177
1673777597 198
1673777597 107
1673777597 118
1673777597 199
1673777597 156
1673777597 143
1673777597 129
1673777598 192
1673777598 161
1673777598 125
1673777598 110
1673777599 137
1673777600 135
1673777600 166
1673777600 129
1673777600 178
1673777601 180
1673777601 182
1673777602 144
1673777602 193
1673777603 168
1673777603 101
1673777603 176
1673777603 163
1673777604 123
1673777605 160
1673777605 103
1673777605 190
1673777605 107
1673777606 174
1673777606 111
1673777607 198
1673777607 151
1673777607 147
1673777608 154
1673777608 169
1673777609 131
1673777609 153
1673777610 109
1673777610 186
1673777610 146
1673777610 108
1673777611 111
1673777611 158
1673777611 116
1673777611 119
1673777612 195
1673777612 199
1673777613 177
1673777613 106
1673777614 160
1673777614 186
1673777614 108
1673777614 107
1673777615 154
1673777615 140
1673777616 164
1673777616 130
1673777616 195
1673777617 189
1673777617 157
1673777617 180
1673777617 179
1673777618 101
1673777618 158
1673777619 161
1673777619 197
1673777620 173
1673777620 178
1673777620 164
1673777620 198
1673777620 163
1673777621 144
1673777621 195
1673777621 110
1673777622 134
1673777623 120
1673777623 101
1673777623 115
1673777624 189
1673777625 157
1673777625 174
1673777625 165
1673777625 190
1673777626 190
1673777626 134
1673777627 152
1673777627 147
1673777627 118
1673777627 114
1673777627 164
1673777628 140
1673777628 117
1673777629 182
1673777629 195
1673777630 157
1673777630 181
1673777631 179
1673777631 171
1673777632 189
1673777632 111
1673777632 171
1673777634 126
1673777634 195
1673777634 114
1673777634 179
1673777635 133
1673777635 119
1673777635 131
1673777635 178
1673777636 196
1673777636 117
1673777636 155
1673777636 141
1673777637 106
1673777637 103
1673777637 198
1673777637 191
1673777637 155
1673777638 123
1673777638 151
1673777638 141
1673777638 122
1673777638 121
1673777639 109
1673777639 186
1673777639 174
1673777639 163
1673777639 149
1673777640 172
1673777640 105
1673777640 159
1673777641 192
1673777641 140
1673777641 192
1673777641 130
1673777642 131
1673777642 110
1673777643 178
1673777643 163
1673777643 174
1673777643 175
1673777644 147
1673777644 110
1673777644 113
1673777645 106
1673777645 174
1673777646 159
1673777646 123
1673777647 147
1673777651 184
1673777651 102
1673777652 168
1673777652 183
1673777655 186
1673777655 144
1673777657 170
1673777657 111
1673777657 120
1673777658 186
1673777659 181
1673777659 112
1673777660 176
1673777662 142
1673777664 181
1673777664 155
1673777666 143
1673777667 133
1673777668 146
1673777669 111
1673777670 179
1673777670 164
1673777670 126
1673777670 127
1673777671 108
1673777672 144
1673777672 160
1673777672 200
1673777673 153
1673777673 140
1673777673 135
1673777674 169
1673777677 192
1673777678 130
1673777678 110
1673777679 180
1673777679 190
1673777681 171
1673777683 128
1673777684 173
1673777684 118
1673777687 154
1673777687 141
1673777688 103
1673777689 109
1673777689 199
1673777690 186
1673777691 142
1673777691 173
1673777691 141
1673777691 154
1673777691 151
1673777691 196
1673777691 140
1673777692 117
1673777693 195
1673777693 110
1673777693 134
1673777693 193
1673777694 190
1673777694 118
1673777695 103
1673777695 137
1673777695 101
1673777696 124
1673777697 150
1673777697 183
1673777697 119
1673777698 136
1673777698 127
1673777699 188
1673777699 196
1673777700 199
1673777701 136
1673777702 126
1673777702 192
1673777702 167
1673777703 196
1673777703 149
1673777704 158
1673777704 157
1673777704 200
1673777704 158
1673777704 123
1673777705 133
1673777705 172
1673777706 171
1673777707 138
1673777708 190
1673777708 143
1673777708 125
1673777708 131
1673777716 156
1673777716 133
1673777717 151
1673777717 143
1673777717 184
1673777717 144
1673777717 109
1673777718 103
1673777718 196
1673777718 187
1673777719 104
1673777719 199
1673777719 165
1673777720 195
1673777720 196
1673777721 192
1673777721 118
1673777721 163
1673777721 102
1673777722 101
1673777722 129
1673777723 101
1673777724 169
1673777725 136
1673777725 187
1673777726 109
1673777726 196
1673777726 116
1673777726 132
1673777726 130
1673777726 159
1673777726 191
1673777727 147
1673777727 143
1673777727 131
1673777728 184
1673777728 138
1673777728 184
1673777728 155
1673777728 165
1673777729 108
1673777729 197
1673777729 171
1673777729 127
1673777730 108
1673777730 117
1673777730 156
1673777731 107
1673777731 160
1673777732 174
1673777732 153
1673777733 197
1673777734 137
1673777734 140
1673777734 146
1673777735 147
1673777735 123
1673777735 140
1673777737 165
1673777737 141
1673777737 146
1673777737 160
1673777738 163
1673777738 168
1673777739 181
1673777739 172
1673777740 103
1673777740 162
1673777740 123
1673777740 195
1673777740 105
1673777740 195
1673777741 183
1673777741 180
1673777741 182
1673777741 111
1673777741 169
1673777742 134
1673777742 133
1673777742 105
1673777743 172
1673777743 104
1673777743 142
1673777743 172
1673777744 189
1673777744 164
1673777744 121
1673777744 148
1673777744 107
1673777744 135
1673777745 116
1673777745 164
1673777746 110
1673777746 185
1673777746 141
1673777747 178
1673777747 159
1673777747 107
1673777747 194
1673777748 131
1673777748 142
1673777749 174
1673777749 140
1673777749 120
1673777749 121
1673777749 127
1673777749 166
1673777749 194
1673777750 108
1673777751 184
1673777752 191
1673777752 195
1673777752 179
1673777752 173
1673777752 165
1673777753 131
1673777753 115
1673777754 116
1673777754 182
1673777754 179
1673777754 125
1673777755 159
1673777755 169
1673777755 115
1673777755 174
1673777756 134
1673777756 142
1673777756 158
1673777756 113
1673777756 139
1673777756 152
1673777756 117
1673777757 160
1673777757 200
1673777757 135
1673777758 163
1673777758 123
1673777759 144
1673777759 151
1673777759 159
1673777760 116
1673777760 151
1673777760 119
1673777761 129
1673777762 171
1673777762 186
1673777765 112
1673777774 137
1673777774 173
1673777775 159
1673777776 127
1673777776 173
1673777776 104
1673777778 121
1673777778 197
1673777781 189
1673777781 137
1673777781 192
1673777782 104
1673777783 173
1673777783 145
1673777785 157
1673777785 144
1673777786 186
1673777786 188
1673777786 172
1673777786 115
1673777786 113
1673777787 198
1673777787 121
1673777796 136
1673777798 155
1673777800 162
1673777800 122
1673777800 144
1673777802 153
1673777805 182
1673777805 152
1673777808 139
1673777808 183
1673777810 153
1673777810 108
1673777811 153
1673777811 192
1673777811 130
1673777811 178
1673777811 168
1673777813 117
1673777817 150
1673777819 190
1673777820 148
1673777820 199
1673777820 192
1673777820 153
1673777820 150
1673777821 140
1673777821 135
1673777821 102
1673777833 150
1673777834 196
1673777834 188
1673777836 160
1673777836 159
1673777836 138
1673777837 183
1673777839 105
1673777840 114
1673777844 181
1673777847 194
1673777848 112
1673777848 128
1673777849 145
1673777855 123
1673777857 107
1673777857 169
1673777860 199
1673777860 143
1673777861 188
1673777866 150
1673777867 180
1673777867 190
1673777873 141
1673777873 191
1673777875 138
1673777876 177
1673777876 119
1673777881 109
1673777883 183
1673777885 184
1673777885 156
1673777886 101
1673777892 127
1673777900 172
1673777902 139
1673777902 141
1673777902 154
1673777904 101
1673777904 166
1673777904 114
1673777904 116
1673777905 127
1673777908 107
1673777909 192
1673777909 195
1673777909 194
1673777909 197
1673777911 183
1673777912 116
1673777913 134
1673777914 113
1673777914 129
1673777915 143
1673777915 192
1673777916 128
1673777916 110
1673777916 111
1673777916 111
1673777917 200
1673777917 102
1673777917 173
1673777917 151
1673777918 174
1673777920 130
1673777920 161
1673777920 138
1673777921 197
1673777924 151
1673777924 200
1673777925 171
1673777928 140
1673777928 198
1673777928 176
1673777928 130
1673777928 136
1673777929 164
1673777929 112
1673777930 125
1673777930 171
1673777931 145
1673777932 117
1673777934 168
1673777934 193
1673777935 175
1673777935 115
1673777936 112
1673777936 105
1673777936 133
1673777937 141
1673777937 190
1673777939 178
1673777939 147
1673777939 198
1673777939 156
1673777939 184
1673777939 120
1673777941 192
1673777943 149
1673777943 151
1673777944 164
1673777944 163
1673777944 169
1673777946 138
1673777947 160
1673777948 180
1673777953 104
1673777954 179
1673777954 144
1673777954 184
1673777954 125
1673777959 174
1673777959 139
1673777960 171
1673777961 183
1673777963 195
1673777963 128
1673777963 120
1673777963 158
1673777963 154
1673777963 126
1673777964 149
1673777965 168
1673777965 118
1673777967 113
1673777967 192
1673777967 197
1673777967 179
1673777968 106
1673777968 131
1673777968 168
1673777970 125
1673777971 163
1673777971 103
1673777971 186
1673777971 183
1673777972 110
1673777972 144
1673777973 155
1673777973 183
1673777974 139
1673777974 108
1673777978 109
1673777978 180
1673777978 186
1673777980 130
1673777980 123
1673777981 188
1673777981 121
1673777984 196
1673777985 108
1673777985 195
1673777985 124
1673777986 142
1673777986 129
1673777986 132
1673777986 122
1673777988 143
1673777991 104
1673777996 174
1673777996 151
1673777996 145
1673777997 148
1673777997 116
1673777997 169
1673777998 148
1673778002 140
1673778003 183
1673778005 193
1673778005 192
1673778005 154
1673778007 196
1673778007 110
1673778007 157
1673778008 192
1673778008 138
1673778010 129
1673778010 136
1673778012 120
1673778013 143
1673778014 125
1673778014 126
1673778016 159
1673778016 128
1673778016 171
1673778016 178
1673778016 151
1673778017 124
1673778018 121
1673778019 122
1673778020 142
1673778022 197
1673778024 131
1673778024 116
1673778027 147
1673778027 145
1673778027 158
1673778027 159
1673778030 132
1673778031 172
1673778034 111
1673778034 128
1673778034 147
1673778034 122
1673778034 164
1673778038 174
1673778048 172
1673778048 126
1673778049 188
1673778049 186
1673778057 103
1673778058 167
1673778063 155
1673778064 129
1673778065 175
1673778065 196
1673778065 179
1673778065 161
1673778067 140
1673778067 152
1673778067 127
1673778067 120
1673778070 148
1673778072 200
1673778072 173
1673778076 156
1673778076 142
1673778077 145
1673778080 113
1673778083 153
1673778083 144
1673778084 172
1673778086 112
1673778086 187
1673778086 185
1673778094 128
1673778094 140
1673778095 149
1673778096 145
1673778096 163
1673778099 120
1673778101 158
1673778102 131
1673778102 118
1673778102 106
1673778102 103
1673778105 122
1673778109 172
1673778119 129
1673778120 189
1673778120 174
1673778122 112
1673778124 144
1673778128 158
1673778128 185
1673778129 105
1673778129 184
1673778129 191
1673778130 118
1673778131 115
1673778133 163
1673778133 175
1673778133 183
1673778140 140
1673778140 105
1673778140 153
1673778148 199
1673778148 189
1673778149 184
1673778157 114
1673778158 135
1673778159 127
1673778160 187
1673778163 125
1673778165 192
1673778170 130
1673778171 193
1673778176 103
1673778176 159
1673778179 140
1673778182 123
1673778182 168
1673778188 142
1673778188 153
1673778188 119
1673778190 176
1673778192 156
1673778193 186
1673778194 113
1673778194 189
1673778196 161
1673778196 122
1673778197 137
1673778197 186
1673778197 164
1673778197 139
1673778198 170
1673778199 144
1673778199 177
1673778199 108
1673778203 153
1673778203 132
1673778203 196
1673778203 149
1673778203 110
1673778203 164
1673778203 155
1673778204 102
1673778204 188
1673778205 163
1673778205 169
1673778206 178
1673778207 147
1673778207 124
1673778207 197
1673778208 152
1673778208 187
1673778210 147
1673778210 168
1673778212 153
1673778213 182
1673778213 189
1673778213 172
1673778214 144
1673778214 175
1673778215 112
1673778215 196
1673778215 124
1673778217 138
1673778217 184
1673778218 141
1673778218 196
1673778218 167
1673778220 162
1673778220 107
1673778221 179
1673778222 114
1673778222 163
1673778222 117
1673778222 101
1673778222 130
1673778224 154
1673778224 107
1673778224 126
1673778225 131
1673778226 172
1673778226 173
1673778226 119
1673778226 123
1673778226 134
1673778227 194
1673778227 126
1673778227 113
1673778228 128
1673778229 130
1673778231 145
1673778232 120
1673778232 164
1673778232 197
1673778233 138
1673778233 130
1673778235 126
1673778235 199
1673778235 112
1673778235 169
1673778236 114
1673778238 146
1673778239 135
1673778239 102
1673778239 168
1673778239 143
1673778240 188
1673778240 150
1673778241 167
1673778241 146
1673778241 169
1673778243 171
1673778243 109
1673778243 121
1673778243 156
1673778244 182
1673778244 194
1673778244 181
1673778246 129
1673778246 155
1673778246 187
1673778247 141
1673778247 156
1673778247 131
1673778247 191
1673778248 196
1673778248 118
1673778248 139
1673778249 101
1673778249 198
1673778249 154
1673778249 132
1673778249 142
1673778249 147
1673778249 105
1673778249 166
1673778249 127
1673778250 182
1673778251 175
1673778251 176
1673778251 171
1673778251 183
1673778252 103
1673778252 195
1673778252 119
1673778252 129
1673778253 187
1673778253 107
1673778253 118
1673778254 140
1673778254 132
1673778254 141
1673778254 197
1673778255 133
1673778255 165
1673778256 192
1673778256 148
1673778257 126
1673778257 109
1673778257 122
1673778257 171
1673778258 161
1673778258 186
1673778258 144
1673778258 141
1673778258 141
1673778258 194
1673778258 157
1673778258 196
1673778259 116
1673778260 151
1673778260 124
1673778261 179
1673778261 113
1673778262 114
1673778262 173
1673778263 112
1673778263 182
1673778264 141
1673778264 155
1673778264 166
1673778265 193
1673778265 181
1673778265 162
1673778265 193
1673778265 163
1673778265 124
1673778265 122
1673778266 153
1673778266 195
1673778268 167
1673778268 147
1673778268 122
1673778268 107
1673778269 117
1673778269 199
1673778270 164
1673778272 178
1673778272 103
1673778273 166
1673778273 190
1673778273 141
1673778273 130
1673778273 103
1673778274 144
1673778274 128
1673778274 175
1673778274 122
1673778275 110
1673778275 174
1673778276 188
1673778276 150
1673778276 162
1673778276 163
1673778276 129
1673778276 155
1673778276 122
1673778277 139
1673778278 181
1673778278 146
1673778278 106
1673778279 123
1673778280 102
1673778280 128
1673778280 123
1673778280 109
1673778281 147
1673778281 137
1673778281 126
1673778281 135
1673778281 145
1673778282 185
1673778282 135
1673778283 171
1673778283 183
1673778283 186
1673778284 195
1673778284 190
1673778284 179
1673778284 138
1673778284 178
1673778285 198
1673778285 126
1673778286 160
1673778286 160
1673778286 166
1673778287 152
1673778288 178
1673778289 197
1673778289 157
1673778291 146
1673778291 103
1673778291 146
1673778291 184
1673778292 139
1673778292 143
1673778292 130
1673778292 162
1673778293 121
1673778293 121
1673778294 146
1673778294 102
1673778294 191
1673778295 195
1673778295 107
1673778295 183
1673778295 199
1673778295 185
1673778296 200
1673778297 156
1673778297 153
1673778297 187
1673778298 199
1673778299 188
1673778299 183
1673778299 200
1673778299 177
1673778300 125
1673778300 110
1673778300 112
1673778300 110
1673778300 144
1673778301 165
1673778302 169
1673778302 104
1673778303 168
1673778303 175
1673778304 120
1673778304 151
1673778304 114
1673778304 193
1673778304 120
1673778305 145
1673778305 182
1673778305 143
1673778305 123
1673778306 148
1673778306 117
1673778306 170
1673778306 101
1673778306 164
1673778307 130
1673778307 150
1673778307 163
1673778307 131
1673778308 192
1673778309 120
1673778310 158
1673778310 157
1673778311 151
1673778311 138
1673778311 142
1673778312 133
1673778312 105
1673778313 162
1673778313 191
1673778313 153
1673778314 182
1673778315 188
1673778315 167
1673778315 197
1673778315 146
1673778315 198
1673778316 140
1673778316 162
1673778317 152
1673778317 121
1673778317 185
1673778318 112
1673778318 121
1673778319 160
1673778319 183
1673778319 150
1673778320 168
1673778320 143
1673778320 181
1673778320 141
1673778321 179
1673778321 143
1673778321 152
1673778322 162
1673778322 193
1673778322 169
1673778323 120
1673778323 164
1673778324 189
1673778324 138
1673778325 140
1673778325 150
1673778325 125
1673778325 162
1673778325 138
1673778327 168
1673778327 104
1673778327 164
1673778328 159
1673778328 149
1673778328 146
1673778329 153
1673778329 102
1673778330 153
1673778331 118
1673778331 186
1673778332 185
1673778332 150
1673778332 135
1673778333 105
1673778333 190
1673778333 199
1673778333 121
1673778334 175
1673778334 132
1673778334 102
1673778334 150
1673778334 194
1673778334 193
1673778335 176
1673778335 148
1673778336 101
1673778336 101
1673778337 139
1673778337 168
1673778338 183
1673778338 167
1673778338 109
1673778339 103
1673778339 172
1673778339 141
1673778339 101
1673778339 179
1673778339 154
1673778340 151
1673778340 113
1673778341 139
1673778342 145
1673778342 134
1673778342 150
1673778343 189
1673778344 123
1673778344 166
1673778345 178
1673778346 171
1673778346 193
1673778346 185
1673778347 117
1673778347 150
1673778348 163
1673778348 148
1673778348 199
1673778349 154
1673778350 196
1673778350 159
1673778351 148
1673778351 188
1673778351 126
1673778352 119
1673778352 101
1673778353 189
1673778354 180
1673778354 150
1673778355 167
1673778355 115
1673778356 124
1673778356 153
1673778357 111
1673778357 200
1673778357 108
1673778357 192
1673778357 159
1673778358 172
1673778358 140
1673778358 101
1673778359 115
1673778359 200
1673778360 112
1673778360 149
1673778360 174
1673778360 101
1673778361 162
1673778361 185
1673778362 163
1673778362 112
1673778362 137
1673778362 138
1673778363 169
1673778363 176
1673778363 167
1673778363 158
1673778364 109
1673778364 164
1673778364 127
1673778364 138
1673778365 127
1673778365 156
1673778366 195
1673778366 178
1673778366 179
1673778366 200
1673778367 190
1673778369 141
1673778369 172
1673778370 200
1673778370 131
1673778370 114
1673778370 197
1673778370 101
1673778371 167
1673778371 128
1673778372 118
1673778372 121
1673778372 165
1673778372 168
1673778374 160
1673778374 120
1673778375 147
1673778375 113
1673778375 104
1673778375 106
1673778375 160
1673778376 158
1673778376 183
1673778376 137
1673778376 107
1673778376 181
1673778377 199
1673778377 170
1673778377 146
1673778378 133
1673778378 168
1673778378 171
1673778378 186
1673778379 181
1673778379 130
1673778379 185
1673778379 141
1673778379 169
1673778379 142
1673778380 102
1673778380 196
1673778381 163
1673778381 173
1673778381 194
1673778382 160
1673778383 175
1673778383 132
1673778383 171
1673778384 144
1673778384 198
1673778385 168
1673778385 141
1673778385 153
1673778385 185
1673778386 200
1673778386 168
1673778386 149
1673778386 149
1673778386 107
1673778387 102
1673778387 184
1673778388 188
1673778388 107
1673778389 101
1673778390 102
1673778390 139
1673778390 103
1673778391 150
1673778391 127
1673778392 168
1673778392 121
1673778392 190
1673778392 185
1673778393 158
1673778394 180
1673778394 154
1673778395 170
1673778395 118
1673778396 166
1673778396 175
1673778396 163
1673778396 150
1673778396 176
1673778397 166
1673778398 152
1673778398 109
1673778398 152
1673778398 193
1673778398 110
1673778398 198
1673778398 107
1673778399 156
1673778399 141
1673778400 135
1673778400 112
1673778401 115
1673778401 193
1673778401 148
1673778403 188
1673778403 123
1673778403 169
1673778404 183
1673778404 153
1673778404 118
1673778404 143
1673778404 154
1673778404 137
1673778405 139
1673778405 162
1673778405 120
1673778405 109
1673778406 190
1673778406 120
1673778406 171
1673778407 134
1673778408 136
1673778408 173
1673778408 145
1673778409 114
1673778409 157
1673778409 195
1673778409 116
1673778410 188
1673778411 193
1673778411 133
1673778411 176
1673778411 110
1673778412 164
1673778412 112
1673778412 106
1673778412 121
1673778412 187
1673778413 124
1673778413 140
1673778413 192
1673778414 199
1673778414 110
1673778414 171
1673778414 174
1673778415 180
1673778415 146
1673778415 191
1673778416 148
1673778417 122
1673778418 169
1673778418 160
1673778418 128
1673778418 149
1673778419 170
1673778419 127
1673778419 168
1673778419 156
1673778419 139
1673778420 134
1673778420 106
1673778420 124
1673778420 183
1673778421 115
1673778421 136
1673778421 143
1673778422 103
1673778423 133
1673778423 198
1673778423 175
1673778424 148
1673778424 113
1673778424 124
1673778425 113
1673778425 169
1673778425 112
1673778425 146
1673778426 138
1673778426 156
1673778426 109
1673778426 108
1673778426 168
1673778426 198
1673778426 118
1673778426 118
1673778427 141
1673778428 120
1673778428 153
1673778429 128
1673778430 200
1673778430 126
1673778430 141
1673778431 186
1673778431 168
1673778431 120
1673778433 194
1673778433 180
1673778434 125
1673778434 154
1673778435 132
1673778436 116
1673778436 120
1673778436 145
1673778436 142
1673778437 148
1673778437 192
1673778437 117
1673778438 103
1673778438 148
1673778438 173
1673778440 138
1673778440 111
1673778440 138
1673778440 122
1673778441 152
1673778441 127
1673778441 158
1673778441 155
1673778441 109
1673778441 168
1673778441 165
1673778442 122
1673778442 169
1673778442 125
1673778442 159
1673778443 167
1673778443 122
1673778443 199
1673778444 149
1673778444 110
1673778444 192
1673778444 181
1673778444 171
1673778445 144
1673778445 153
1673778445 194
1673778446 134
1673778446 140
1673778446 118
1673778446 171
1673778447 137
1673778447 111
1673778447 136
1673778447 137
1673778447 183
1673778448 108
1673778448 132
1673778448 115
1673778448 183
1673778448 171
1673778449 109
1673778449 196
1673778451 129
1673778451 156
1673778452 187
1673778453 163
1673778453 162
1673778453 127
1673778453 196
1673778454 162
1673778454 144
1673778454 187
1673778454 186
1673778455 188
1673778455 152
1673778455 152
1673778456 115
1673778456 187
1673778457 116
1673778457 130
1673778457 197
1673778457 192
1673778458 148
1673778458 148
1673778459 177
1673778459 114
1673778459 136
1673778460 194
1673778461 110
1673778461 106
1673778462 195
1673778462 130
1673778462 164
1673778462 104
1673778463 173
1673778463 194
1673778463 165
1673778464 177
1673778464 196
1673778464 126
1673778465 174
1673778465 139
1673778466 104
1673778466 105
1673778466 112
1673778467 128
1673778468 189
1673778468 165
1673778468 168
1673778468 169
1673778468 183
1673778468 133
1673778469 168
1673778469 155
1673778470 174
1673778470 120
1673778470 124
1673778470 143
1673778471 107
1673778471 108
1673778471 103
1673778471 180
1673778472 126
1673778472 143
1673778472 168
1673778472 147
1673778472 163
1673778472 197
1673778473 158
1673778473 188
1673778473 164
1673778473 112
1673778474 149
1673778474 174
1673778474 101
1673778474 180
1673778474 165
1673778475 181
1673778476 141
1673778476 165
1673778477 116
1673778477 150
1673778478 112
1673778478 137
1673778479 185
1673778479 192
1673778480 147
1673778480 194
1673778481 175
1673778482 141
1673778483 113
1673778483 158
1673778483 156
1673778483 150
1673778483 142
1673778484 182
1673778485 135
1673778485 174
1673778486 173
1673778487 198
1673778487 130
1673778487 135
1673778487 188
1673778487 104
1673778488 171
1673778489 145
1673778489 160
1673778489 154
1673778489 140
1673778489 178
1673778489 196
1673778491 169
1673778491 172
1673778491 148
1673778491 179
1673778492 158
1673778493 105
1673778493 172
1673778493 195
1673778494 157
1673778494 150
1673778495 182
1673778495 123
1673778496 170
1673778497 101
1673778497 173
1673778498 128
1673778498 158
1673778499 194
1673778499 188
1673778499 149
1673778499 129
1673778499 171
1673778500 166
1673778501 158
1673778501 196
1673778501 140
1673778502 141
1673778502 138
1673778502 137
1673778503 136
1673778503 162
1673778503 107
1673778503 108
1673778503 143
1673778503 133
1673778504 116
1673778504 159
1673778505 167
1673778505 165
1673778505 134
1673778506 165
1673778507 122
1673778507 128
1673778507 116
1673778508 185
1673778508 185
1673778508 193
1673778508 157
1673778509 130
1673778509 136
1673778509 119
1673778509 168
1673778509 184
1673778509 118
1673778510 162
1673778510 108
1673778510 140
1673778511 125
1673778511 148
1673778511 153
1673778511 154
1673778512 110
1673778512 152
1673778513 198
1673778513 197
1673778514 107
1673778514 117
1673778514 115
1673778515 139
1673778515 111
1673778515 177
1673778515 103
1673778515 162
1673778516 194
1673778516 116
1673778516 117
1673778517 108
1673778517 174
1673778517 175
1673778517 191
1673778518 141
1673778519 163
1673778519 192
1673778519 166
1673778519 155
1673778520 110
1673778520 103
1673778521 112
1673778521 116
1673778521 109
1673778521 109
1673778521 134
1673778522 178
1673778523 119
1673778524 197
1673778524 159
1673778524 146
1673778525 110
1673778525 109
1673778525 182
1673778526 191
1673778526 143
1673778526 157
1673778527 130
1673778527 150
1673778527 179
1673778528 142
1673778528 195
1673778528 194
1673778528 151
1673778528 116
1673778529 155
1673778529 199
1673778529 102
1673778529 162
1673778529 101
1673778529 136
1673778530 110
1673778530 181
1673778530 144
1673778531 166
1673778532 185
1673778532 191
1673778532 180
1673778532 182
1673778532 147
1673778533 132
1673778533 196
1673778534 135
1673778534 105
1673778534 192
1673778536 176
1673778536 132
1673778536 119
1673778537 134
1673778537 164
1673778537 194
1673778538 168
1673778538 114
1673778539 138
1673778540 173
1673778540 113
1673778540 181
1673778540 147
1673778540 196
1673778540 123
1673778541 150
1673778541 125
1673778541 126
1673778541 175
1673778542 103
1673778542 108
1673778542 172
1673778542 171
1673778543 143
1673778544 157
1673778544 167
1673778544 173
1673778545 198
1673778545 165
1673778546 162
1673778546 132
1673778546 112
1673778547 177
1673778548 178
1673778548 112
1673778548 153
1673778548 153
1673778548 133
1673778548 114
1673778548 189
1673778549 114
1673778549 182
1673778550 143
1673778550 127
1673778550 157
1673778550 153
1673778550 117
1673778551 145
1673778551 200
1673778552 117
1673778552 174
1673778552 145
1673778553 147
1673778554 138
1673778554 113
1673778554 130
1673778555 197
1673778555 192
1673778555 138
1673778555 200
1673778555 165
1673778555 101
1673778556 191
1673778556 198
1673778556 167
1673778557 157
1673778557 152
1673778558 114
1673778559 110
1673778559 168
1673778559 184
1673778560 131
1673778560 131
1673778562 128
1673778562 156
1673778562 184
1673778562 184
1673778563 135
1673778563 140
1673778564 169
1673778564 108
1673778564 196
1673778565 137
1673778565 179
1673778565 194
1673778565 111
1673778566 128
1673778566 200
1673778566 142
1673778567 145
1673778567 162
1673778567 178
1673778568 135
1673778568 194
1673778569 123
1673778569 104
1673778569 151
1673778570 182
1673778571 157
1673778571 180
1673778572 146
1673778573 120
1673778573 167
1673778573 136
1673778573 103
1673778573 107
1673778574 126
1673778574 157
1673778574 200
1673778575 178
1673778575 131
1673778577 200
1673778577 180
1673778577 112
1673778577 184
1673778577 120
1673778578 123
1673778578 160
1673778579 123
1673778580 193
1673778580 196
1673778581 195
1673778581 190
1673778581 114
1673778582 174
1673778582 134
1673778582 104
1673778583 112
1673778583 143
1673778583 169
1673778583 137
1673778583 147
1673778583 194
1673778584 109
1673778584 191
1673778584 119
1673778585 129
1673778586 142
1673778586 154
1673778586 187
1673778587 119
1673778588 130
1673778588 177
1673778588 183
1673778588 191
1673778590 162
1673778590 127
1673778590 169
1673778591 127
1673778591 171
1673778593 103
1673778594 108
1673778594 150
1673778596 162
1673778596 118
1673778597 101
1673778597 187
1673778597 110
1673778597 167
1673778597 194
1673778598 194
1673778598 139
1673778599 175
1673778600 152
1673778600 197
1673778600 164
1673778600 133
1673778601 170
1673778602 118
1673778602 127
1673778603 196
1673778603 171
1673778604 169
1673778604 145
1673778605 144
1673778605 164
1673778605 198
1673778606 191
1673778607 160
1673778607 138
1673778607 142
1673778608 148
1673778608 113
1673778609 181
1673778610 179
1673778611 111
1673778611 180
1673778611 126
1673778612 119
1673778612 102
1673778612 115
1673778612 199
1673778613 143
1673778613 106
1673778613 148
1673778613 163
1673778614 119
1673778614 113
1673778615 145
1673778615 183
1673778616 113
1673778616 109
1673778616 151
1673778617 156
1673778617 154
1673778617 136
1673778618 155
1673778618 189
1673778619 197
1673778619 171
1673778619 133
1673778620 176
1673778620 135
1673778620 136
1673778620 115
1673778620 197
1673778621 127
1673778621 144
1673778621 194
1673778621 166
1673778622 124
1673778622 128
1673778622 171
1673778622 105
1673778623 189
1673778623 186
1673778623 165
1673778623 158
1673778624 181
1673778624 125
1673778624 152
1673778625 110
1673778625 126
1673778626 105
1673778626 191
1673778627 121
1673778627 149
1673778627 174
1673778628 128
1673778628 131
1673778629 149
1673778629 102
1673778630 190
1673778630 157
1673778630 149
1673778630 165
1673778631 145
1673778631 179
1673778632 164
1673778632 190
1673778632 169
1673778632 175
1673778632 124
1673778633 112
1673778634 147
1673778634 170
1673778635 141
1673778636 105
1673778636 139
1673778636 193
1673778636 135
1673778637 114
1673778637 102
1673778638 146
1673778638 114
1673778638 200
1673778638 159
1673778639 109
1673778639 124
1673778639 180
1673778640 172
1673778640 156
1673778640 157
1673778640 159
1673778641 155
1673778641 190
1673778641 134
1673778642 172
1673778642 141
1673778643 135
1673778644 152
1673778644 150
1673778645 151
1673778645 133
1673778645 104
1673778646 162
1673778646 106
1673778646 169
1673778646 142
1673778647 152
1673778648 122
1673778648 113
1673778649 190
1673778649 120
1673778650 120
1673778650 200
1673778650 184
1673778651 165
1673778651 199
1673778652 126
1673778652 163
1673778652 127
1673778652 156
1673778653 141
1673778653 144
1673778654 169
1673778654 121
1673778654 133
1673778655 129
1673778655 143
1673778655 180
1673778655 197
1673778656 151
1673778656 152
1673778657 196
1673778657 118
1673778657 152
1673778658 187
1673778658 177
1673778659 154
1673778660 148
1673778660 118
1673778660 157
1673778660 128
1673778660 107
1673778661 121
1673778661 192
1673778661 155
1673778662 195
1673778662 130
1673778663 114
1673778663 192
1673778663 189
1673778663 113
1673778664 104
1673778664 179
1673778664 121
1673778665 110
1673778665 180
1673778665 167
1673778666 128
1673778666 103
1673778666 132
1673778666 112
1673778667 179
1673778667 178
1673778667 185
1673778669 136
1673778670 128
1673778671 133
1673778672 108
1673778673 107
1673778673 115
1673778674 147
1673778674 156
1673778675 195
1673778675 101
1673778676 119
1673778677 133
1673778677 165
1673778677 188
1673778677 191
1673778677 192
1673778678 176
1673778678 107
1673778678 179
1673778679 138
1673778679 122
1673778679 129
1673778681 199
1673778682 127
1673778682 191
1673778682 185
1673778682 178
1673778683 124
1673778683 141
1673778684 176
1673778684 163
1673778685 191
1673778686 146
1673778686 159
1673778687 122
1673778687 110
1673778688 145
1673778688 141
1673778688 154
1673778688 195
1673778689 159
1673778689 111
1673778689 126
1673778689 111
1673778689 101
1673778690 107
1673778691 163
1673778691 128
1673778692 168
1673778692 176
1673778692 103
1673778692 110
1673778693 161
1673778693 175
1673778694 139
1673778694 149
1673778694 191
1673778694 157
1673778694 161
1673778695 150
1673778695 175
1673778695 128
1673778695 116
1673778695 184
1673778696 129
1673778696 122
1673778696 180
1673778696 130
1673778696 192
1673778697 188
1673778697 195
1673778697 133
1673778697 117
1673778698 106
1673778698 128
1673778698 199
1673778698 190
1673778699 146
1673778699 159
1673778699 130
1673778699 110
1673778700 176
1673778700 111
1673778700 193
1673778701 171
1673778702 137
1673778702 133
1673778702 129
1673778702 104
1673778703 175
1673778704 184
1673778704 166
1673778704 174
1673778705 111
1673778705 169
1673778706 161
1673778706 182
1673778706 134
1673778707 132
1673778707 170
1673778707 154
1673778708 152
1673778708 159
1673778708 156
1673778708 178
1673778709 149
1673778709 159
1673778710 165
1673778711 110
1673778711 183
1673778711 160
1673778711 165
1673778711 187
1673778712 176
1673778712 125
1673778712 172
1673778712 109
1673778712 122
1673778712 189
1673778713 105
1673778713 128
1673778714 102
1673778714 109
1673778714 133
1673778714 170
1673778715 178
1673778715 113
1673778715 129
1673778715 137
1673778715 173
1673778715 105
1673778715 127
1673778716 109
1673778717 177
1673778717 168
1673778718 110
1673778718 162
1673778718 188
1673778718 178
1673778720 116
1673778720 107
1673778721 133
1673778721 190
1673778721 190
1673778721 115
1673778722 161
1673778722 159
1673778722 106
1673778722 149
1673778722 165
1673778723 123
1673778723 166
1673778724 155
1673778724 135
1673778724 124
1673778724 169
1673778725 180
1673778725 149
1673778725 169
1673778725 133
1673778725 198
1673778726 188
1673778726 122
1673778727 156
1673778727 197
1673778727 173
1673778727 180
1673778727 117
1673778727 166
1673778727 161
1673778729 101
1673778729 122
1673778730 179
1673778730 153
1673778731 108
1673778731 123
1673778731 159
1673778732 160
1673778732 146
1673778732 180
1673778732 197
1673778733 151
1673778734 198
1673778734 110
1673778734 115
1673778734 187
1673778735 156
1673778735 180
1673778737 167
1673778737 192
1673778737 116
1673778737 183
1673778737 105
1673778737 134
1673778738 171
1673778738 155
1673778738 102
1673778738 135
1673778739 133
1673778739 189
1673778739 147
1673778740 101
1673778740 115
1673778741 114
1673778742 106
1673778742 161
1673778742 152
1673778742 140
1673778742 183
1673778743 145
1673778743 126
1673778744 173
1673778744 104
1673778745 126
1673778745 183
1673778745 196
1673778746 138
1673778746 182
1673778747 140
1673778747 133
1673778747 131
1673778747 162
1673778747 166
1673778747 188
1673778748 104
1673778748 101
1673778749 188
1673778750 117
1673778751 159
1673778751 146
1673778751 192
1673778751 144
1673778751 117
1673778752 147
1673778752 121
1673778753 177
1673778753 185
1673778754 162
1673778754 108
1673778754 118
1673778755 159
1673778755 132
1673778755 191
1673778756 180
1673778756 112
1673778756 163
1673778757 108
1673778757 154
1673778757 135
1673778758 152
1673778758 129
1673778758 190
1673778759 192
1673778759 188
1673778759 142
1673778759 174
1673778759 120
1673778760 170
1673778761 119
1673778761 171
1673778761 141
1673778761 135
1673778761 135
1673778762 156
1673778763 190
1673778764 152
1673778764 193
1673778765 114
1673778766 126
1673778766 159
1673778767 101
1673778768 119
1673778768 132
1673778768 127
1673778768 171
1673778771 126
1673778771 121
1673778771 189
1673778772 148
1673778772 151
1673778772 159
1673778773 146
1673778773 160
1673778773 121
1673778774 143
1673778774 122
1673778774 136
1673778774 132
1673778776 186
1673778776 152
1673778776 173
1673778776 187
1673778776 132
1673778776 176
1673778777 188
1673778777 180
1673778777 106
1673778777 157
1673778777 147
1673778778 180
1673778778 148
1673778779 114
1673778779 176
1673778779 198
1673778780 157
1673778780 194
1673778781 148
1673778782 176
1673778783 116
1673778783 155
1673778783 175
1673778784 144
1673778785 169
1673778785 159
1673778785 176
1673778786 188
1673778786 111
1673778786 166
1673778786 185
1673778786 142
1673778787 103
1673778788 124
1673778789 130
1673778790 162
1673778790 185
1673778791 109
1673778791 199
1673778791 199
1673778791 181
1673778792 103
1673778792 162
1673778792 189
1673778793 112
1673778794 182
1673778794 183
1673778794 116
1673778795 163
1673778795 133
1673778795 162
1673778796 131
1673778796 102
1673778796 183
1673778797 145
1673778798 124
1673778798 172
1673778798 166
1673778798 164
1673778799 139
1673778800 155
1673778800 190
1673778801 179
1673778801 189
1673778801 135
1673778801 195
1673778802 102
1673778803 124
1673778803 149
1673778804 133
1673778804 101
1673778804 168
1673778805 188
1673778805 123
1673778806 158
1673778807 163
1673778807 144
1673778807 169
1673778807 108
1673778808 199
1673778808 126
1673778808 160
1673778808 117
1673778810 190
1673778811 146
1673778811 150
1673778811 135
1673778812 184
1673778812 127
1673778812 151
1673778813 105
1673778813 163
1673778813 192
1673778814 188
1673778814 159
1673778814 170
1673778814 169
1673778814 108
1673778814 104
1673778814 144
1673778815 157
1673778816 138
1673778817 129
1673778818 138
1673778819 182
1673778819 174
1673778819 200
1673778820 147
1673778820 165
1673778820 127
1673778820 196
1673778821 186
1673778821 189
1673778821 151
1673778823 114
1673778823 106
1673778824 192
1673778824 117
1673778824 128
1673778825 196
1673778825 200
1673778825 177
1673778825 179
1673778825 169
1673778826 109
1673778827 181
1673778828 147
1673778828 101
1673778828 107
1673778828 101
1673778829 163
1673778830 121
1673778831 164
1673778831 106
1673778832 155
1673778832 174
1673778832 123
1673778832 156
1673778833 176
1673778833 104
1673778833 171
1673778833 124
1673778834 117
1673778835 150
1673778835 196
1673778837 140
1673778837 156
1673778837 171
1673778838 162
1673778838 139
1673778838 181
1673778838 122
1673778839 115
1673778839 143
1673778840 189
1673778841 139
1673778841 126
1673778841 120
1673778841 106
1673778842 105
1673778842 137
1673778842 159
1673778843 116
1673778844 111
1673778844 187
1673778844 158
1673778845 153
1673778845 182
1673778845 159
1673778845 157
1673778845 193
1673778846 125
1673778846 187
1673778847 154
1673778847 130
1673778848 109
1673778848 190
1673778848 116
1673778848 179
1673778849 197
1673778849 120
1673778849 154
1673778849 146
1673778850 135
1673778850 139
1673778851 148
1673778851 144
1673778851 134
1673778851 108
1673778852 175
1673778853 127
1673778853 108
1673778853 143
1673778853 123
1673778853 120
1673778854 128
1673778854 127
1673778855 106
1673778855 128
1673778856 196
1673778856 136
1673778856 171
1673778857 145
1673778857 131
1673778857 188
1673778857 159
1673778858 140
1673778858 160
1673778859 121
1673778860 105
1673778860 110
1673778861 140
1673778861 110
1673778861 133
1673778862 104
1673778863 116
1673778864 130
1673778864 167
1673778864 122
1673778865 143
1673778865 158
1673778866 180
1673778867 134
1673778867 196
1673778868 141
1673778869 118
1673778869 140
1673778869 118
1673778869 113
1673778870 104
1673778870 136
1673778870 115
1673778870 195
1673778870 111
1673778871 155
1673778871 135
1673778872 191
1673778872 148
1673778872 137
1673778873 118
1673778873 186
1673778873 156
1673778874 144
1673778874 118
1673778874 150
1673778874 127
1673778874 173
1673778874 151
1673778874 186
1673778875 168
1673778875 164
1673778876 113
1673778877 189
1673778877 179
1673778877 101
1673778877 139
1673778878 147
1673778878 148
1673778879 149
1673778879 193
1673778879 152
1673778880 155
1673778880 107
1673778880 137
1673778880 138
1673778881 156
1673778882 102
1673778883 192
1673778883 172
1673778883 192
1673778883 170
1673778884 162
1673778884 197
1673778885 157
1673778885 164
1673778885 200
1673778886 138
1673778886 115
1673778886 111
1673778887 164
1673778887 180
1673778887 161
1673778887 175
1673778887 171
1673778887 158
1673778888 154
1673778888 156
1673778888 117
1673778889 179
1673778890 176
1673778890 150
1673778891 148
1673778891 144
1673778892 151
1673778892 156
1673778892 107
1673778893 126
1673778893 109
1673778893 137
1673778894 141
1673778895 116
1673778895 159
1673778895 140
1673778896 186
1673778897 135
1673778899 175
1673778902 184
1673778902 101
1673778902 140
1673778903 133
1673778903 164
1673778903 148
1673778904 128
1673778905 171
1673778905 185
1673778905 148
1673778905 169
1673778905 168
1673778906 110
1673778906 156
1673778908 148
1673778908 123
1673778908 182
1673778908 180
1673778910 187
1673778910 135
1673778910 191
1673778911 167
1673778911 106
1673778912 154
1673778912 146
1673778913 187
1673778914 132
1673778914 177
1673778914 156
1673778915 106
1673778915 191
1673778915 188
1673778915 144
1673778916 102
1673778917 162
1673778917 181
1673778918 143
1673778918 143
1673778918 192
1673778919 143
1673778919 191
1673778919 190
1673778920 152
1673778920 130
1673778920 147
1673778921 108
1673778921 167
1673778921 124
1673778921 163
1673778922 182
1673778922 171
1673778922 176
1673778923 109
1673778923 167
1673778924 141
1673778924 182
1673778925 126
1673778925 191
1673778925 185
1673778925 150
1673778925 188
1673778926 143
1673778926 114
1673778926 119
1673778927 171
1673778927 127
1673778927 168
1673778928 200
1673778929 178
1673778929 140
1673778929 161
1673778930 123
1673778930 117
1673778931 134
1673778932 173
1673778932 191
1673778932 181
1673778933 196
1673778933 146
1673778935 129
1673778935 118
1673778935 119
1673778935 109
1673778935 182
1673778935 196
1673778936 144
1673778936 142
1673778937 200
1673778939 194
1673778939 170
1673778940 101
1673778940 200
1673778941 166
1673778941 132
1673778942 156
1673778942 121
1673778942 121
1673778943 165
1673778944 143
1673778944 122
1673778945 180
1673778945 183
1673778945 143
1673778945 197
1673778946 174
1673778946 154
1673778946 111
1673778947 128
1673778948 190
1673778948 171
1673778949 109
1673778951 176
1673778951 135
1673778951 188
1673778951 185
1673778951 161
1673778952 102
1673778952 153
1673778952 113
1673778952 171
1673778953 141
1673778953 178
1673778953 192
1673778954 119
1673778954 200
1673778954 116
1673778955 184
1673778955 180
1673778956 178
1673778956 118
1673778957 166
1673778957 157
1673778957 142
1673778957 148
1673778959 158
1673778959 175
1673778960 165
1673778960 157
1673778960 115
1673778961 167
1673778961 112
1673778961 195
1673778962 193
1673778962 180
1673778963 133
1673778963 132
1673778963 181
1673778963 177
1673778964 170
1673778964 159
1673778964 140
1673778964 153
1673778965 171
1673778965 125
1673778965 113
1673778966 179
1673778966 200
1673778966 109
1673778967 127
1673778968 160
1673778968 112
1673778968 114
1673778968 186
1673778968 196
1673778969 151
1673778969 115
1673778969 104
1673778970 160
1673778971 133
1673778971 145
1673778972 101
1673778972 127
1673778972 187
1673778972 163
1673778973 119
1673778973 188
1673778973 138
1673778973 192
1673778974 177
1673778975 200
1673778976 134
1673778977 169
1673778977 124
1673778977 102
1673778978 123
1673778978 199
1673778978 188
1673778979 170
1673778979 171
1673778980 136
1673778980 178
1673778981 150
1673778981 164
1673778981 108
1673778982 145
1673778983 184
1673778983 146
1673778983 138
1673778983 111
1673778984 160
1673778984 153
1673778984 125
1673778985 177
1673778985 186
1673778985 120
1673778986 170
1673778986 134
1673778986 159
1673778987 141
1673778988 197
1673778989 103
1673778989 157
1673778989 145
1673778989 181
1673778989 133
1673778989 197
1673778989 133
1673778990 174
1673778990 175
1673778990 191
1673778990 149
1673778990 173
1673778990 123
1673778991 185
1673778991 190
1673778992 111
1673778992 130
1673778992 107
1673778993 165
1673778993 175
1673778993 149
1673778994 148
1673778994 172
1673778995 166
1673778995 158
1673778995 107
1673778995 164
1673778995 172
1673778996 154
1673778996 186
1673778996 199
1673778997 112
1673778997 178
1673778999 152
1673778999 165
1673779000 158
1673779000 127
1673779001 184
1673779001 153
1673779001 183
1673779001 124
1673779001 169
1673779002 123
1673779002 103
1673779002 184
1673779003 178
1673779005 157
1673779005 154
1673779005 153
1673779008 181
1673779009 145
1673779009 179
1673779009 159
1673779009 122
1673779011 167
1673779011 195
1673779011 118
1673779011 138
1673779012 133
1673779012 149
1673779012 194
1673779012 116
1673779013 185
1673779014 151
1673779014 143
1673779015 144
1673779015 155
1673779016 172
1673779016 182
1673779016 130
1673779016 131
1673779017 138
1673779018 175
1673779019 164
1673779019 136
1673779020 161
1673779020 168
1673779020 127
1673779020 143
1673779020 183
1673779020 101
1673779020 130
1673779021 194
1673779022 104
1673779022 196
1673779022 132
1673779022 127
1673779023 188
1673779023 193
1673779023 116
1673779023 134
1673779024 109
1673779024 138
1673779024 177
1673779025 196
1673779025 199
1673779025 175
1673779026 181
1673779026 199
1673779026 169
1673779026 148
1673779028 107
1673779028 115
1673779029 195
1673779029 196
1673779030 199
1673779030 156
1673779032 160
1673779032 120
1673779032 153
1673779033 160
1673779033 133
1673779033 174
1673779033 134
1673779033 129
1673779033 183
1673779033 170
1673779034 126
1673779034 193
1673779034 126
1673779035 112
1673779035 163
1673779035 148
1673779036 198
1673779036 177
1673779036 130
1673779037 109
1673779037 104
1673779038 173
1673779038 121
1673779038 179
1673779040 104
1673779040 178
1673779040 199
1673779041 156
1673779041 147
1673779042 168
1673779042 168
1673779042 164
1673779042 167
1673779042 178
1673779042 168
1673779043 184
1673779043 183
1673779043 109
1673779043 192
1673779043 193
1673779044 139
1673779044 123
1673779045 182
1673779045 113
1673779046 181
1673779046 144
1673779046 175
1673779046 195
1673779047 172
1673779048 180
1673779048 182
1673779049 112
1673779049 176
1673779050 173
1673779050 111
1673779051 164
1673779052 164
1673779052 195
1673779052 116
1673779053 185
1673779053 109
1673779054 194
1673779054 103
1673779055 121
1673779055 154
1673779055 131
1673779055 119
1673779055 149
1673779056 159
1673779056 124
1673779057 105
1673779057 169
1673779058 144
1673779058 121
1673779058 197
1673779059 142
1673779060 128
1673779060 103
1673779060 151
1673779061 174
1673779061 154
1673779063 141
1673779063 119
1673779063 131
1673779064 106
1673779064 125
1673779064 130
1673779064 164
1673779065 116
1673779066 192
1673779066 126
1673779067 101
1673779067 107
1673779067 161
1673779067 168
1673779068 160
1673779068 150
1673779068 161
1673779068 168
1673779069 123
1673779069 147
1673779070 173
1673779071 150
1673779071 138
1673779071 187
1673779071 116
1673779072 117
1673779072 184
1673779072 113
1673779072 135
1673779073 130
1673779073 124
1673779075 166
1673779075 196
1673779075 139
1673779075 198
1673779075 192
1673779075 115
1673779076 146
1673779076 199
1673779076 148
1673779076 143
1673779076 143
1673779076 110
1673779076 147
1673779077 115
1673779077 173
1673779077 135
1673779077 134
1673779077 103
1673779078 181
1673779079 188
1673779079 120
1673779079 154
1673779079 179
1673779080 142
1673779080 193
1673779080 107
1673779080 200
1673779080 126
1673779080 174
1673779080 144
1673779081 194
1673779081 126
1673779081 176
1673779081 110
1673779081 140
1673779082 112
1673779082 110
1673779082 117
1673779082 105
1673779083 126
1673779083 196
1673779083 194
1673779083 182
1673779083 123
1673779084 145
1673779085 191
1673779085 122
1673779086 112
1673779086 164
1673779086 160
1673779086 110
1673779087 141
1673779087 137
1673779088 106
1673779088 140
1673779088 119
1673779089 177
1673779089 136
1673779090 116
1673779091 115
1673779091 153
1673779091 193
1673779092 184
1673779092 149
1673779092 127
1673779092 129
1673779092 200
1673779092 117
1673779093 116
1673779094 180
1673779094 171
1673779094 155
1673779094 195
1673779094 114
1673779095 169
1673779095 184
1673779095 106
1673779095 131
1673779096 162
1673779096 115
1673779097 197
1673779097 151
1673779097 179
1673779098 178
1673779098 139
1673779099 166
1673779099 174
1673779100 115
1673779100 112
1673779101 116
1673779101 193
1673779102 164
1673779103 167
1673779103 136
1673779103 169
1673779103 171
1673779103 104
1673779103 152
1673779103 128
1673779103 124
1673779104 181
1673779104 167
1673779104 104
1673779104 136
1673779104 184
1673779105 195
1673779105 143
1673779105 128
1673779106 101
1673779106 186
1673779106 176
1673779107 117
1673779107 120
1673779107 175
1673779108 155
1673779109 176
1673779109 164
1673779109 125
1673779110 156
1673779111 167
1673779111 128
1673779111 155
1673779111 172
1673779111 190
1673779111 198
1673779111 171
1673779111 187
1673779112 113
1673779112 117
1673779112 184
1673779112 142
1673779112 142
1673779113 155
1673779113 177
1673779113 131
1673779113 192
1673779114 122
1673779114 128
1673779114 194
1673779114 162
1673779114 151
1673779116 114
1673779116 139
1673779117 162
1673779117 186
1673779117 140
1673779117 136
1673779118 119
1673779119 108
1673779119 162
1673779119 102
1673779119 192
1673779119 174
1673779119 139
1673779119 170
1673779120 154
1673779121 129
1673779121 173
1673779121 105
1673779121 102
1673779122 145
1673779122 118
1673779123 114
1673779123 187
1673779124 106
1673779124 137
1673779125 136
1673779126 186
1673779126 103
1673779126 160
1673779127 141
1673779127 142
1673779127 166
1673779128 106
1673779128 192
1673779128 131
1673779129 167
1673779129 115
1673779129 104
1673779129 143
1673779130 180
1673779130 180
1673779130 104
1673779130 173
1673779130 114
1673779130 103
1673779130 182
1673779130 142
1673779131 167
1673779131 159
1673779131 152
1673779131 156
1673779131 195
1673779132 199
1673779132 153
1673779132 130
1673779132 121
1673779133 111
1673779133 113
1673779133 141
1673779133 171
1673779134 110
1673779134 194
1673779135 156
1673779135 144
1673779136 138
1673779136 121
1673779137 115
1673779138 113
1673779138 199
1673779138 200
1673779138 159
1673779139 106
1673779140 130
1673779140 122
1673779140 104
1673779140 145
1673779141 189
1673779141 115
1673779141 129
1673779141 194
1673779142 106
1673779142 155
1673779142 153
1673779143 142
1673779143 170
1673779143 186
1673779143 171
1673779143 136
1673779144 175
1673779144 150
1673779144 104
1673779144 193
1673779144 199
1673779145 104
1673779145 162
1673779145 169
1673779145 179
1673779146 186
1673779147 147
1673779147 128
1673779147 146
1673779147 157
1673779148 161
1673779148 188
1673779148 124
1673779148 188
1673779149 138
1673779149 135
1673779149 118
1673779149 133
1673779150 121
1673779150 185
1673779150 106
1673779150 164
1673779151 193
1673779151 165
1673779152 143
1673779152 165
1673779152 140
1673779152 133
1673779154 191
1673779154 114
1673779154 145
1673779155 118
1673779155 108
1673779155 131
1673779155 131
1673779155 169
1673779156 141
1673779156 120
1673779156 159
1673779156 126
1673779157 108
1673779157 171
1673779157 128
1673779158 180
1673779158 200
1673779158 127
1673779158 178
1673779159 136
1673779159 147
1673779159 128
1673779159 108
1673779161 200
1673779161 181
1673779162 187
1673779162 127
1673779163 149
1673779163 118
1673779163 121
1673779165 124
1673779165 101
1673779166 140
1673779166 119
1673779166 163
1673779166 111
1673779167 109
1673779167 132
1673779167 157
1673779168 125
1673779168 172
1673779168 120
1673779168 180
1673779168 164
1673779168 141
1673779168 192
1673779168 130
1673779169 177
1673779169 149
1673779169 198
1673779169 121
1673779170 135
1673779170 200
1673779171 119
1673779171 194
1673779172 191
1673779172 164
1673779173 197
1673779173 192
1673779174 200
1673779174 170
1673779174 179
1673779175 180
1673779175 153
1673779176 130
1673779176 128
1673779177 149
1673779177 164
1673779177 115
1673779177 173
1673779178 105
1673779180 103
1673779180 193
1673779180 169
1673779180 176
1673779182 113
1673779182 145
1673779182 170
1673779182 118
1673779184 135
1673779184 199
1673779184 120
1673779185 142
1673779185 147
1673779185 123
1673779186 198
1673779186 129
1673779186 152
1673779187 145
1673779187 103
1673779187 107
1673779187 126
1673779187 154
1673779188 144
1673779188 196
1673779188 197
1673779188 136
1673779189 153
1673779189 144
1673779190 123
1673779190 172
1673779191 131
1673779191 142
1673779192 183
1673779192 154
1673779193 103
1673779193 135
1673779193 190
1673779193 152
1673779193 148
1673779194 185
1673779194 127
1673779194 186
1673779195 163
1673779196 200
1673779197 148
1673779198 157
1673779198 191
1673779198 101
1673779199 133
1673779199 162
1673779199 129
1673779199 146
1673779200 114
1673779200 177
1673779200 140
1673779200 156
1673779201 101
1673779201 125
1673779202 133
1673779202 167
1673779202 119
1673779202 197
1673779203 149
1673779204 129
1673779204 170
1673779204 180
1673779204 175
1673779204 187
1673779204 191
1673779205 190
1673779205 102
1673779205 163
1673779206 120
1673779206 176
1673779206 143
1673779206 190
1673779206 145
1673779207 116
1673779209 129
1673779209 139
1673779209 158
1673779210 164
1673779210 143
1673779210 188
1673779211 180
1673779211 175
1673779211 148
1673779211 171
1673779211 150
1673779212 141
1673779212 118
1673779212 173
1673779212 113
1673779213 173
1673779213 102
1673779216 196
1673779216 129
1673779217 173
1673779217 159
1673779217 158
1673779217 103
1673779217 118
1673779218 112
1673779218 126
1673779218 125
1673779219 176
1673779219 184
1673779219 175
1673779220 166
1673779221 172
1673779221 124
1673779221 159
1673779221 197
1673779222 195
1673779222 180
1673779222 178
1673779223 164
1673779223 192
1673779223 143
1673779223 152
1673779223 171
1673779223 153
1673779224 134
1673779224 181
1673779225 150
1673779225 170
1673779225 143
1673779226 176
1673779226 130
1673779226 146
1673779226 115
1673779227 129
1673779228 171
1673779228 152
1673779229 127
1673779229 109
1673779229 161
1673779230 180
1673779230 137
1673779231 117
1673779232 174
1673779232 175
1673779233 160
1673779233 194
1673779233 185
1673779233 121
1673779233 105
1673779233 132
1673779234 144
1673779234 132
1673779235 170
1673779235 157
1673779236 175
1673779236 147
1673779237 142
1673779237 127
1673779238 141
1673779239 172
1673779239 128
1673779239 193
1673779240 140
1673779240 142
1673779240 176
1673779241 120
1673779241 190
1673779241 154
1673779241 160
1673779241 131
1673779242 194
1673779242 180
1673779244 121
1673779244 126
1673779245 155
1673779245 174
1673779245 112
1673779246 153
1673779246 142
1673779247 193
1673779247 104
1673779247 198
1673779247 170
1673779247 102
1673779248 136
1673779249 108
1673779249 159
1673779250 184
1673779251 156
1673779251 129
1673779251 196
1673779252 182
1673779252 124
1673779253 155
1673779253 111
1673779253 172
1673779253 190
1673779253 125
1673779254 111
1673779257 188
1673779257 117
1673779258 171
1673779258 170
1673779258 126
1673779259 157
1673779259 135
1673779259 110
1673779259 127
1673779260 114
1673779260 105
1673779260 122
1673779260 126
1673779260 159
1673779261 118
1673779261 137
1673779261 175
1673779261 187
1673779261 130
1673779262 142
1673779262 157
1673779262 143
1673779262 160
1673779263 186
1673779263 105
1673779263 174
1673779264 194
1673779264 130
1673779264 164
1673779264 181
1673779265 193
1673779266 165
1673779267 166
1673779267 138
1673779267 158
1673779267 147
1673779267 119
1673779268 162
1673779268 162
1673779269 165
1673779269 134
1673779269 173
1673779270 129
1673779270 183
1673779270 178
1673779271 177
1673779271 184
1673779271 118
1673779272 183
1673779272 161
1673779272 167
1673779272 123
1673779272 191
1673779273 127
1673779273 185
1673779273 195
1673779275 103
1673779275 191
1673779276 200
1673779276 189
1673779276 117
1673779277 133
1673779278 190
1673779278 105
1673779278 168
1673779279 159
1673779279 118
1673779279 142
1673779280 121
1673779280 151
1673779280 139
1673779280 125
1673779281 125
1673779281 101
1673779281 118
1673779281 131
1673779282 119
1673779282 190
1673779282 136
1673779283 194
1673779283 102
1673779283 193
1673779284 131
1673779285 137
1673779285 185
1673779285 122
1673779285 182
1673779285 160
1673779285 122
1673779286 188
1673779286 175
1673779286 156
1673779286 186
1673779286 161
1673779286 126
1673779286 173
1673779287 187
1673779287 181
1673779287 138
1673779288 163
1673779288 173
1673779288 128
1673779289 150
1673779289 149
