1673776802 181
1673776802 130
1673776802 161
1673776802 182
1673776804 136
1673776807 126
1673776808 144
1673776809 139
1673776810 129
1673776811 140
1673776812 124
1673776812 113
1673776812 152
1673776813 108
1673776813 152
1673776813 199
1673776813 179
1673776815 129
1673776816 108
1673776816 146
1673776816 129
1673776816 174
1673776817 183
1673776817 147
1673776819 146
1673776820 106
1673776820 159
1673776820 103
1673776821 186
1673776822 183
1673776822 157
1673776824 103
1673776825 156
1673776826 185
1673776828 126
1673776829 144
1673776831 196
1673776832 159
1673776832 147
1673776833 196
1673776836 191
1673776838 190
1673776838 174
1673776838 107
1673776838 151
1673776838 198
1673776839 138
1673776840 127
1673776842 147
1673776842 103
1673776844 104
1673776849 149
1673776851 177
1673776851 174
1673776851 171
1673776853 180
1673776857 196
1673776858 190
1673776858 129
1673776859 184
1673776860 189
1673776861 162
1673776862 200
1673776863 173
1673776864 128
1673776866 107
1673776866 142
1673776866 103
1673776871 122
1673776871 188
1673776871 184
1673776871 137
1673776871 145
1673776872 152
1673776872 147
1673776873 140
1673776874 172
1673776875 173
1673776876 179
1673776876 194
1673776876 112
1673776878 131
1673776878 188
1673776879 102
1673776879 101
1673776879 137
1673776882 158
1673776884 127
1673776885 145
1673776888 164
1673776890 102
1673776890 152
1673776890 199
1673776890 161
1673776892 150
1673776892 162
1673776892 140
1673776892 101
1673776893 159
1673776894 104
1673776895 155
1673776895 190
1673776895 121
1673776896 188
1673776897 197
1673776897 175
1673776897 197
1673776897 147
1673776898 195
1673776898 147
1673776898 142
1673776899 105
1673776899 150
1673776899 121
1673776900 165
1673776900 138
1673776900 132
1673776901 150
1673776901 188
1673776901 104
1673776901 159
1673776902 171
1673776903 188
1673776903 137
1673776904 140
1673776904 189
1673776906 198
1673776917 113
1673776917 188
1673776917 150
1673776920 184
1673776922 189
1673776922 165
1673776922 184
1673776922 192
1673776922 119
1673776923 177
1673776923 127
1673776924 136
1673776925 182
1673776925 168
1673776925 148
1673776925 130
1673776925 153
1673776926 151
1673776926 113
1673776927 149
1673776927 139
1673776927 189
1673776928 142
1673776928 148
1673776928 118
1673776929 125
1673776929 138
1673776930 197
1673776930 129
1673776931 183
1673776931 141
1673776932 154
1673776932 143
1673776932 133
1673776932 169
1673776932 163
1673776933 183
1673776933 113
1673776934 144
1673776934 156
1673776934 154
1673776934 175
1673776934 103
1673776935 189
1673776935 128
1673776935 157
1673776935 151
1673776936 157
1673776936 118
1673776937 138
1673776937 107
1673776937 102
1673776937 197
1673776937 176
1673776937 107
1673776938 177
1673776938 140
1673776938 182
1673776939 181
1673776939 176
1673776940 175
1673776941 104
1673776941 193
1673776941 176
1673776942 111
1673776943 141
1673776943 118
1673776944 105
1673776944 166
1673776944 190
1673776944 181
1673776945 189
1673776945 150
1673776945 194
1673776945 194
1673776945 179
1673776946 200
1673776946 181
1673776948 147
1673776949 192
1673776949 167
1673776950 185
1673776950 190
1673776951 176
1673776952 192
1673776952 176
1673776953 193
1673776953 161
1673776954 166
1673776954 139
1673776955 135
1673776955 132
1673776956 185
1673776956 121
1673776956 105
1673776957 134
1673776957 186
1673776957 158
1673776958 136
1673776958 146
1673776959 121
1673776959 143
1673776960 169
1673776960 168
1673776961 148
1673776961 152
1673776962 189
1673776962 113
1673776962 170
1673776962 113
1673776962 178
1673776962 103
1673776963 191
1673776963 158
1673776963 109
1673776964 131
1673776965 144
1673776966 144
1673776966 178
1673776966 165
1673776967 106
1673776967 132
1673776967 109
1673776967 191
1673776967 168
1673776968 156
1673776968 119
1673776968 118
1673776969 183
1673776969 182
1673776970 130
1673776970 183
1673776971 186
1673776971 113
1673776971 101
1673776971 188
1673776972 104
1673776972 114
1673776972 165
1673776973 119
1673776973 173
1673776974 141
1673776975 112
1673776975 182
1673776976 162
1673776976 199
1673776976 115
1673776976 121
1673776977 110
1673776977 104
1673776977 139
1673776978 160
1673776979 142
1673776979 153
1673776979 111
1673776980 101
1673776980 150
1673776980 183
1673776981 102
1673776981 155
1673776982 130
1673776982 107
1673776982 122
1673776982 124
1673776983 197
1673776983 151
1673776984 149
1673776985 108
1673776986 117
1673776987 140
1673776988 113
1673776988 127
1673776989 143
1673776990 150
1673776990 171
1673776991 169
1673776992 164
1673776992 133
1673776996 160
1673776996 157
1673776996 173
1673776998 171
1673776999 145
1673776999 139
1673776999 172
1673777000 128
1673777000 114
1673777000 176
1673777001 166
1673777001 192
1673777001 147
1673777002 182
1673777002 190
1673777003 199
1673777004 137
1673777004 107
1673777005 128
1673777005 173
1673777005 174
1673777006 169
1673777007 154
1673777007 148
1673777008 122
1673777010 130
1673777010 196
1673777011 117
1673777011 124
1673777011 198
1673777011 134
1673777012 140
1673777012 167
1673777013 198
1673777014 192
1673777015 143
1673777016 150
1673777016 153
1673777016 144
1673777016 132
1673777017 139
1673777017 145
1673777018 170
1673777018 185
1673777019 160
1673777019 158
1673777019 180
1673777020 187
1673777020 127
1673777021 178
1673777021 185
1673777021 169
1673777022 168
1673777023 185
1673777023 185
1673777024 125
1673777026 132
1673777026 123
1673777026 113
1673777026 160
1673777027 137
1673777027 164
1673777027 131
1673777028 109
1673777028 154
1673777028 149
1673777029 130
1673777029 122
1673777030 134
1673777030 182
1673777030 199
1673777030 143
1673777030 145
1673777031 182
1673777031 186
1673777031 169
1673777031 130
1673777032 137
1673777032 108
1673777032 191
1673777032 160
1673777032 163
1673777033 183
1673777033 108
1673777033 154
1673777033 176
1673777034 111
1673777034 179
1673777034 119
1673777035 149
1673777035 135
1673777035 133
1673777036 118
1673777036 187
1673777036 106
1673777036 178
1673777037 131
1673777037 159
1673777038 139
1673777038 134
1673777039 179
1673777039 141
1673777040 112
1673777040 162
1673777041 110
1673777042 181
1673777042 194
1673777042 153
1673777042 108
1673777043 123
1673777043 156
1673777044 196
1673777044 180
1673777045 110
1673777045 144
1673777045 122
1673777045 147
1673777046 166
1673777047 112
1673777048 154
1673777048 102
1673777049 178
1673777049 107
1673777050 140
1673777050 151
1673777051 166
1673777051 162
1673777051 131
1673777051 141
1673777052 149
1673777053 171
1673777053 132
1673777053 189
1673777054 199
1673777054 129
1673777055 109
1673777055 172
1673777055 107
1673777056 125
1673777057 181
1673777058 159
1673777058 197
1673777059 130
1673777059 156
1673777060 132
1673777060 107
1673777061 137
1673777061 162
1673777061 152
1673777061 200
1673777061 114
1673777061 140
1673777062 159
1673777062 200
1673777063 178
1673777063 120
1673777064 195
1673777064 170
1673777064 109
1673777064 130
1673777065 163
1673777065 146
1673777065 200
1673777066 103
1673777067 180
1673777068 150
1673777068 126
1673777068 104
1673777068 188
1673777069 106
1673777069 135
1673777069 141
1673777070 126
1673777070 198
1673777071 133
1673777071 183
1673777071 129
1673777072 116
1673777073 197
1673777074 171
1673777074 120
1673777074 181
1673777075 136
1673777075 148
1673777076 123
1673777076 161
1673777078 149
1673777078 114
1673777078 136
1673777079 188
1673777079 138
1673777080 128
1673777081 131
1673777081 168
1673777081 116
1673777081 160
1673777081 107
1673777082 106
1673777082 139
1673777083 191
1673777083 156
1673777083 146
1673777084 141
1673777084 160
1673777084 102
1673777085 101
1673777085 161
1673777086 126
1673777086 197
1673777086 166
1673777087 130
1673777087 167
1673777087 200
1673777087 175
1673777088 200
1673777089 119
1673777089 145
1673777090 165
1673777090 185
1673777090 109
1673777091 194
1673777091 165
1673777091 178
1673777091 118
1673777092 180
1673777093 177
1673777093 135
1673777093 155
1673777093 105
1673777093 140
1673777093 111
1673777094 128
1673777094 137
1673777095 154
1673777096 187
1673777096 184
1673777096 160
1673777097 124
1673777097 103
1673777098 128
1673777098 114
1673777098 101
1673777099 150
1673777099 138
1673777099 142
1673777100 143
1673777100 183
1673777100 173
1673777100 149
1673777100 145
1673777100 148
1673777100 136
1673777101 142
1673777101 103
1673777102 105
1673777102 115
1673777102 149
1673777102 184
1673777104 180
1673777104 146
1673777104 133
1673777104 191
1673777105 194
1673777105 188
1673777106 190
1673777106 155
1673777107 171
1673777107 184
1673777107 119
1673777107 197
1673777107 120
1673777108 147
1673777108 168
1673777108 168
1673777108 191
1673777109 139
1673777109 169
1673777109 122
1673777109 179
1673777109 119
1673777110 165
1673777110 195
1673777110 156
1673777111 185
1673777111 152
1673777111 104
1673777112 149
1673777112 166
1673777112 188
1673777113 148
1673777113 101
1673777114 189
1673777114 199
1673777115 112
1673777115 115
1673777116 157
1673777117 162
1673777117 163
1673777118 185
1673777118 199
1673777118 169
1673777120 113
1673777121 177
1673777121 185
1673777121 141
1673777122 193
1673777122 119
1673777122 188
1673777123 146
1673777123 186
1673777124 110
1673777124 131
1673777125 137
1673777125 123
1673777125 171
1673777125 133
1673777126 128
1673777126 134
1673777127 173
1673777127 117
1673777128 175
1673777128 185
1673777128 129
1673777129 105
1673777130 155
1673777130 128
1673777130 187
1673777130 168
1673777130 140
1673777131 102
1673777131 135
1673777131 141
1673777132 122
1673777132 195
1673777133 172
1673777133 110
1673777134 133
1673777134 197
1673777135 142
1673777135 118
1673777136 182
1673777136 103
1673777136 194
1673777136 197
1673777137 171
1673777137 157
1673777138 118
1673777138 130
1673777138 197
1673777138 200
1673777139 159
1673777139 200
1673777140 168
1673777140 158
1673777140 160
1673777140 171
1673777140 178
1673777142 175
1673777142 127
1673777142 167
1673777142 137
1673777143 172
1673777143 186
1673777143 183
1673777143 144
1673777143 192
1673777144 160
1673777144 196
1673777145 105
1673777146 134
1673777146 134
1673777146 105
1673777146 190
1673777147 186
1673777148 110
1673777148 174
1673777148 151
1673777149 159
1673777149 151
1673777149 190
1673777150 117
1673777152 168
1673777152 137
1673777153 171
1673777153 152
1673777153 196
1673777153 173
1673777154 168
1673777154 175
1673777155 187
1673777155 188
1673777155 111
1673777155 199
1673777155 102
1673777155 141
1673777156 198
1673777156 131
1673777156 149
1673777157 190
1673777157 200
1673777157 169
1673777158 106
1673777158 140
1673777158 105
1673777158 195
1673777158 195
1673777159 134
1673777159 110
1673777159 165
1673777159 162
1673777159 178
1673777160 168
1673777160 155
1673777160 155
1673777161 168
1673777161 164
1673777161 197
1673777162 166
1673777162 101
1673777162 182
1673777162 169
1673777162 200
1673777162 137
1673777162 184
1673777162 132
1673777163 106
1673777163 152
1673777163 176
1673777163 120
1673777164 135
1673777164 129
1673777164 143
1673777164 116
1673777164 184
1673777164 124
1673777165 132
1673777165 195
1673777166 114
1673777167 179
1673777168 148
1673777168 154
1673777168 121
1673777168 151
1673777169 131
1673777169 129
1673777170 171
1673777170 193
1673777171 148
1673777171 152
1673777172 184
1673777172 145
1673777174 123
1673777174 120
1673777174 183
1673777174 123
1673777174 142
1673777175 183
1673777175 182
1673777175 147
1673777176 113
1673777176 142
1673777176 128
1673777176 168
1673777177 166
1673777177 133
1673777177 173
1673777178 103
1673777178 150
1673777178 132
1673777178 185
1673777178 192
1673777178 166
1673777179 107
1673777179 136
1673777180 198
1673777180 125
1673777180 129
1673777181 141
1673777181 154
1673777181 154
1673777182 132
1673777182 188
1673777182 125
1673777182 164
1673777182 132
1673777183 106
1673777183 119
1673777183 108
1673777183 146
1673777183 159
1673777184 123
1673777184 124
1673777184 107
1673777184 138
1673777185 168
1673777185 126
1673777185 104
1673777185 106
1673777186 162
1673777186 168
1673777187 200
1673777187 116
1673777188 174
1673777188 113
1673777188 159
1673777188 183
1673777189 107
1673777189 171
1673777190 118
1673777190 151
1673777190 104
1673777190 116
1673777190 154
1673777190 199
1673777190 108
1673777191 195
1673777191 102
1673777191 171
1673777191 164
1673777191 128
1673777191 197
1673777192 156
1673777192 148
1673777193 101
1673777193 175
1673777193 130
1673777193 105
1673777193 171
1673777194 147
1673777195 127
1673777195 122
1673777195 165
1673777196 195
1673777197 193
1673777197 129
1673777199 137
1673777199 183
1673777200 190
1673777200 133
1673777200 110
1673777201 153
1673777201 183
1673777201 153
1673777202 176
1673777203 172
1673777203 200
1673777203 193
1673777203 154
1673777204 199
1673777204 125
1673777204 158
1673777204 200
1673777204 188
1673777204 178
1673777205 108
1673777206 178
1673777207 192
1673777207 200
1673777207 148
1673777207 189
1673777208 173
1673777208 144
1673777208 165
1673777209 135
1673777210 160
1673777210 173
1673777211 181
1673777211 143
1673777212 124
1673777212 154
1673777212 147
1673777212 115
1673777212 126
1673777213 154
1673777213 123
1673777213 152
1673777214 167
1673777214 187
1673777214 146
1673777214 185
1673777214 109
1673777214 141
1673777215 193
1673777215 195
1673777215 159
1673777215 147
1673777215 114
1673777216 104
1673777216 120
1673777216 129
1673777216 126
1673777217 164
1673777217 111
1673777217 151
1673777218 187
1673777219 110
1673777219 194
1673777220 200
1673777220 200
1673777220 162
1673777220 102
1673777220 140
1673777221 200
1673777221 175
1673777221 179
1673777221 200
1673777222 119
1673777222 146
1673777222 153
1673777222 190
1673777223 111
1673777223 195
1673777224 158
1673777224 168
1673777226 131
1673777226 199
1673777228 163
1673777229 124
1673777229 117
1673777229 193
1673777229 159
1673777230 133
1673777230 167
1673777235 170
1673777235 120
1673777236 154
1673777237 194
1673777238 185
1673777238 191
1673777239 107
1673777239 107
1673777239 160
1673777239 144
1673777239 139
1673777240 156
1673777240 151
1673777240 148
1673777242 151
1673777242 147
1673777243 168
1673777243 189
1673777243 172
1673777243 193
1673777243 181
1673777245 157
1673777245 135
1673777245 139
1673777245 162
1673777247 101
1673777247 145
1673777247 194
1673777248 165
1673777248 175
1673777248 106
1673777248 142
1673777248 123
1673777249 168
1673777249 192
1673777249 131
1673777249 109
1673777249 165
1673777250 192
1673777250 123
1673777250 132
1673777250 171
1673777250 145
1673777250 151
1673777250 162
1673777250 144
1673777250 110
1673777251 123
1673777252 159
1673777252 115
1673777252 188
1673777253 192
1673777253 173
1673777253 130
1673777253 187
1673777254 146
1673777254 144
1673777254 188
1673777255 167
1673777255 170
1673777255 162
1673777255 133
1673777255 153
1673777256 125
1673777256 113
1673777256 195
1673777256 171
1673777256 180
1673777256 133
1673777258 160
1673777258 159
1673777258 174
1673777258 137
1673777259 171
1673777259 192
1673777259 189
1673777259 199
1673777259 107
1673777259 158
1673777260 151
1673777260 123
1673777261 167
1673777261 179
1673777261 112
1673777261 107
1673777262 111
1673777262 151
1673777262 111
1673777262 183
1673777262 180
1673777263 189
1673777263 187
1673777263 115
1673777264 144
1673777264 152
1673777265 143
1673777265 150
1673777265 195
1673777266 143
1673777266 168
1673777266 115
1673777266 146
1673777266 158
1673777266 135
1673777266 169
1673777269 124
1673777269 160
1673777269 150
1673777269 124
1673777269 176
1673777269 101
1673777270 185
1673777270 166
1673777270 189
1673777271 164
1673777271 165
1673777271 128
1673777271 171
1673777272 139
1673777272 103
1673777273 134
1673777273 199
1673777274 123
1673777275 127
1673777275 175
1673777275 138
1673777275 128
1673777275 119
1673777275 174
1673777276 101
1673777276 158
1673777276 157
1673777277 177
1673777278 107
1673777278 113
1673777278 152
1673777279 149
1673777280 110
1673777281 183
1673777282 153
1673777282 182
1673777283 196
1673777284 193
1673777285 167
1673777285 189
1673777285 145
1673777285 126
1673777286 195
1673777287 127
1673777287 187
1673777288 161
1673777288 106
1673777288 115
1673777288 159
1673777288 170
1673777288 189
1673777288 114
1673777288 119
1673777289 198
1673777290 171
1673777290 172
1673777290 156
1673777291 104
1673777291 181
1673777291 103
1673777292 159
1673777292 192
1673777293 173
1673777293 112
1673777293 185
1673777293 139
1673777294 143
1673777294 135
1673777295 174
1673777295 127
1673777295 190
1673777295 106
1673777296 139
1673777296 181
1673777297 111
1673777297 106
1673777297 113
1673777298 175
1673777298 119
1673777299 126
1673777299 152
1673777299 119
1673777300 199
1673777300 116
1673777301 157
1673777301 119
1673777301 189
1673777302 196
1673777302 121
1673777302 170
1673777304 123
1673777304 124
1673777304 126
1673777305 137
1673777305 138
1673777305 139
1673777306 195
1673777306 174
1673777306 164
1673777307 177
1673777307 103
1673777307 153
1673777308 154
1673777308 172
1673777310 147
1673777310 133
1673777310 190
1673777310 197
1673777310 140
1673777311 176
1673777311 131
1673777312 139
1673777313 180
1673777313 146
1673777314 143
1673777315 183
1673777315 149
1673777316 199
1673777316 117
1673777317 164
1673777317 137
1673777317 158
1673777317 195
1673777318 140
1673777319 125
1673777319 183
1673777319 187
1673777319 116
1673777320 198
1673777320 191
1673777321 200
1673777321 183
1673777321 194
1673777322 169
1673777323 111
1673777323 109
1673777324 143
1673777324 181
1673777325 114
1673777325 139
1673777326 192
1673777327 128
1673777327 165
1673777327 143
1673777327 125
1673777327 184
1673777327 181
1673777328 136
1673777328 132
1673777328 146
1673777328 120
1673777329 105
1673777330 136
1673777330 104
1673777330 130
1673777331 188
1673777331 162
1673777331 139
1673777331 109
1673777331 184
1673777332 166
1673777332 155
1673777332 147
1673777332 188
1673777332 173
1673777333 101
1673777333 119
1673777333 142
1673777333 145
1673777334 178
1673777334 109
1673777335 165
1673777335 138
1673777335 140
1673777336 189
1673777336 111
1673777336 162
1673777337 141
1673777337 111
1673777338 188
1673777338 122
1673777339 182
1673777339 149
1673777339 143
1673777340 168
1673777340 175
1673777340 178
1673777340 154
1673777341 182
1673777341 186
1673777341 180
1673777341 122
1673777341 159
1673777341 121
1673777341 173
1673777341 138
1673777342 188
1673777342 198
1673777342 187
1673777342 132
1673777343 180
1673777343 125
1673777344 157
1673777344 188
1673777344 162
1673777344 192
1673777344 149
1673777344 177
1673777345 192
1673777345 167
1673777346 189
1673777360 180
1673777360 106
1673777360 196
1673777361 177
1673777361 172
1673777361 155
1673777361 178
1673777361 121
1673777361 121
1673777361 150
1673777362 158
1673777362 157
1673777363 143
1673777363 174
1673777363 180
1673777363 183
1673777363 141
1673777363 129
1673777363 146
1673777363 153
1673777364 148
1673777365 153
1673777365 184
1673777365 101
1673777366 143
1673777367 192
1673777367 164
1673777367 152
1673777368 114
1673777368 150
1673777368 191
1673777368 122
1673777368 186
1673777369 134
1673777369 121
1673777370 191
1673777371 170
1673777371 167
1673777372 111
1673777372 147
1673777373 161
1673777373 175
1673777374 157
1673777374 152
1673777374 176
1673777374 162
1673777375 195
1673777375 140
1673777376 157
1673777376 159
1673777376 147
1673777376 166
1673777376 130
1673777376 189
1673777377 151
1673777377 171
1673777377 199
1673777378 116
1673777378 168
1673777378 125
1673777378 101
1673777378 194
1673777379 163
1673777379 200
1673777380 152
1673777380 196
1673777380 106
1673777380 182
1673777380 175
1673777381 143
1673777382 104
1673777382 194
1673777383 149
1673777383 148
1673777383 162
1673777384 181
1673777384 101
1673777384 137
1673777384 110
1673777385 108
1673777385 195
1673777385 167
1673777386 119
1673777386 115
1673777387 124
1673777387 166
1673777387 172
1673777387 110
1673777387 194
1673777388 148
1673777388 119
1673777390 180
1673777390 138
1673777390 183
1673777391 110
1673777391 136
1673777391 176
1673777391 197
1673777391 174
1673777391 159
1673777393 126
1673777393 163
1673777393 191
1673777393 139
1673777393 136
1673777394 106
1673777395 173
1673777395 154
1673777396 161
1673777396 181
1673777396 191
1673777397 122
1673777397 144
1673777399 171
1673777399 136
1673777400 156
1673777400 181
1673777401 192
1673777401 108
1673777403 152
1673777403 114
1673777404 111
1673777404 169
1673777404 103
1673777404 194
1673777405 136
1673777405 162
1673777405 179
1673777406 115
1673777406 151
1673777407 153
1673777407 164
1673777407 162
1673777407 129
1673777408 181
1673777408 156
1673777408 199
1673777408 133
1673777408 102
1673777408 195
1673777408 148
1673777409 171
1673777409 138
1673777409 140
1673777409 146
1673777409 158
1673777409 159
1673777410 131
1673777410 147
1673777410 126
1673777411 195
1673777411 179
1673777411 120
1673777412 193
1673777413 137
1673777415 145
1673777415 188
1673777415 128
1673777415 119
1673777415 118
1673777416 196
1673777416 158
1673777416 101
1673777417 171
1673777417 168
1673777417 192
1673777418 160
1673777418 168
1673777418 105
1673777419 166
1673777419 194
1673777419 107
1673777419 137
1673777420 152
1673777420 171
1673777420 181
1673777421 149
1673777422 135
1673777422 138
1673777422 144
1673777422 179
1673777423 111
1673777423 157
1673777424 183
1673777424 177
1673777424 188
1673777426 169
1673777426 190
1673777426 135
1673777426 186
1673777427 146
1673777428 141
1673777428 146
1673777428 182
1673777428 145
1673777429 190
1673777429 124
1673777431 124
1673777431 126
1673777431 196
1673777431 114
1673777431 102
1673777431 106
1673777432 106
1673777432 149
1673777432 112
1673777432 161
1673777433 181
1673777433 115
1673777433 148
1673777434 139
1673777434 115
1673777434 136
1673777435 113
1673777435 186
1673777435 186
1673777435 164
1673777435 176
1673777435 122
1673777436 197
1673777436 181
1673777437 195
1673777438 163
1673777438 134
1673777438 149
1673777438 106
1673777439 132
1673777440 188
1673777440 188
1673777440 145
1673777441 140
1673777441 164
1673777441 137
1673777442 126
1673777442 135
1673777442 167
1673777443 130
1673777443 108
1673777443 125
1673777443 175
1673777444 114
1673777444 172
1673777444 117
1673777444 151
1673777445 106
1673777445 186
1673777445 130
1673777445 133
1673777445 198
1673777445 169
1673777445 176
1673777446 102
1673777447 162
1673777447 122
1673777448 105
1673777448 168
1673777448 152
1673777448 118
1673777449 193
1673777449 128
1673777449 180
1673777449 192
1673777449 150
1673777450 191
1673777450 188
1673777450 143
1673777451 109
1673777451 179
1673777451 154
1673777451 131
1673777451 129
1673777451 187
1673777452 149
1673777452 192
1673777452 131
1673777453 158
1673777453 127
1673777453 129
1673777453 113
1673777454 112
1673777454 130
1673777454 106
1673777455 122
1673777455 170
1673777455 183
1673777455 194
1673777456 174
1673777457 195
1673777458 124
1673777458 127
1673777458 195
1673777458 155
1673777459 126
1673777459 175
1673777459 153
1673777460 132
1673777460 174
1673777460 108
1673777460 117
1673777461 119
1673777461 192
1673777461 145
1673777462 120
1673777462 129
1673777462 142
1673777463 152
1673777463 117
1673777463 134
1673777465 152
1673777465 164
1673777465 152
1673777465 200
1673777465 146
1673777465 175
1673777465 125
1673777466 181
1673777466 106
1673777466 126
1673777466 109
1673777467 133
1673777467 136
1673777467 176
1673777467 116
1673777468 194
1673777469 167
1673777469 190
1673777470 106
1673777470 138
1673777470 180
1673777471 134
1673777471 137
1673777471 110
1673777472 181
1673777472 151
1673777472 200
1673777472 118
1673777473 188
1673777473 114
1673777473 110
1673777474 186
1673777474 189
1673777474 156
1673777475 196
1673777475 183
1673777475 198
1673777476 196
1673777476 158
1673777477 184
1673777477 120
1673777478 189
1673777479 105
1673777479 105
1673777479 196
1673777480 154
1673777480 137
1673777480 165
1673777480 138
1673777480 104
1673777481 144
1673777481 179
1673777481 127
1673777482 159
1673777483 184
1673777483 177
1673777483 109
1673777483 110
1673777484 148
1673777484 137
1673777484 176
1673777486 169
1673777486 160
1673777486 158
1673777486 104
1673777487 155
1673777487 134
1673777487 172
1673777487 161
1673777487 128
1673777487 167
1673777488 102
1673777488 167
1673777488 177
1673777488 129
1673777489 151
1673777489 150
1673777489 101
1673777489 190
1673777489 144
1673777489 144
1673777489 178
1673777490 186
1673777490 156
1673777490 156
1673777490 115
1673777491 193
1673777491 198
1673777492 147
1673777492 153
1673777492 188
1673777493 167
1673777493 108
1673777494 103
1673777495 117
1673777495 150
1673777495 178
1673777496 181
1673777496 136
1673777496 122
1673777496 107
1673777497 192
1673777497 136
1673777497 154
1673777497 135
1673777498 150
1673777498 144
1673777499 140
1673777499 147
1673777499 130
1673777499 118
1673777499 151
1673777499 139
1673777500 155
1673777500 196
1673777501 169
1673777501 134
1673777501 129
1673777501 163
1673777502 152
1673777503 187
1673777503 113
1673777503 196
1673777504 191
1673777504 173
1673777504 113
1673777505 116
1673777505 162
1673777506 189
1673777506 153
1673777507 142
1673777507 118
1673777507 161
1673777507 174
1673777508 195
1673777509 167
1673777509 190
1673777509 179
1673777509 145
1673777509 152
1673777510 166
1673777511 182
1673777511 118
1673777511 143
1673777511 139
1673777511 160
1673777512 181
1673777512 107
1673777512 162
1673777512 137
1673777513 120
1673777513 175
1673777514 102
1673777514 157
1673777514 173
1673777514 174
1673777514 170
1673777514 142
1673777515 164
1673777515 158
1673777516 105
1673777516 136
1673777516 163
1673777516 146
1673777517 125
1673777517 184
1673777517 123
1673777518 197
1673777518 154
1673777519 114
1673777519 157
1673777519 136
1673777519 134
1673777519 104
1673777519 155
1673777519 148
1673777519 164
1673777520 191
1673777520 153
1673777521 155
1673777521 194
1673777521 132
1673777521 147
1673777521 172
1673777521 155
1673777522 159
1673777522 145
1673777522 193
1673777523 188
1673777523 104
1673777524 169
1673777525 147
1673777525 125
1673777526 200
1673777526 107
1673777526 176
1673777526 165
1673777526 166
1673777527 176
1673777527 101
1673777527 160
1673777528 114
1673777529 181
1673777529 167
1673777530 198
1673777530 191
1673777530 147
1673777531 106
1673777531 198
1673777531 144
1673777531 118
1673777532 130
1673777532 178
1673777533 120
1673777533 113
1673777533 189
1673777535 192
1673777535 102
1673777536 141
1673777536 112
1673777537 152
1673777537 131
1673777537 138
1673777537 146
1673777538 128
1673777538 148
1673777539 185
1673777539 194
1673777539 176
1673777540 149
1673777540 165
1673777540 174
1673777540 183
1673777540 133
1673777541 121
1673777542 172
1673777542 192
1673777542 156
1673777543 101
1673777543 134
1673777543 152
1673777543 150
1673777543 121
1673777544 186
1673777544 188
1673777544 111
1673777544 108
1673777544 192
1673777544 170
1673777544 140
1673777546 177
1673777546 143
1673777546 116
1673777546 114
1673777547 139
1673777547 147
1673777548 169
1673777548 187
1673777549 197
1673777549 153
1673777550 128
1673777550 153
1673777551 175
1673777551 132
1673777551 198
1673777552 156
1673777552 134
1673777553 195
1673777553 109
1673777553 123
1673777554 195
1673777554 166
1673777554 118
1673777555 145
1673777555 140
1673777555 149
1673777556 199
1673777556 111
1673777557 134
1673777557 178
1673777557 126
1673777557 180
1673777558 190
1673777558 153
1673777558 162
1673777559 134
1673777559 179
1673777559 199
1673777560 169
1673777560 161
1673777561 196
1673777561 197
1673777562 130
1673777562 189
1673777563 163
1673777563 176
1673777563 156
1673777564 115
1673777564 133
1673777564 200
1673777564 125
1673777564 184
1673777564 188
1673777565 178
1673777565 101
1673777565 179
1673777565 190
1673777565 153
1673777566 107
1673777566 115
1673777566 120
1673777566 119
1673777566 195
1673777567 127
1673777567 119
1673777567 165
1673777567 157
1673777567 137
1673777567 191
1673777568 127
1673777569 135
1673777569 139
1673777569 122
1673777572 184
1673777572 197
1673777572 180
1673777572 139
1673777572 111
1673777573 191
1673777574 170
1673777574 185
1673777574 122
1673777574 190
1673777574 168
1673777574 191
1673777575 151
1673777575 163
1673777575 157
1673777576 195
1673777576 192
1673777576 131
1673777577 105
1673777577 101
1673777577 190
1673777578 137
1673777578 121
1673777578 141
1673777578 197
1673777579 141
1673777580 158
1673777580 190
1673777580 181
1673777580 198
1673777580 200
1673777581 194
1673777581 200
1673777581 161
1673777582 147
1673777582 173
1673777582 158
1673777582 193
1673777582 175
1673777582 188
1673777582 174
1673777584 200
1673777585 175
1673777585 154
1673777585 130
1673777585 146
1673777586 136
1673777586 152
1673777587 186
1673777587 175
1673777587 117
1673777589 135
1673777589 114
1673777589 167
1673777590 160
1673777590 191
1673777591 115
1673777591 161
1673777592 127
1673777592 183
1673777592 174
1673777592 168
1673777592 131
1673777593 159
1673777594 146
1673777594 109
1673777594 133
1673777594 114
1673777594 158
1673777595 198
1673777595 169
1673777596 127
1673777596 176
1673777596 198
1673777597 104
1673777597 112
1673777597 165
1673777597 199
1673777597 105
1673777599 196
1673777599 128
1673777600 128
1673777600 103
1673777600 158
1673777602 188
1673777602 119
1673777602 161
1673777602 119
1673777603 115
1673777603 195
1673777603 132
1673777603 134
1673777604 122
1673777604 153
1673777606 119
1673777608 170
1673777609 190
1673777609 143
1673777611 155
1673777611 133
1673777611 135
1673777611 120
1673777612 157
1673777613 158
1673777613 191
1673777613 157
1673777613 167
1673777614 157
1673777614 175
1673777614 176
1673777614 195
1673777614 151
1673777615 184
1673777615 147
1673777615 191
1673777615 193
1673777615 129
1673777615 197
1673777616 173
1673777616 154
1673777616 152
1673777617 124
1673777617 162
1673777617 155
1673777618 165
1673777618 166
1673777619 126
1673777619 123
1673777619 117
1673777620 155
1673777620 178
1673777620 120
1673777620 174
1673777621 181
1673777621 139
1673777621 111
1673777621 189
1673777622 141
1673777623 103
1673777623 183
1673777624 103
1673777624 158
1673777624 125
1673777624 128
1673777624 167
1673777625 139
1673777625 196
1673777625 122
1673777625 146
1673777625 170
1673777626 131
1673777626 193
1673777627 173
1673777627 158
1673777627 188
1673777628 114
1673777629 139
1673777630 160
1673777630 192
1673777630 157
1673777630 172
1673777631 106
1673777632 154
1673777632 111
1673777632 144
1673777632 133
1673777633 127
1673777633 106
1673777634 187
1673777634 120
1673777635 158
1673777635 155
1673777635 125
1673777635 154
1673777636 103
1673777636 112
1673777636 135
1673777636 117
1673777637 138
1673777637 139
1673777638 117
1673777638 199
1673777638 113
1673777638 176
1673777639 147
1673777639 109
1673777639 114
1673777639 102
1673777639 135
1673777640 186
1673777641 146
1673777641 109
1673777641 174
1673777641 130
1673777642 168
1673777643 157
1673777644 130
1673777644 155
1673777645 153
1673777645 166
1673777646 161
1673777646 136
1673777646 164
1673777647 188
1673777652 193
1673777652 189
1673777652 123
1673777654 179
1673777654 111
1673777657 165
1673777657 184
1673777657 139
1673777658 187
1673777658 126
1673777660 125
1673777662 186
1673777662 102
1673777662 198
1673777664 143
1673777666 154
1673777666 109
1673777666 177
1673777669 145
1673777670 101
1673777670 109
1673777670 133
1673777671 159
1673777672 157
1673777672 133
1673777672 181
1673777674 130
1673777674 181
1673777674 129
1673777675 200
1673777675 105
1673777676 124
1673777677 112
1673777677 180
1673777678 137
1673777679 112
1673777681 161
1673777681 101
1673777681 140
1673777682 157
1673777682 118
1673777683 145
1673777684 133
1673777684 114
1673777684 112
1673777684 183
1673777686 135
1673777686 136
1673777687 118
1673777688 119
1673777689 116
1673777690 118
1673777691 179
1673777691 168
1673777692 129
1673777692 138
1673777693 155
1673777693 102
1673777693 123
1673777695 177
1673777695 190
1673777696 154
1673777697 134
1673777697 157
1673777697 148
1673777698 136
1673777698 187
1673777698 133
1673777699 151
1673777699 182
1673777699 181
1673777700 150
1673777700 197
1673777700 191
1673777700 107
1673777700 180
1673777700 149
1673777701 151
1673777701 192
1673777702 179
1673777702 110
1673777702 149
1673777702 157
1673777702 136
1673777703 162
1673777704 170
1673777704 175
1673777704 184
1673777705 139
1673777705 143
1673777707 126
1673777708 167
1673777708 101
1673777709 174
1673777717 192
1673777717 172
1673777719 108
1673777719 189
1673777719 200
1673777719 147
1673777720 123
1673777721 164
1673777721 112
1673777721 171
1673777722 195
1673777722 142
1673777722 117
1673777722 153
1673777724 198
1673777724 113
1673777724 161
1673777725 134
1673777725 166
1673777725 119
1673777725 126
1673777727 129
1673777728 106
1673777728 122
1673777728 114
1673777729 125
1673777730 164
1673777730 136
1673777730 105
1673777731 166
1673777731 191
1673777731 120
1673777732 167
1673777732 166
1673777732 192
1673777732 138
1673777734 145
1673777734 182
1673777734 137
1673777736 194
1673777736 141
1673777736 130
1673777737 157
1673777737 182
1673777737 106
1673777737 191
1673777737 164
1673777738 117
1673777738 193
1673777738 106
1673777738 126
1673777739 126
1673777739 122
1673777739 199
1673777740 180
1673777741 114
1673777742 191
1673777743 158
1673777743 112
1673777744 191
1673777745 178
1673777745 130
1673777745 194
1673777745 138
1673777745 161
1673777746 141
1673777746 178
1673777746 180
1673777746 164
1673777747 192
1673777747 199
1673777748 143
1673777748 169
1673777749 116
1673777749 103
1673777752 197
1673777752 182
1673777753 130
1673777753 181
1673777753 154
1673777753 194
1673777753 162
1673777753 107
1673777753 108
1673777754 186
1673777755 200
1673777755 114
1673777756 172
1673777756 133
1673777756 115
1673777756 198
1673777756 115
1673777757 118
1673777757 136
1673777757 151
1673777758 136
1673777758 108
1673777758 170
1673777758 196
1673777758 159
1673777759 183
1673777759 130
1673777760 181
1673777760 175
1673777760 164
1673777761 124
1673777761 192
1673777761 186
1673777761 176
1673777761 148
1673777762 200
1673777762 168
1673777762 182
1673777762 171
1673777765 196
1673777765 193
1673777773 104
1673777774 153
1673777775 178
1673777775 144
1673777775 132
1673777777 197
1673777779 193
1673777781 191
1673777781 200
1673777783 156
1673777783 132
1673777784 158
1673777784 170
1673777785 137
1673777787 108
1673777787 181
1673777791 121
1673777798 144
1673777800 146
1673777804 116
1673777805 188
1673777805 171
1673777805 196
1673777805 167
1673777806 168
1673777806 130
1673777807 102
1673777807 185
1673777807 124
1673777807 133
1673777808 157
1673777808 101
1673777811 197
1673777811 175
1673777812 104
1673777813 124
1673777814 133
1673777814 161
1673777814 177
1673777816 183
1673777816 177
1673777819 126
1673777820 136
1673777820 140
1673777826 116
1673777832 132
1673777834 105
1673777834 138
1673777836 185
1673777838 105
1673777838 133
1673777839 186
1673777839 147
1673777840 175
1673777844 194
1673777844 133
1673777844 171
1673777845 104
1673777846 116
1673777846 123
1673777853 198
1673777855 142
1673777855 190
1673777857 146
1673777857 117
1673777857 154
1673777857 119
1673777857 186
1673777858 109
1673777859 149
1673777860 118
1673777860 176
1673777860 142
1673777861 104
1673777861 155
1673777866 111
1673777868 157
1673777868 102
1673777868 159
1673777869 104
1673777871 114
1673777873 194
1673777873 183
1673777874 152
1673777874 138
1673777875 116
1673777876 165
1673777876 182
1673777880 120
1673777885 126
1673777885 102
1673777891 109
1673777902 162
1673777902 113
1673777903 156
1673777904 119
1673777905 162
1673777906 199
1673777906 154
1673777908 190
1673777909 151
1673777910 112
1673777910 162
1673777911 132
1673777911 152
1673777912 161
1673777912 159
1673777913 158
1673777914 195
1673777915 183
1673777915 143
1673777915 179
1673777916 107
1673777916 189
1673777917 134
1673777920 170
1673777920 158
1673777923 130
1673777924 158
1673777925 140
1673777925 130
1673777925 116
1673777927 159
1673777927 109
1673777928 145
1673777928 147
1673777928 192
1673777929 166
1673777930 183
1673777934 163
1673777934 156
1673777937 121
1673777937 180
1673777938 143
1673777939 166
1673777940 168
1673777941 196
1673777941 139
1673777943 153
1673777944 200
1673777945 141
1673777946 135
1673777947 114
1673777948 118
1673777948 168
1673777954 146
1673777954 158
1673777954 121
1673777955 142
1673777957 149
1673777957 183
1673777957 142
1673777957 147
1673777957 134
1673777958 163
1673777959 182
1673777959 187
1673777960 107
1673777960 184
1673777960 160
1673777960 172
1673777965 128
1673777965 197
1673777965 119
1673777968 147
1673777968 109
1673777971 127
1673777972 184
1673777972 113
1673777973 118
1673777978 159
1673777978 146
1673777978 182
1673777978 199
1673777981 152
1673777981 125
1673777982 144
1673777984 134
1673777985 192
1673777985 125
1673777985 192
1673777985 167
1673777985 165
1673777986 196
1673777987 167
1673777996 150
1673777996 142
1673777997 156
1673777998 133
1673777998 114
1673777999 151
1673778001 103
1673778002 140
1673778002 157
1673778007 155
1673778007 163
1673778007 146
1673778007 180
1673778007 159
1673778008 118
1673778008 184
1673778010 120
1673778010 126
1673778012 181
1673778012 104
1673778013 120
1673778016 110
1673778016 200
1673778016 146
1673778017 150
1673778017 123
1673778017 186
1673778017 181
1673778018 173
1673778018 163
1673778018 160
1673778018 171
1673778019 145
1673778019 111
1673778026 171
1673778026 124
1673778027 106
1673778027 180
1673778030 127
1673778030 136
1673778037 187
1673778038 197
1673778043 161
1673778048 132
1673778049 174
1673778049 126
1673778057 161
1673778057 181
1673778063 182
1673778063 117
1673778064 165
1673778064 172
1673778065 186
1673778065 111
1673778067 160
1673778067 120
1673778068 131
1673778068 135
1673778069 192
1673778070 116
1673778070 169
1673778072 141
1673778072 140
1673778073 144
1673778077 150
1673778083 192
1673778083 104
1673778084 187
1673778084 124
1673778084 159
1673778084 125
1673778094 144
1673778100 170
1673778100 187
1673778107 178
1673778108 190
1673778120 178
1673778120 153
1673778120 118
1673778121 109
1673778123 168
1673778123 178
1673778124 156
1673778127 166
1673778127 145
1673778128 186
1673778129 123
1673778129 140
1673778129 173
1673778129 140
1673778129 161
1673778130 124
1673778132 151
1673778133 113
1673778133 131
1673778139 163
1673778139 163
1673778140 189
1673778140 174
1673778140 120
1673778148 132
1673778148 189
1673778158 169
1673778159 175
1673778159 190
1673778159 196
1673778160 129
1673778160 133
1673778160 187
1673778161 125
1673778161 160
1673778165 157
1673778165 114
1673778167 135
1673778167 129
1673778167 139
1673778168 157
1673778170 153
1673778176 131
1673778177 101
1673778179 122
1673778180 148
1673778181 147
1673778188 197
1673778188 143
1673778190 102
1673778190 157
1673778190 112
1673778192 101
1673778194 178
1673778196 116
1673778196 118
1673778197 171
1673778198 181
1673778199 133
1673778199 188
1673778200 124
1673778201 174
1673778201 132
1673778201 196
1673778203 163
1673778203 154
1673778204 121
1673778205 120
1673778205 185
1673778205 138
1673778206 118
1673778207 165
1673778208 137
1673778211 162
1673778211 148
1673778212 148
1673778212 189
1673778215 168
1673778217 142
1673778218 107
1673778220 108
1673778221 144
1673778221 161
1673778221 194
1673778222 148
1673778223 167
1673778224 162
1673778224 110
1673778225 162
1673778225 137
1673778225 138
1673778225 168
1673778226 181
1673778226 140
1673778226 191
1673778226 200
1673778227 163
1673778227 158
1673778227 128
1673778227 110
1673778229 163
1673778229 181
1673778231 147
1673778233 120
1673778233 190
1673778233 149
1673778233 149
1673778234 110
1673778234 161
1673778234 101
1673778235 136
1673778235 125
1673778236 195
1673778236 128
1673778236 186
1673778236 105
1673778236 165
1673778237 122
1673778237 187
1673778237 184
1673778237 127
1673778238 170
1673778238 183
1673778239 129
1673778239 143
1673778239 189
1673778239 158
1673778239 133
1673778239 105
1673778239 136
1673778239 147
1673778240 117
1673778240 123
1673778240 126
1673778241 184
1673778241 152
1673778241 134
1673778242 126
1673778242 109
1673778243 184
1673778243 142
1673778243 181
1673778243 131
1673778244 148
1673778244 137
1673778245 104
1673778245 156
1673778245 190
1673778245 123
1673778245 123
1673778245 110
1673778246 147
1673778246 133
1673778246 114
1673778248 183
1673778248 104
1673778248 171
1673778249 182
1673778249 132
1673778250 187
1673778250 116
1673778250 104
1673778250 102
1673778250 183
1673778251 127
1673778251 193
1673778251 104
1673778251 118
1673778251 166
1673778251 174
1673778252 126
1673778252 147
1673778252 132
1673778252 119
1673778252 161
1673778252 187
1673778252 116
1673778252 159
1673778253 173
1673778253 179
1673778254 159
1673778254 155
1673778255 178
1673778255 128
1673778255 188
1673778255 167
1673778256 139
1673778256 158
1673778256 178
1673778257 175
1673778257 165
1673778257 170
1673778257 141
1673778257 149
1673778258 168
1673778258 160
1673778258 117
1673778259 166
1673778259 107
1673778259 103
1673778260 153
1673778260 170
1673778260 145
1673778260 187
1673778261 170
1673778261 156
1673778262 137
1673778262 110
1673778262 119
1673778262 162
1673778263 178
1673778264 126
1673778265 160
1673778265 185
1673778266 133
1673778266 111
1673778267 172
1673778267 117
1673778267 165
1673778267 172
1673778268 121
1673778268 118
1673778268 157
1673778269 130
1673778269 123
1673778271 172
1673778271 143
1673778271 167
1673778271 138
1673778271 154
1673778272 186
1673778272 139
1673778273 167
1673778273 105
1673778273 128
1673778274 132
1673778274 117
1673778274 165
1673778275 133
1673778276 172
1673778277 135
1673778277 196
1673778277 110
1673778277 150
1673778278 106
1673778278 186
1673778278 161
1673778278 197
1673778280 103
1673778280 156
1673778281 149
1673778281 128
1673778282 200
1673778282 108
1673778282 112
1673778282 110
1673778283 192
1673778283 141
1673778283 176
1673778283 126
1673778284 117
1673778285 186
1673778285 126
1673778286 116
1673778286 180
1673778286 191
1673778287 128
1673778287 117
1673778287 158
1673778287 107
1673778287 155
1673778288 123
1673778288 139
1673778288 188
1673778288 150
1673778289 177
1673778289 159
1673778289 101
1673778289 152
1673778289 194
1673778290 197
1673778291 119
1673778291 156
1673778291 105
1673778292 153
1673778292 142
1673778292 168
1673778292 118
1673778292 169
1673778293 189
1673778293 147
1673778293 117
1673778293 117
1673778294 161
1673778294 196
1673778294 177
1673778294 173
1673778295 187
1673778296 119
1673778296 136
1673778297 129
1673778298 104
1673778298 178
1673778299 133
1673778299 111
1673778299 124
1673778300 143
1673778300 156
1673778300 138
1673778300 163
1673778300 148
1673778300 181
1673778300 177
1673778301 155
1673778301 151
1673778301 140
1673778301 166
1673778302 128
1673778302 164
1673778303 143
1673778303 123
1673778303 144
1673778303 125
1673778305 130
1673778306 181
1673778306 149
1673778306 118
1673778306 153
1673778306 159
1673778307 163
1673778307 112
1673778307 195
1673778307 185
1673778308 109
1673778308 181
1673778308 145
1673778309 161
1673778309 148
1673778310 184
1673778310 138
1673778310 178
1673778311 180
1673778311 120
1673778312 186
1673778313 130
1673778313 192
1673778313 163
1673778314 135
1673778314 158
1673778315 198
1673778315 134
1673778315 193
1673778315 154
1673778316 196
1673778316 194
1673778317 200
1673778317 121
1673778318 146
1673778318 155
1673778319 171
1673778319 157
1673778322 128
1673778322 120
1673778322 142
1673778322 197
1673778323 186
1673778323 158
1673778324 168
1673778324 107
1673778325 103
1673778325 164
1673778325 120
1673778325 184
1673778325 118
1673778326 137
1673778326 158
1673778326 143
1673778326 145
1673778326 190
1673778327 188
1673778327 161
1673778328 115
1673778328 130
1673778328 124
1673778328 141
1673778330 129
1673778330 151
1673778331 168
1673778331 182
1673778332 134
1673778333 195
1673778333 129
1673778333 194
1673778334 134
1673778334 130
1673778334 102
1673778334 106
1673778334 132
1673778335 109
1673778336 128
1673778336 122
1673778337 136
1673778338 102
1673778338 185
1673778338 195
1673778338 158
1673778338 189
1673778339 152
1673778339 196
1673778339 120
1673778339 143
1673778340 174
1673778340 117
1673778340 130
1673778340 193
1673778340 116
1673778342 123
1673778342 180
1673778342 145
1673778343 135
1673778343 101
1673778344 156
1673778345 150
1673778346 175
1673778346 199
1673778346 108
1673778346 141
1673778346 146
1673778347 167
1673778347 196
1673778347 143
1673778347 194
1673778347 126
1673778348 136
1673778348 170
1673778348 140
1673778349 106
1673778349 171
1673778349 103
1673778349 160
1673778350 189
1673778350 170
1673778351 174
1673778351 107
1673778351 155
1673778352 167
1673778352 189
1673778352 192
1673778353 122
1673778353 187
1673778353 186
1673778353 141
1673778354 106
1673778354 191
1673778354 116
1673778354 164
1673778354 181
1673778354 194
1673778355 175
1673778356 134
1673778356 135
1673778356 133
1673778356 106
1673778356 110
1673778357 162
1673778357 143
1673778358 145
1673778358 190
1673778360 192
1673778360 193
1673778361 179
1673778361 121
1673778361 115
1673778361 169
1673778362 156
1673778362 197
1673778362 165
1673778362 115
1673778362 195
1673778363 173
1673778363 200
1673778363 167
1673778364 146
1673778364 153
1673778364 196
1673778364 150
1673778365 118
1673778366 173
1673778366 130
1673778366 142
1673778366 157
1673778367 158
1673778367 189
1673778368 121
1673778368 119
1673778368 193
1673778368 188
1673778369 151
1673778369 169
1673778369 104
1673778369 198
1673778370 127
1673778370 127
1673778370 137
1673778370 172
1673778370 108
1673778371 154
1673778371 155
1673778371 196
1673778371 194
1673778371 141
1673778372 118
1673778373 147
1673778373 108
1673778373 190
1673778373 163
1673778374 178
1673778375 126
1673778375 110
1673778375 172
1673778375 104
1673778376 138
1673778377 113
1673778377 193
1673778378 188
1673778378 189
1673778379 120
1673778380 105
1673778380 130
1673778381 120
1673778381 120
1673778381 136
1673778381 130
1673778381 117
1673778382 119
1673778382 107
1673778382 198
1673778382 105
1673778382 101
1673778382 190
1673778383 197
1673778385 135
1673778385 154
1673778387 193
1673778388 110
1673778388 168
1673778388 196
1673778388 130
1673778389 116
1673778390 131
1673778390 131
1673778390 108
1673778390 165
1673778391 138
1673778391 177
1673778391 180
1673778391 199
1673778391 191
1673778392 149
1673778392 129
1673778393 159
1673778393 103
1673778393 145
1673778393 107
1673778393 173
1673778394 139
1673778394 137
1673778395 198
1673778395 132
1673778395 135
1673778395 121
1673778398 145
1673778399 196
1673778399 177
1673778399 140
1673778400 183
1673778400 161
1673778401 109
1673778401 165
1673778401 136
1673778401 172
1673778401 153
1673778401 192
1673778402 130
1673778403 175
1673778404 190
1673778404 127
1673778404 166
1673778404 166
1673778404 133
1673778404 116
1673778405 140
1673778405 199
1673778405 110
1673778405 114
1673778408 192
1673778408 182
1673778408 137
1673778409 171
1673778409 183
1673778409 156
1673778409 136
1673778410 115
1673778410 170
1673778412 146
1673778413 120
1673778414 110
1673778414 132
1673778414 154
1673778415 106
1673778415 136
1673778415 114
1673778415 127
1673778415 156
1673778416 102
1673778416 198
1673778416 158
1673778417 161
1673778418 114
1673778419 186
1673778419 112
1673778420 153
1673778420 164
1673778420 146
1673778420 188
1673778420 148
1673778421 168
1673778421 193
1673778421 149
1673778422 179
1673778422 120
1673778422 113
1673778422 114
1673778422 126
1673778423 131
1673778423 102
1673778423 106
1673778424 149
1673778424 127
1673778424 118
1673778424 107
1673778425 196
1673778426 199
1673778426 170
1673778426 158
1673778426 142
1673778426 158
1673778427 196
1673778427 178
1673778428 122
1673778428 175
1673778428 123
1673778428 128
1673778429 119
1673778429 197
1673778429 138
1673778430 180
1673778430 151
1673778430 148
1673778431 189
1673778431 157
1673778432 148
1673778432 114
1673778432 140
1673778433 174
1673778433 120
1673778433 184
1673778433 127
1673778434 111
1673778434 124
1673778435 134
1673778436 194
1673778436 150
1673778437 176
1673778437 146
1673778437 196
1673778437 156
1673778437 165
1673778438 186
1673778438 184
1673778438 120
1673778438 166
1673778438 133
1673778439 173
1673778439 123
1673778439 194
1673778439 173
1673778439 195
1673778439 104
1673778440 170
1673778440 103
1673778440 104
1673778440 151
1673778440 163
1673778441 115
1673778441 136
1673778441 113
1673778441 127
1673778441 111
1673778442 161
1673778442 169
1673778442 151
1673778442 104
1673778443 153
1673778443 191
1673778444 169
1673778445 123
1673778446 187
1673778446 161
1673778446 115
1673778446 136
1673778446 196
1673778447 157
1673778448 192
1673778448 104
1673778449 173
1673778449 119
1673778449 192
1673778451 129
1673778451 151
1673778452 180
1673778453 180
1673778453 166
1673778454 143
1673778455 187
1673778455 120
1673778456 142
1673778456 147
1673778457 123
1673778457 178
1673778458 154
1673778459 113
1673778459 198
1673778460 188
1673778460 173
1673778460 165
1673778461 166
1673778461 114
1673778461 170
1673778461 172
1673778461 147
1673778461 137
1673778462 119
1673778462 175
1673778462 167
1673778462 145
1673778462 108
1673778462 103
1673778463 101
1673778463 172
1673778463 158
1673778463 180
1673778464 150
1673778464 167
1673778464 194
1673778464 143
1673778464 175
1673778464 159
1673778465 157
1673778465 176
1673778467 136
1673778467 130
1673778467 108
1673778467 163
1673778467 108
1673778467 169
1673778468 128
1673778468 162
1673778468 163
1673778468 184
1673778468 195
1673778469 183
1673778469 187
1673778470 141
1673778470 119
1673778470 103
1673778472 131
1673778472 133
1673778473 105
1673778473 179
1673778473 154
1673778474 162
1673778474 107
1673778475 199
1673778475 107
1673778477 179
1673778477 149
1673778477 132
1673778477 199
1673778477 198
1673778477 199
1673778478 128
1673778478 134
1673778478 134
1673778479 136
1673778479 117
1673778479 147
1673778480 105
1673778480 140
1673778480 120
1673778481 159
1673778481 165
1673778481 153
1673778481 172
1673778481 136
1673778482 189
1673778482 110
1673778482 157
1673778483 197
1673778483 115
1673778483 138
1673778484 137
1673778484 128
1673778484 197
1673778485 136
1673778485 177
1673778485 129
1673778485 109
1673778487 104
1673778487 199
1673778489 198
1673778489 117
1673778490 119
1673778490 190
1673778491 111
1673778491 126
1673778492 146
1673778492 166
1673778492 125
1673778492 197
1673778493 166
1673778493 192
1673778494 110
1673778495 146
1673778495 142
1673778495 189
1673778496 125
1673778496 124
1673778496 161
1673778497 165
1673778497 200
1673778497 144
1673778498 141
1673778498 126
1673778498 177
1673778498 107
1673778499 191
1673778500 149
1673778500 174
1673778500 190
1673778501 197
1673778501 123
1673778501 132
1673778501 144
1673778502 163
1673778503 111
1673778503 160
1673778503 177
1673778503 118
1673778504 121
1673778504 173
1673778505 102
1673778505 123
1673778507 151
1673778507 157
1673778507 166
1673778507 162
1673778507 173
1673778509 182
1673778509 138
1673778509 168
1673778509 180
1673778510 145
1673778510 154
1673778511 162
1673778511 125
1673778512 190
1673778512 189
1673778512 159
1673778512 182
1673778513 146
1673778513 174
1673778513 123
1673778514 122
1673778514 126
1673778514 157
1673778515 194
1673778515 134
1673778515 101
1673778516 161
1673778516 172
1673778516 118
1673778516 126
1673778517 197
1673778517 131
1673778517 176
1673778517 179
1673778518 133
1673778518 163
1673778518 187
1673778518 143
1673778518 197
1673778519 133
1673778519 164
1673778519 172
1673778520 196
1673778520 177
1673778520 180
1673778520 132
1673778520 167
1673778521 195
1673778521 159
1673778522 199
1673778522 129
1673778522 153
1673778523 172
1673778523 174
1673778524 147
1673778524 122
1673778524 192
1673778525 197
1673778525 129
1673778526 142
1673778526 106
1673778527 138
1673778527 154
1673778528 114
1673778528 158
1673778528 171
1673778528 145
1673778528 153
1673778529 144
1673778530 108
1673778530 133
1673778530 188
1673778530 107
1673778531 162
1673778531 185
1673778531 117
1673778531 190
1673778532 161
1673778532 128
1673778533 189
1673778533 164
1673778534 123
1673778534 161
1673778534 179
1673778535 190
1673778535 184
1673778535 188
1673778536 124
1673778536 103
1673778537 159
1673778538 125
1673778538 173
1673778539 166
1673778539 110
1673778539 200
1673778539 160
1673778539 190
1673778539 124
1673778541 151
1673778542 116
1673778542 178
1673778543 185
1673778543 172
1673778544 193
1673778544 143
1673778545 138
1673778545 124
1673778545 173
1673778545 181
1673778546 130
1673778546 191
1673778546 188
1673778547 132
1673778548 114
1673778548 167
1673778549 177
1673778549 172
1673778549 120
1673778549 150
1673778549 161
1673778549 135
1673778549 176
1673778550 176
1673778550 176
1673778550 168
1673778550 113
1673778550 176
1673778551 159
1673778552 174
1673778552 151
1673778553 112
1673778553 117
1673778553 183
1673778554 193
1673778554 200
1673778554 164
1673778554 149
1673778555 140
1673778555 174
1673778555 159
1673778556 194
1673778556 143
1673778556 142
1673778557 191
1673778557 176
1673778557 156
1673778558 115
1673778559 119
1673778559 134
1673778559 115
1673778559 129
1673778560 141
1673778560 111
1673778561 102
1673778561 197
1673778561 182
1673778561 130
1673778561 192
1673778561 185
1673778562 107
1673778562 138
1673778562 142
1673778562 171
1673778563 144
1673778563 156
1673778563 173
1673778563 133
1673778563 165
1673778564 132
1673778565 150
1673778565 115
1673778565 122
1673778566 120
1673778566 119
1673778566 172
1673778567 119
1673778567 137
1673778567 110
1673778568 173
1673778569 155
1673778569 180
1673778569 177
1673778570 110
1673778570 186
1673778571 191
1673778571 144
1673778571 200
1673778571 161
1673778572 162
1673778572 132
1673778572 132
1673778573 179
1673778573 130
1673778573 129
1673778573 134
1673778573 149
1673778573 155
1673778574 162
1673778574 192
1673778575 196
1673778575 152
1673778576 112
1673778576 188
1673778576 116
1673778577 197
1673778578 197
1673778579 152
1673778579 164
1673778580 196
1673778580 167
1673778580 175
1673778580 171
1673778580 180
1673778581 128
1673778581 123
1673778582 139
1673778583 137
1673778583 165
1673778584 182
1673778584 178
1673778584 155
1673778584 182
1673778586 181
1673778586 130
1673778586 147
1673778586 193
1673778586 120
1673778586 181
1673778587 159
1673778587 115
1673778587 181
1673778588 161
1673778588 118
1673778589 161
1673778589 174
1673778589 170
1673778589 144
1673778590 110
1673778590 173
1673778590 138
1673778590 139
1673778591 107
1673778591 133
1673778591 129
1673778592 127
1673778592 193
1673778592 103
1673778592 112
1673778592 183
1673778593 195
1673778593 146
1673778593 106
1673778594 115
1673778594 199
1673778595 128
1673778595 149
1673778595 140
1673778595 120
1673778595 196
1673778595 130
1673778595 191
1673778596 137
1673778597 143
1673778598 133
1673778598 107
1673778598 163
1673778599 177
1673778599 186
1673778599 121
1673778599 129
1673778600 185
1673778600 140
1673778600 197
1673778600 161
1673778601 113
1673778601 188
1673778602 120
1673778603 123
1673778603 192
1673778604 151
1673778604 171
1673778605 151
1673778605 105
1673778606 118
1673778606 119
1673778606 197
1673778606 144
1673778606 184
1673778607 111
1673778607 126
1673778607 101
1673778607 191
1673778607 152
1673778608 103
1673778608 174
1673778609 171
1673778609 194
1673778610 146
1673778610 181
1673778611 129
1673778612 120
1673778612 126
1673778612 157
1673778614 102
1673778614 168
1673778615 196
1673778615 115
1673778617 122
1673778617 120
1673778617 166
1673778617 197
1673778617 120
1673778618 136
1673778618 112
1673778618 147
1673778619 137
1673778620 165
1673778621 157
1673778621 115
1673778621 158
1673778622 154
1673778622 172
1673778622 104
1673778622 200
1673778622 191
1673778623 150
1673778623 106
1673778623 169
1673778623 162
1673778624 129
1673778624 179
1673778625 125
1673778626 142
1673778626 130
1673778627 155
1673778627 138
1673778627 141
1673778627 170
1673778627 124
1673778628 140
1673778628 157
1673778628 143
1673778628 106
1673778629 184
1673778629 179
1673778629 133
1673778631 121
1673778631 102
1673778632 186
1673778632 137
1673778632 159
1673778633 187
1673778633 190
1673778633 107
1673778633 172
1673778634 166
1673778634 150
1673778634 124
1673778635 109
1673778635 108
1673778635 166
1673778635 200
1673778636 186
1673778638 168
1673778638 101
1673778638 182
1673778638 161
1673778639 132
1673778640 154
1673778640 146
1673778640 180
1673778640 116
1673778641 157
1673778641 177
1673778642 119
1673778642 150
1673778642 178
1673778643 115
1673778643 153
1673778643 129
1673778644 149
1673778644 200
1673778644 148
1673778646 150
1673778646 167
1673778647 182
1673778647 130
1673778648 132
1673778648 176
1673778649 110
1673778649 198
1673778650 118
1673778650 135
1673778650 189
1673778651 200
1673778651 118
1673778651 136
1673778651 134
1673778652 159
1673778652 192
1673778652 118
1673778653 149
1673778653 106
1673778653 102
1673778653 108
1673778654 163
1673778654 115
1673778654 166
1673778654 136
1673778654 114
1673778655 146
1673778656 198
1673778656 128
1673778657 175
1673778657 126
1673778657 172
1673778659 190
1673778659 106
1673778659 153
1673778659 186
1673778660 136
1673778660 134
1673778661 138
1673778661 182
1673778662 130
1673778662 195
1673778662 106
1673778662 112
1673778662 194
1673778663 177
1673778663 192
1673778664 132
1673778664 135
1673778664 114
1673778664 187
1673778665 149
1673778665 181
1673778665 170
1673778665 138
1673778666 136
1673778666 149
1673778667 150
1673778667 174
1673778667 137
1673778668 101
1673778668 157
1673778668 113
1673778668 198
1673778669 114
1673778669 198
1673778669 153
1673778669 196
1673778670 152
1673778670 126
1673778670 153
1673778671 194
1673778671 138
1673778671 134
1673778672 101
1673778673 124
1673778673 111
1673778673 105
1673778673 139
1673778673 115
1673778674 144
1673778674 176
1673778674 105
1673778674 178
1673778674 144
1673778675 149
1673778675 109
1673778675 169
1673778676 124
1673778676 158
1673778676 105
1673778676 135
1673778677 104
1673778677 115
1673778677 193
1673778677 102
1673778679 127
1673778679 134
1673778679 153
1673778680 137
1673778680 128
1673778680 169
1673778681 178
1673778681 166
1673778681 139
1673778681 166
1673778681 191
1673778682 173
1673778682 155
1673778683 153
1673778683 189
1673778684 160
1673778686 190
1673778686 187
1673778686 198
1673778687 105
1673778687 146
1673778687 122
1673778688 154
1673778688 160
1673778689 159
1673778690 103
1673778690 128
1673778690 133
1673778691 166
1673778692 118
1673778692 135
1673778692 112
1673778693 112
1673778693 157
1673778693 184
1673778694 101
1673778695 171
1673778695 196
1673778695 198
1673778695 160
1673778695 132
1673778696 200
1673778697 143
1673778697 193
1673778698 140
1673778698 119
1673778698 148
1673778698 139
1673778699 138
1673778699 133
1673778699 143
1673778700 180
1673778700 134
1673778700 104
1673778701 145
1673778701 162
1673778701 109
1673778701 176
1673778702 143
1673778703 108
1673778703 158
1673778703 113
1673778703 119
1673778703 177
1673778703 180
1673778703 122
1673778704 189
1673778704 149
1673778704 140
1673778706 171
1673778706 134
1673778707 125
1673778707 117
1673778707 120
1673778707 134
1673778708 163
1673778708 112
1673778708 127
1673778708 191
1673778708 111
1673778708 147
1673778709 119
1673778709 119
1673778710 196
1673778710 182
1673778712 118
1673778712 125
1673778712 181
1673778712 121
1673778713 186
1673778713 103
1673778714 137
1673778714 174
1673778714 130
1673778714 104
1673778714 167
1673778715 125
1673778715 177
1673778715 179
1673778715 153
1673778716 154
1673778717 186
1673778717 178
1673778718 178
1673778718 152
1673778718 197
1673778718 122
1673778719 178
1673778719 191
1673778719 177
1673778720 181
1673778720 137
1673778720 130
1673778720 133
1673778720 165
1673778721 135
1673778721 103
1673778721 155
1673778722 151
1673778722 158
1673778723 163
1673778724 111
1673778724 116
1673778724 163
1673778725 148
1673778726 162
1673778726 195
1673778727 150
1673778727 123
1673778728 168
1673778728 126
1673778728 197
1673778728 149
1673778729 112
1673778730 126
1673778730 180
1673778730 103
1673778731 146
1673778732 140
1673778732 143
1673778732 183
1673778732 194
1673778733 192
1673778733 106
1673778734 133
1673778735 193
1673778735 121
1673778735 115
1673778737 115
1673778737 189
1673778737 134
1673778737 131
1673778737 156
1673778738 134
1673778738 139
1673778738 196
1673778738 104
1673778738 167
1673778738 149
1673778738 188
1673778739 131
1673778739 189
1673778739 148
1673778739 165
1673778740 177
1673778740 190
1673778741 130
1673778741 129
1673778741 134
1673778741 189
1673778741 174
1673778741 185
1673778742 162
1673778742 200
1673778742 172
1673778743 117
1673778743 123
1673778744 180
1673778745 116
1673778745 174
1673778745 156
1673778745 157
1673778746 179
1673778746 194
1673778746 184
1673778746 186
1673778746 107
1673778747 189
1673778747 113
1673778747 187
1673778747 185
1673778748 171
1673778748 151
1673778748 129
1673778749 143
1673778749 169
1673778749 178
1673778751 145
1673778751 178
1673778751 142
1673778752 194
1673778752 199
1673778753 148
1673778753 148
1673778753 170
1673778753 156
1673778754 156
1673778754 106
1673778754 165
1673778754 109
1673778754 190
1673778754 168
1673778755 146
1673778755 119
1673778755 185
1673778756 161
1673778756 165
1673778756 186
1673778756 134
1673778757 102
1673778757 195
1673778757 104
1673778757 169
1673778758 107
1673778758 161
1673778758 118
1673778759 196
1673778760 109
1673778760 162
1673778760 112
1673778760 128
1673778761 169
1673778761 156
1673778762 144
1673778762 157
1673778762 130
1673778762 154
1673778763 118
1673778764 137
1673778764 151
1673778764 160
1673778764 112
1673778765 114
1673778765 126
1673778765 147
1673778766 150
1673778766 117
1673778766 160
1673778767 101
1673778768 117
1673778768 137
1673778768 182
1673778769 120
1673778769 155
1673778769 154
1673778769 169
1673778770 192
1673778770 110
1673778772 107
1673778772 117
1673778772 198
1673778773 121
1673778773 143
1673778773 198
1673778773 165
1673778774 134
1673778774 192
1673778774 123
1673778775 136
1673778776 120
1673778776 123
1673778776 121
1673778776 180
1673778777 119
1673778778 171
1673778778 181
1673778778 102
1673778778 145
1673778778 114
1673778779 143
1673778779 135
1673778780 134
1673778780 104
1673778780 176
1673778781 118
1673778781 160
1673778781 121
1673778781 108
1673778781 183
1673778781 119
1673778782 137
1673778782 182
1673778782 187
1673778782 145
1673778783 150
1673778783 193
1673778783 160
1673778783 184
1673778784 166
1673778784 169
1673778784 128
1673778784 138
1673778785 184
1673778785 178
1673778785 137
1673778786 133
1673778787 179
1673778788 163
1673778788 143
1673778788 192
1673778788 104
1673778788 162
1673778788 133
1673778789 127
1673778789 162
1673778789 113
1673778790 147
1673778790 193
1673778791 139
1673778791 186
1673778792 124
1673778792 120
1673778792 188
1673778793 167
1673778793 177
1673778793 139
1673778794 198
1673778795 174
1673778796 189
1673778796 198
1673778796 136
1673778796 138
1673778797 137
1673778797 197
1673778797 135
1673778797 171
1673778797 126
1673778797 190
1673778797 195
1673778798 138
1673778798 138
1673778798 189
1673778798 104
1673778798 170
1673778799 192
1673778799 190
1673778799 172
1673778799 117
1673778800 142
1673778800 109
1673778801 123
1673778801 178
1673778801 158
1673778802 131
1673778802 198
1673778802 167
1673778802 137
1673778803 117
1673778803 191
1673778803 155
1673778803 161
1673778804 152
1673778805 115
1673778805 153
1673778806 180
1673778806 164
1673778807 108
1673778807 183
1673778809 105
1673778809 179
1673778810 172
1673778810 121
1673778810 129
1673778811 129
1673778811 162
1673778811 132
1673778811 135
1673778811 156
1673778812 126
1673778812 123
1673778812 144
1673778812 186
1673778812 145
1673778813 174
1673778813 119
1673778813 151
1673778813 158
1673778813 190
1673778814 184
1673778814 158
1673778815 116
1673778815 152
1673778815 151
1673778816 131
1673778816 154
1673778816 152
1673778817 107
1673778818 194
1673778818 129
1673778818 170
1673778819 130
1673778822 166
1673778822 145
1673778823 104
1673778823 124
1673778823 146
1673778824 108
1673778824 135
1673778824 163
1673778824 172
1673778825 143
1673778825 157
1673778826 155
1673778826 136
1673778827 169
1673778827 183
1673778827 125
1673778827 177
1673778827 192
1673778828 128
1673778828 102
1673778828 182
1673778828 198
1673778829 187
1673778829 166
1673778829 183
1673778830 171
1673778830 107
1673778831 121
1673778831 120
1673778831 161
1673778831 197
1673778832 151
1673778832 185
1673778832 110
1673778832 149
1673778832 183
1673778833 158
1673778833 197
1673778833 193
1673778834 120
1673778834 123
1673778834 163
1673778835 135
1673778835 118
1673778835 171
1673778835 167
1673778836 142
1673778836 196
1673778836 173
1673778836 188
1673778837 159
1673778838 172
1673778838 162
1673778838 163
1673778838 172
1673778839 190
1673778839 156
1673778839 171
1673778839 126
1673778839 148
1673778839 159
1673778839 174
1673778840 159
1673778841 140
1673778842 147
1673778842 165
1673778842 177
1673778843 129
1673778843 182
1673778843 138
1673778843 177
1673778843 146
1673778844 143
1673778844 133
1673778844 151
1673778846 120
1673778846 178
1673778846 168
1673778846 200
1673778846 122
1673778847 106
1673778847 150
1673778847 128
1673778847 162
1673778848 144
1673778848 142
1673778848 198
1673778849 137
1673778850 178
1673778850 123
1673778850 132
1673778851 186
1673778851 184
1673778851 112
1673778852 190
1673778852 199
1673778852 198
1673778852 148
1673778852 137
1673778852 116
1673778853 118
1673778853 120
1673778853 127
1673778853 151
1673778854 176
1673778855 102
1673778855 162
1673778855 126
1673778855 186
1673778856 168
1673778857 120
1673778858 174
1673778858 129
1673778858 110
1673778859 131
1673778859 147
1673778860 169
1673778861 194
1673778861 183
1673778861 123
1673778861 120
1673778862 155
1673778862 163
1673778863 196
1673778864 114
1673778864 111
1673778865 107
1673778865 175
1673778865 118
1673778866 175
1673778866 107
1673778867 166
1673778867 150
1673778867 130
1673778867 183
1673778868 127
1673778868 177
1673778869 114
1673778869 199
1673778869 187
1673778869 181
1673778870 114
1673778870 173
1673778871 198
1673778871 144
1673778872 172
1673778872 198
1673778872 176
1673778872 162
1673778873 163
1673778873 123
1673778873 150
1673778874 173
1673778874 101
1673778876 178
1673778876 191
1673778876 154
1673778877 139
1673778877 171
1673778877 113
1673778878 148
1673778879 140
1673778879 153
1673778879 137
1673778879 175
1673778880 187
1673778880 196
1673778880 124
1673778880 170
1673778881 146
1673778881 147
1673778881 109
1673778882 134
1673778882 167
1673778882 182
1673778882 153
1673778883 101
1673778883 192
1673778883 171
1673778884 196
1673778884 104
1673778884 189
1673778885 146
1673778885 141
1673778885 196
1673778885 143
1673778886 171
1673778886 164
1673778886 126
1673778886 195
1673778887 189
1673778887 109
1673778887 147
1673778888 178
1673778888 167
1673778889 155
1673778889 166
1673778889 135
1673778889 149
1673778889 180
1673778890 176
1673778891 137
1673778892 111
1673778892 118
1673778892 153
1673778892 148
1673778893 171
1673778893 158
1673778893 189
1673778894 174
1673778894 195
1673778894 117
1673778894 189
1673778895 168
1673778895 116
1673778896 115
1673778896 153
1673778896 158
1673778896 107
1673778897 174
1673778897 163
1673778898 164
1673778898 134
1673778898 121
1673778898 171
1673778899 101
1673778899 191
1673778900 150
1673778900 129
1673778900 130
1673778900 174
1673778901 147
1673778903 136
1673778903 134
1673778903 167
1673778903 115
1673778904 137
1673778905 145
1673778905 109
1673778905 167
1673778906 160
1673778907 104
1673778907 186
1673778908 144
1673778908 195
1673778909 102
1673778909 150
1673778909 138
1673778910 129
1673778910 125
1673778910 142
1673778911 108
1673778911 190
1673778911 171
1673778911 146
1673778911 109
1673778912 122
1673778912 174
1673778912 135
1673778913 118
1673778913 193
1673778914 137
1673778914 133
1673778915 153
1673778915 190
1673778915 126
1673778915 113
1673778915 125
1673778915 131
1673778916 153
1673778916 119
1673778916 163
1673778917 108
1673778917 158
1673778918 114
1673778918 131
1673778919 182
1673778919 181
1673778919 125
1673778920 117
1673778921 105
1673778921 140
1673778921 139
1673778921 184
1673778922 185
1673778922 168
1673778923 101
1673778923 115
1673778924 190
1673778925 195
1673778925 199
1673778925 183
1673778925 172
1673778925 102
1673778925 144
1673778926 124
1673778926 157
1673778926 133
1673778927 143
1673778927 111
1673778928 138
1673778929 109
1673778929 167
1673778930 196
1673778930 147
1673778930 128
1673778931 129
1673778931 138
1673778932 198
1673778932 128
1673778932 169
1673778932 113
1673778932 108
1673778932 198
1673778933 170
1673778935 141
1673778937 123
1673778937 111
1673778938 140
1673778938 171
1673778938 117
1673778939 124
1673778939 116
1673778939 158
1673778940 116
1673778940 122
1673778940 105
1673778940 126
1673778940 152
1673778941 135
1673778941 127
1673778941 183
1673778942 114
1673778942 149
1673778943 186
1673778943 188
1673778944 188
1673778944 190
1673778944 175
1673778944 156
1673778944 173
1673778947 185
1673778947 150
1673778947 124
1673778948 143
1673778948 153
1673778948 191
1673778948 187
1673778949 104
1673778949 105
1673778949 193
1673778950 155
1673778951 146
1673778951 127
1673778951 139
1673778952 107
1673778952 132
1673778952 172
1673778953 177
1673778953 184
1673778953 117
1673778954 134
1673778954 197
1673778954 196
1673778954 127
1673778954 113
1673778954 103
1673778955 146
1673778955 103
1673778955 137
1673778955 190
1673778956 180
1673778956 156
1673778957 190
1673778957 122
1673778957 147
1673778957 147
1673778957 196
1673778958 199
1673778958 190
1673778958 161
1673778958 154
1673778959 161
1673778959 112
1673778959 104
1673778960 128
1673778960 153
1673778960 165
1673778961 169
1673778961 194
1673778961 124
1673778961 180
1673778961 158
1673778961 196
1673778962 111
1673778962 137
1673778962 160
1673778962 185
1673778963 195
1673778963 132
1673778964 188
1673778964 147
1673778964 181
1673778964 112
1673778965 155
1673778965 173
1673778965 196
1673778965 145
1673778966 196
1673778966 137
1673778966 141
1673778967 199
1673778968 125
1673778968 199
1673778968 113
1673778968 142
1673778969 185
1673778969 168
1673778970 144
1673778970 153
1673778971 135
1673778971 128
1673778971 171
1673778972 179
1673778972 139
1673778972 180
1673778974 119
1673778974 170
1673778974 150
1673778974 171
1673778974 185
1673778975 131
1673778975 184
1673778975 145
1673778975 191
1673778976 134
1673778976 126
1673778977 163
1673778977 136
1673778977 138
1673778978 115
1673778978 129
1673778978 122
1673778979 132
1673778979 193
1673778979 200
1673778979 123
1673778979 134
1673778979 185
1673778980 192
1673778980 174
1673778980 139
1673778980 193
1673778980 108
1673778980 113
1673778981 157
1673778981 185
1673778982 174
1673778982 110
1673778982 153
1673778983 191
1673778983 193
1673778984 145
1673778984 124
1673778985 149
1673778985 147
1673778985 132
1673778986 130
1673778987 182
1673778987 127
1673778987 109
1673778988 189
1673778988 147
1673778988 169
1673778988 154
1673778988 139
1673778989 155
1673778989 151
1673778989 128
1673778989 176
1673778990 154
1673778990 181
1673778991 162
1673778991 164
1673778991 198
1673778992 143
1673778992 185
1673778993 189
1673778993 192
1673778994 142
1673778994 190
1673778994 121
1673778995 104
1673778995 195
1673778995 161
1673778995 165
1673778995 182
1673778996 173
1673778996 183
1673778996 159
1673778996 187
1673778997 185
1673778997 116
1673778997 196
1673778998 110
1673778999 142
1673778999 115
1673778999 194
1673778999 163
1673779000 138
1673779000 134
1673779000 118
1673779001 128
1673779001 168
1673779001 145
1673779001 142
1673779001 194
1673779002 191
1673779003 145
1673779003 119
1673779003 123
1673779005 174
1673779005 104
1673779005 125
1673779006 104
1673779006 102
1673779006 119
1673779006 147
1673779007 126
1673779008 125
1673779009 159
1673779009 160
1673779009 149
1673779010 161
1673779010 143
1673779011 145
1673779011 107
1673779011 181
1673779013 108
1673779013 191
1673779013 164
1673779013 175
1673779014 128
1673779015 134
1673779015 178
1673779015 103
1673779016 151
1673779016 119
1673779017 161
1673779017 188
1673779017 187
1673779017 132
1673779017 179
1673779019 180
1673779019 200
1673779020 199
1673779020 197
1673779020 195
1673779020 198
1673779020 160
1673779020 187
1673779020 185
1673779021 181
1673779021 165
1673779021 141
1673779021 160
1673779021 166
1673779021 170
1673779023 102
1673779024 123
1673779024 199
1673779024 165
1673779024 143
1673779024 111
1673779025 121
1673779025 169
1673779026 101
1673779027 103
1673779027 173
1673779029 198
1673779029 140
1673779030 150
1673779030 137
1673779030 160
1673779030 136
1673779030 162
1673779031 120
1673779031 157
1673779032 164
1673779033 168
1673779033 159
1673779033 151
1673779033 160
1673779034 183
1673779034 129
1673779034 123
1673779034 113
1673779035 118
1673779035 176
1673779035 169
1673779035 105
1673779037 196
1673779037 188
1673779037 199
1673779037 130
1673779038 145
1673779038 143
1673779039 168
1673779040 156
1673779040 170
1673779040 118
1673779041 127
1673779041 189
1673779041 137
1673779042 117
1673779042 157
1673779042 156
1673779042 132
1673779043 108
1673779043 172
1673779043 141
1673779044 178
1673779044 184
1673779044 157
1673779045 181
1673779045 117
1673779046 118
1673779046 126
1673779046 110
1673779047 108
1673779047 169
1673779047 140
1673779048 180
1673779049 175
1673779049 180
1673779049 127
1673779049 126
1673779050 139
1673779050 158
1673779050 130
1673779050 174
1673779051 126
1673779053 107
1673779053 180
1673779053 124
1673779053 124
1673779053 115
1673779054 191
1673779054 186
1673779054 152
1673779054 149
1673779054 182
1673779054 109
1673779055 176
1673779055 142
1673779056 168
1673779056 133
1673779056 117
1673779057 121
1673779057 167
1673779057 147
1673779057 187
1673779058 138
1673779058 193
1673779058 196
1673779058 188
1673779058 121
1673779058 157
1673779058 123
1673779059 200
1673779059 191
1673779059 150
1673779060 110
1673779060 156
1673779060 130
1673779060 115
1673779060 122
1673779060 191
1673779060 169
1673779061 166
1673779061 183
1673779061 153
1673779061 196
1673779061 109
1673779061 176
1673779061 125
1673779062 135
1673779063 198
1673779063 153
1673779063 190
1673779064 186
1673779064 162
1673779065 134
1673779065 183
1673779066 191
1673779066 128
1673779066 117
1673779067 199
1673779067 200
1673779068 145
1673779069 105
1673779069 180
1673779069 110
1673779069 124
1673779070 142
1673779070 199
1673779071 107
1673779072 172
1673779072 131
1673779073 134
1673779073 174
1673779073 171
1673779074 138
1673779074 171
1673779074 114
1673779075 105
1673779075 172
1673779075 198
1673779076 197
1673779076 116
1673779076 131
1673779076 168
1673779077 189
1673779077 113
1673779077 133
1673779077 142
1673779080 141
1673779080 186
1673779080 180
1673779080 128
1673779080 135
1673779080 140
1673779081 146
1673779082 179
1673779082 135
1673779082 157
1673779083 115
1673779083 137
1673779083 131
1673779084 170
1673779084 172
1673779084 136
1673779084 173
1673779085 160
1673779085 118
1673779085 108
1673779086 124
1673779086 195
1673779086 165
1673779087 169
1673779087 134
1673779087 168
1673779088 155
1673779088 194
1673779089 135
1673779089 115
1673779089 182
1673779089 112
1673779089 143
1673779089 166
1673779090 152
1673779090 135
1673779090 113
1673779090 158
1673779091 187
1673779091 103
1673779092 193
1673779092 131
1673779092 183
1673779092 194
1673779092 112
1673779092 126
1673779092 182
1673779093 198
1673779093 139
1673779094 104
1673779094 187
1673779096 175
1673779096 125
1673779096 157
1673779097 109
1673779097 177
1673779097 134
1673779097 190
1673779098 195
1673779099 127
1673779099 189
1673779100 145
1673779100 181
1673779101 136
1673779101 165
1673779101 183
1673779101 113
1673779101 115
1673779101 182
1673779101 178
1673779102 172
1673779103 189
1673779103 173
1673779104 185
1673779104 131
1673779104 119
1673779105 181
1673779105 151
1673779105 197
1673779106 115
1673779107 139
1673779107 124
1673779107 133
1673779108 150
1673779108 123
1673779108 162
1673779109 149
1673779109 140
1673779109 143
1673779109 126
1673779111 121
1673779111 147
1673779111 187
1673779111 171
1673779112 126
1673779112 172
1673779112 127
1673779113 119
1673779113 175
1673779114 160
1673779114 124
1673779114 199
1673779114 104
1673779115 105
1673779115 155
1673779115 192
1673779115 147
1673779115 138
1673779116 137
1673779116 189
1673779116 188
1673779117 130
1673779117 187
1673779117 165
1673779117 117
1673779117 186
1673779118 152
1673779118 149
1673779119 110
1673779119 146
1673779119 136
1673779120 107
1673779120 111
1673779120 139
1673779120 163
1673779120 112
1673779121 118
1673779121 116
1673779121 126
1673779122 174
1673779122 160
1673779122 151
1673779122 177
1673779123 170
1673779123 128
1673779123 157
1673779123 132
1673779123 156
1673779124 176
1673779124 170
1673779124 157
1673779124 174
1673779125 134
1673779125 154
1673779125 198
1673779125 169
1673779125 142
1673779126 141
1673779126 149
1673779126 188
1673779126 196
1673779127 152
1673779127 193
1673779127 112
1673779128 118
1673779128 156
1673779128 140
1673779128 181
1673779129 168
1673779129 172
1673779130 125
1673779130 105
1673779130 197
1673779130 158
1673779131 125
1673779131 162
1673779132 131
1673779132 144
1673779132 119
1673779132 105
1673779133 193
1673779133 108
1673779133 122
1673779133 122
1673779134 182
1673779134 189
1673779135 168
1673779135 152
1673779135 173
1673779136 139
1673779136 123
1673779137 111
1673779137 133
1673779137 163
1673779138 112
1673779138 115
1673779139 104
1673779139 146
1673779139 145
1673779139 143
1673779139 164
1673779140 134
1673779140 159
1673779140 106
1673779141 159
1673779141 163
1673779141 176
1673779141 105
1673779142 143
1673779142 193
1673779143 189
1673779144 112
1673779144 118
1673779144 159
1673779144 133
1673779144 182
1673779145 138
1673779145 181
1673779145 109
1673779146 128
1673779146 152
1673779146 144
1673779147 153
1673779147 168
1673779147 112
1673779147 123
1673779148 194
1673779148 180
1673779148 106
1673779149 190
1673779149 195
1673779149 145
1673779149 169
1673779149 150
1673779150 121
1673779151 169
1673779151 146
1673779152 152
1673779152 122
1673779153 109
1673779154 196
1673779156 149
1673779156 142
1673779156 200
1673779156 180
1673779157 169
1673779157 160
1673779158 194
1673779159 115
1673779159 187
1673779160 156
1673779160 167
1673779160 154
1673779161 126
1673779161 191
1673779162 107
1673779162 127
1673779162 162
1673779162 181
1673779162 129
1673779163 196
1673779164 130
1673779164 121
1673779164 152
1673779165 135
1673779165 189
1673779165 163
1673779166 123
1673779166 179
1673779166 189
1673779167 185
1673779168 182
1673779168 102
1673779169 150
1673779169 156
1673779170 140
1673779170 165
1673779171 152
1673779171 133
1673779171 172
1673779171 161
1673779171 115
1673779171 163
1673779172 138
1673779173 172
1673779174 152
1673779174 200
1673779175 115
1673779175 179
1673779175 115
1673779175 155
1673779176 168
1673779176 133
1673779176 156
1673779177 135
1673779177 121
1673779177 132
1673779177 119
1673779177 160
1673779178 150
1673779178 179
1673779179 160
1673779179 176
1673779179 148
1673779179 130
1673779180 132
1673779180 105
1673779180 194
1673779180 157
1673779181 186
1673779181 181
1673779181 159
1673779181 137
1673779182 136
1673779183 198
1673779183 111
1673779183 156
1673779183 108
1673779183 143
1673779183 175
1673779184 108
1673779184 103
1673779185 166
1673779186 168
1673779187 170
1673779187 115
1673779188 187
1673779188 112
1673779188 171
1673779189 156
1673779190 198
1673779190 188
1673779191 106
1673779191 173
1673779191 159
1673779191 198
1673779191 121
1673779192 197
1673779192 122
1673779192 153
1673779192 142
1673779193 120
1673779193 143
1673779193 115
1673779193 110
1673779194 101
1673779194 155
1673779194 138
1673779195 186
1673779195 161
1673779195 112
1673779196 139
1673779196 200
1673779196 164
1673779197 166
1673779197 119
1673779198 168
1673779198 130
1673779198 165
1673779198 124
1673779198 186
1673779199 152
1673779199 187
1673779199 109
1673779200 110
1673779200 175
1673779200 163
1673779201 109
1673779202 153
1673779202 125
1673779202 153
1673779202 199
1673779203 142
1673779203 129
1673779203 121
1673779203 171
1673779204 159
1673779204 182
1673779204 153
1673779204 118
1673779204 152
1673779205 191
1673779205 102
1673779205 187
1673779205 156
1673779206 151
1673779206 139
1673779206 109
1673779207 170
1673779207 185
1673779208 175
1673779209 148
1673779209 121
1673779209 130
1673779210 196
1673779210 160
1673779210 188
1673779211 132
1673779212 121
1673779212 155
1673779212 198
1673779212 114
1673779212 172
1673779213 168
1673779213 145
1673779214 149
1673779214 180
1673779214 145
1673779214 189
1673779215 104
1673779215 150
1673779215 104
1673779215 169
1673779217 155
1673779217 153
1673779217 133
1673779217 112
1673779218 156
1673779218 186
1673779218 132
1673779218 181
1673779218 148
1673779219 165
1673779219 111
1673779219 161
1673779220 104
1673779220 125
1673779221 154
1673779221 146
1673779222 156
1673779222 141
1673779222 198
1673779222 116
1673779222 199
1673779223 187
1673779223 147
1673779223 132
1673779224 173
1673779225 187
1673779225 165
1673779225 181
1673779225 130
1673779225 143
1673779226 161
1673779226 152
1673779226 144
1673779226 148
1673779227 162
1673779228 175
1673779228 148
1673779228 132
1673779229 122
1673779229 164
1673779229 124
1673779230 164
1673779230 110
1673779230 178
1673779231 116
1673779231 194
1673779232 124
1673779233 168
1673779234 131
1673779234 182
1673779234 122
1673779234 133
1673779234 192
1673779235 108
1673779235 152
1673779235 111
1673779235 183
1673779235 161
1673779235 188
1673779236 141
1673779237 181
1673779238 172
1673779238 196
1673779238 130
1673779238 135
1673779239 172
1673779240 152
1673779240 176
1673779241 111
1673779241 180
1673779241 163
1673779241 171
1673779242 157
1673779242 181
1673779242 165
1673779242 121
1673779242 161
1673779243 146
1673779243 182
1673779243 114
1673779243 142
1673779244 125
1673779244 170
1673779244 140
1673779244 169
1673779244 102
1673779245 198
1673779245 127
1673779246 169
1673779247 107
1673779248 150
1673779248 108
1673779248 159
1673779248 110
1673779249 113
1673779249 170
1673779250 126
1673779251 129
1673779251 174
1673779253 114
1673779253 168
1673779253 173
1673779253 162
1673779253 105
1673779254 134
1673779254 196
1673779254 190
1673779254 124
1673779255 134
1673779255 110
1673779255 152
1673779255 158
1673779255 116
1673779256 118
1673779256 142
1673779256 175
1673779256 146
1673779257 102
1673779258 168
1673779258 122
1673779258 138
1673779259 144
1673779259 112
1673779259 137
1673779259 117
1673779259 102
1673779259 147
1673779260 169
1673779260 163
1673779261 137
1673779261 141
1673779261 140
1673779261 155
1673779262 111
1673779262 194
1673779262 195
1673779263 123
1673779263 197
1673779263 143
1673779264 200
1673779264 199
1673779264 123
1673779264 148
1673779264 171
1673779264 122
1673779265 189
1673779265 122
1673779265 135
1673779265 123
1673779266 162
1673779266 135
1673779266 143
1673779267 195
1673779267 139
1673779267 170
1673779268 124
1673779268 161
1673779268 135
1673779268 148
1673779268 134
1673779268 104
1673779268 176
1673779269 168
1673779269 110
1673779270 161
1673779270 125
1673779270 129
1673779270 158
1673779270 142
1673779271 110
1673779271 115
1673779271 180
1673779272 110
1673779272 136
1673779272 153
1673779272 106
1673779272 181
1673779272 147
1673779272 145
1673779273 199
1673779273 195
1673779273 147
1673779273 161
1673779273 187
1673779274 147
1673779274 104
1673779274 131
1673779275 133
1673779275 156
1673779275 184
1673779275 156
1673779277 191
1673779278 157
1673779278 118
1673779279 135
1673779279 163
1673779279 144
1673779279 131
1673779279 114
1673779279 110
1673779279 183
1673779280 139
1673779280 131
1673779281 174
1673779281 129
1673779281 160
1673779281 112
1673779281 142
1673779281 107
1673779281 139
1673779283 159
1673779284 139
1673779285 174
1673779285 130
1673779285 160
1673779285 143
1673779286 110
1673779286 167
1673779286 105
1673779287 166
1673779287 198
1673779287 128
1673779288 107
1673779288 151
1673779289 125
1673779289 155
1673779289 161
1673779289 177
1673779289 126
1673779290 119
1673779290 131
1673779290 200
1673779290 130
1673779290 119
1673779290 117
