1673776802 138
1673776802 200
1673776802 144
1673776802 161
1673776804 152
1673776806 174
1673776806 179
1673776807 105
1673776808 155
1673776810 127
1673776810 107
1673776811 179
1673776813 105
1673776815 111
1673776815 111
1673776816 104
1673776816 189
1673776816 128
1673776818 118
1673776820 159
1673776820 178
1673776824 173
1673776824 182
1673776825 152
1673776828 137
1673776828 176
1673776828 186
1673776829 194
1673776829 192
1673776829 167
1673776829 186
1673776830 123
1673776830 118
1673776830 194
1673776832 156
1673776832 180
1673776837 195
1673776837 175
1673776838 123
1673776838 123
1673776838 136
1673776839 151
1673776840 159
1673776842 117
1673776844 106
1673776850 152
1673776851 111
1673776853 180
1673776853 193
1673776858 119
1673776858 181
1673776861 155
1673776861 122
1673776861 117
1673776862 196
1673776863 153
1673776864 176
1673776866 186
1673776866 141
1673776867 155
1673776873 110
1673776876 197
1673776877 190
1673776877 123
1673776878 147
1673776878 166
1673776878 161
1673776879 115
1673776879 166
1673776879 185
1673776879 159
1673776879 149
1673776879 185
1673776879 196
1673776880 142
1673776880 157
1673776880 111
1673776880 198
1673776880 122
1673776882 119
1673776882 177
1673776883 174
1673776885 151
1673776885 200
1673776886 178
1673776888 145
1673776889 151
1673776889 108
1673776889 149
1673776889 158
1673776889 159
1673776890 180
1673776890 120
1673776890 164
1673776892 185
1673776892 152
1673776894 136
1673776894 173
1673776895 118
1673776895 197
1673776896 123
1673776896 133
1673776898 125
1673776898 127
1673776898 184
1673776898 116
1673776899 111
1673776899 162
1673776900 127
1673776901 164
1673776901 136
1673776902 121
1673776903 104
1673776903 184
1673776903 128
1673776904 199
1673776904 191
1673776904 184
1673776904 176
1673776908 153
1673776920 181
1673776922 120
1673776922 195
1673776923 115
1673776923 172
1673776924 110
1673776924 184
1673776924 192
1673776924 110
1673776925 195
1673776925 148
1673776925 193
1673776925 145
1673776925 150
1673776928 163
1673776929 129
1673776929 151
1673776929 165
1673776929 181
1673776929 115
1673776930 170
1673776931 105
1673776931 127
1673776931 141
1673776931 189
1673776932 147
1673776932 153
1673776932 162
1673776933 117
1673776933 139
1673776933 121
1673776934 185
1673776934 132
1673776934 184
1673776935 109
1673776935 173
1673776935 160
1673776935 112
1673776936 127
1673776936 193
1673776937 146
1673776937 200
1673776937 172
1673776937 142
1673776937 195
1673776937 167
1673776937 107
1673776938 162
1673776939 169
1673776939 139
1673776941 123
1673776942 187
1673776943 132
1673776943 103
1673776944 167
1673776944 189
1673776945 126
1673776945 165
1673776946 176
1673776947 195
1673776948 154
1673776948 170
1673776948 119
1673776949 153
1673776949 148
1673776949 186
1673776950 114
1673776950 195
1673776951 148
1673776951 131
1673776951 119
1673776951 189
1673776951 151
1673776951 169
1673776951 104
1673776952 161
1673776953 135
1673776953 190
1673776954 182
1673776956 132
1673776957 173
1673776957 168
1673776957 118
1673776957 101
1673776957 121
1673776958 113
1673776958 182
1673776958 103
1673776959 141
1673776959 122
1673776959 130
1673776959 187
1673776960 120
1673776961 142
1673776961 185
1673776961 167
1673776962 157
1673776962 144
1673776963 194
1673776963 109
1673776963 170
1673776963 189
1673776963 143
1673776963 200
1673776964 134
1673776965 126
1673776965 188
1673776965 178
1673776966 126
1673776966 144
1673776966 119
1673776967 143
1673776967 114
1673776967 137
1673776968 189
1673776968 177
1673776968 176
1673776968 174
1673776968 176
1673776969 182
1673776969 168
1673776969 174
1673776969 115
1673776970 193
1673776970 128
1673776970 196
1673776970 155
1673776970 138
1673776971 155
1673776971 181
1673776971 118
1673776971 200
1673776972 181
1673776972 159
1673776972 151
1673776972 158
1673776973 199
1673776974 169
1673776974 200
1673776975 116
1673776975 156
1673776976 137
1673776977 136
1673776977 126
1673776977 134
1673776977 188
1673776978 189
1673776979 166
1673776979 121
1673776979 170
1673776979 102
1673776980 192
1673776980 129
1673776981 120
1673776981 150
1673776981 144
1673776981 159
1673776982 145
1673776982 167
1673776982 195
1673776982 106
1673776983 189
1673776984 113
1673776985 108
1673776986 168
1673776986 137
1673776987 114
1673776987 193
1673776988 112
1673776988 115
1673776988 102
1673776989 104
1673776992 141
1673776992 166
1673776995 107
1673776996 186
1673776997 117
1673776997 179
1673776997 151
1673777000 106
1673777000 129
1673777001 198
1673777001 179
1673777001 126
1673777001 197
1673777001 197
1673777002 108
1673777003 127
1673777003 182
1673777003 133
1673777004 167
1673777004 198
1673777005 186
1673777006 121
1673777006 155
1673777007 110
1673777008 107
1673777008 195
1673777009 191
1673777011 161
1673777011 153
1673777011 140
1673777011 152
1673777012 149
1673777013 117
1673777013 173
1673777013 179
1673777014 154
1673777014 157
1673777014 177
1673777015 119
1673777015 173
1673777016 154
1673777016 140
1673777017 187
1673777017 140
1673777017 106
1673777018 188
1673777018 104
1673777018 133
1673777018 157
1673777019 188
1673777019 154
1673777019 135
1673777019 119
1673777022 154
1673777022 119
1673777022 164
1673777023 184
1673777023 132
1673777024 176
1673777024 123
1673777027 112
1673777027 182
1673777027 182
1673777027 122
1673777027 114
1673777027 196
1673777028 122
1673777028 103
1673777028 163
1673777028 195
1673777029 175
1673777029 159
1673777029 128
1673777029 179
1673777030 162
1673777030 123
1673777031 136
1673777031 151
1673777031 110
1673777032 175
1673777033 189
1673777033 146
1673777034 144
1673777034 180
1673777034 117
1673777034 149
1673777034 131
1673777035 116
1673777035 165
1673777036 119
1673777036 120
1673777036 117
1673777036 175
1673777036 144
1673777036 162
1673777037 185
1673777037 162
1673777037 133
1673777038 126
1673777038 181
1673777038 163
1673777038 190
1673777038 121
1673777038 173
1673777038 116
1673777038 159
1673777039 129
1673777039 179
1673777039 167
1673777040 105
1673777040 101
1673777040 150
1673777042 108
1673777042 124
1673777042 134
1673777042 109
1673777042 184
1673777043 103
1673777043 126
1673777043 146
1673777044 178
1673777044 183
1673777044 187
1673777045 169
1673777046 185
1673777046 143
1673777047 155
1673777047 122
1673777047 160
1673777047 168
1673777048 141
1673777048 186
1673777048 114
1673777048 164
1673777048 125
1673777048 120
1673777049 194
1673777049 192
1673777050 165
1673777050 194
1673777050 132
1673777050 150
1673777050 154
1673777051 198
1673777051 119
1673777051 156
1673777052 181
1673777052 184
1673777052 125
1673777052 102
1673777052 160
1673777053 195
1673777054 127
1673777054 148
1673777054 142
1673777055 196
1673777055 124
1673777057 194
1673777057 130
1673777057 121
1673777057 180
1673777058 194
1673777059 175
1673777059 133
1673777060 169
1673777060 162
1673777060 127
1673777060 132
1673777061 171
1673777062 111
1673777062 138
1673777062 149
1673777062 167
1673777062 195
1673777063 138
1673777063 137
1673777064 108
1673777065 151
1673777065 114
1673777065 131
1673777065 184
1673777066 122
1673777066 151
1673777066 105
1673777066 185
1673777066 156
1673777066 183
1673777067 150
1673777067 115
1673777067 153
1673777067 134
1673777067 150
1673777068 180
1673777068 172
1673777069 127
1673777069 144
1673777069 109
1673777069 136
1673777070 188
1673777070 147
1673777070 182
1673777071 117
1673777072 173
1673777072 183
1673777072 145
1673777072 184
1673777072 165
1673777072 200
1673777072 111
1673777073 196
1673777073 157
1673777074 165
1673777074 194
1673777074 127
1673777075 117
1673777075 122
1673777075 192
1673777075 161
1673777075 194
1673777075 135
1673777075 185
1673777075 139
1673777076 174
1673777076 116
1673777076 178
1673777076 139
1673777077 162
1673777077 132
1673777077 117
1673777078 128
1673777078 111
1673777078 117
1673777078 103
1673777079 147
1673777079 126
1673777079 153
1673777080 135
1673777080 189
1673777080 154
1673777080 197
1673777080 120
1673777081 179
1673777081 161
1673777081 116
1673777081 174
1673777082 160
1673777082 185
1673777082 195
1673777083 185
1673777083 127
1673777083 161
1673777083 185
1673777084 193
1673777084 171
1673777084 175
1673777084 161
1673777085 154
1673777085 198
1673777085 156
1673777085 155
1673777085 147
1673777086 178
1673777086 180
1673777086 147
1673777086 160
1673777086 119
1673777087 173
1673777087 191
1673777087 118
1673777087 112
1673777088 171
1673777088 122
1673777088 132
1673777088 176
1673777088 159
1673777089 130
1673777089 181
1673777089 133
1673777090 180
1673777090 155
1673777090 167
1673777092 174
1673777092 176
1673777093 151
1673777093 166
1673777093 107
1673777093 160
1673777094 118
1673777094 191
1673777095 179
1673777095 137
1673777095 194
1673777096 197
1673777096 137
1673777096 135
1673777096 191
1673777097 195
1673777097 141
1673777097 188
1673777098 192
1673777098 134
1673777098 117
1673777099 158
1673777099 174
1673777099 139
1673777099 109
1673777099 135
1673777100 163
1673777100 125
1673777101 164
1673777102 109
1673777103 144
1673777103 146
1673777103 130
1673777104 158
1673777104 108
1673777104 126
1673777104 140
1673777104 192
1673777104 177
1673777105 137
1673777105 133
1673777105 166
1673777105 101
1673777105 116
1673777105 162
1673777105 199
1673777105 150
1673777106 101
1673777106 188
1673777106 156
1673777106 133
1673777106 137
1673777107 123
1673777107 171
1673777107 106
1673777107 146
1673777108 190
1673777108 159
1673777109 189
1673777109 138
1673777109 190
1673777109 175
1673777110 108
1673777110 159
1673777110 132
1673777111 146
1673777111 156
1673777112 190
1673777112 172
1673777112 180
1673777113 163
1673777113 150
1673777113 126
1673777113 101
1673777114 143
1673777114 200
1673777114 103
1673777115 143
1673777115 191
1673777115 139
1673777116 126
1673777116 147
1673777116 171
1673777116 154
1673777117 187
1673777118 199
1673777118 183
1673777118 109
1673777118 197
1673777118 112
1673777119 127
1673777119 179
1673777119 121
1673777119 112
1673777119 174
1673777120 147
1673777120 117
1673777121 151
1673777121 192
1673777121 147
1673777123 140
1673777123 106
1673777123 178
1673777124 105
1673777124 134
1673777124 111
1673777124 109
1673777124 176
1673777124 138
1673777125 121
1673777125 158
1673777126 104
1673777127 109
1673777127 162
1673777127 176
1673777127 101
1673777128 188
1673777128 148
1673777128 105
1673777129 128
1673777129 166
1673777129 139
1673777129 130
1673777129 183
1673777130 176
1673777130 163
1673777130 142
1673777130 101
1673777131 200
1673777131 164
1673777131 106
1673777131 192
1673777132 145
1673777132 162
1673777132 159
1673777133 170
1673777133 166
1673777133 121
1673777133 131
1673777134 119
1673777134 117
1673777134 176
1673777135 146
1673777135 153
1673777135 189
1673777136 109
1673777136 185
1673777136 118
1673777136 135
1673777137 199
1673777138 116
1673777138 109
1673777139 107
1673777140 178
1673777140 133
1673777140 163
1673777141 186
1673777141 103
1673777141 122
1673777141 180
1673777142 155
1673777142 147
1673777142 107
1673777142 193
1673777142 129
1673777143 196
1673777143 118
1673777143 197
1673777144 153
1673777144 187
1673777144 141
1673777144 161
1673777145 195
1673777145 115
1673777146 135
1673777146 197
1673777147 170
1673777147 183
1673777147 102
1673777147 154
1673777147 190
1673777147 190
1673777147 186
1673777147 186
1673777147 193
1673777148 190
1673777148 172
1673777148 121
1673777148 122
1673777149 164
1673777149 116
1673777149 159
1673777149 155
1673777149 159
1673777150 127
1673777150 112
1673777150 141
1673777150 129
1673777151 127
1673777151 139
1673777152 166
1673777152 138
1673777152 133
1673777152 142
1673777152 126
1673777153 143
1673777153 155
1673777154 199
1673777154 181
1673777154 176
1673777154 133
1673777155 119
1673777155 164
1673777156 182
1673777156 124
1673777157 188
1673777157 149
1673777157 117
1673777158 159
1673777158 184
1673777158 191
1673777158 149
1673777158 189
1673777158 164
1673777159 147
1673777160 115
1673777160 163
1673777160 114
1673777160 178
1673777160 172
1673777161 190
1673777161 104
1673777162 193
1673777162 143
1673777163 193
1673777163 171
1673777163 149
1673777163 181
1673777163 181
1673777164 106
1673777164 127
1673777165 130
1673777165 122
1673777165 160
1673777166 134
1673777166 131
1673777166 105
1673777167 182
1673777167 107
1673777167 136
1673777167 148
1673777168 197
1673777168 145
1673777170 187
1673777171 180
1673777171 138
1673777172 153
1673777172 142
1673777172 108
1673777172 139
1673777172 137
1673777172 142
1673777173 121
1673777173 160
1673777173 153
1673777173 199
1673777174 142
1673777174 194
1673777174 190
1673777174 156
1673777175 115
1673777175 108
1673777175 190
1673777176 189
1673777176 115
1673777176 185
1673777177 197
1673777177 102
1673777178 117
1673777178 135
1673777178 113
1673777179 135
1673777180 162
1673777180 115
1673777180 127
1673777180 181
1673777181 168
1673777181 171
1673777181 117
1673777182 126
1673777183 132
1673777183 172
1673777185 196
1673777185 133
1673777185 104
1673777186 114
1673777186 120
1673777186 112
1673777186 153
1673777186 155
1673777187 158
1673777187 167
1673777187 125
1673777188 160
1673777189 134
1673777189 185
1673777189 177
1673777190 109
1673777191 184
1673777191 167
1673777192 164
1673777192 143
1673777193 176
1673777193 121
1673777193 139
1673777193 195
1673777193 121
1673777194 110
1673777194 104
1673777194 193
1673777195 186
1673777195 169
1673777195 108
1673777196 127
1673777196 114
1673777198 174
1673777198 133
1673777198 139
1673777198 115
1673777198 125
1673777199 105
1673777199 173
1673777199 161
1673777199 194
1673777200 104
1673777200 106
1673777200 197
1673777201 128
1673777201 152
1673777201 128
1673777201 127
1673777202 142
1673777202 181
1673777202 178
1673777203 189
1673777203 110
1673777203 105
1673777204 152
1673777204 137
1673777206 121
1673777206 151
1673777206 172
1673777207 160
1673777207 144
1673777208 137
1673777208 111
1673777208 182
1673777208 195
1673777208 158
1673777209 158
1673777209 147
1673777210 116
1673777210 175
1673777210 151
1673777211 148
1673777211 128
1673777211 130
1673777211 187
1673777212 102
1673777212 179
1673777212 142
1673777212 172
1673777213 174
1673777213 108
1673777214 122
1673777214 169
1673777214 109
1673777214 171
1673777215 137
1673777215 157
1673777216 178
1673777216 153
1673777216 178
1673777216 136
1673777216 196
1673777216 121
1673777218 151
1673777218 139
1673777218 149
1673777219 126
1673777219 162
1673777219 116
1673777219 126
1673777220 142
1673777220 128
1673777220 143
1673777220 138
1673777220 131
1673777221 109
1673777221 103
1673777222 136
1673777222 192
1673777222 150
1673777223 196
1673777223 105
1673777224 169
1673777224 166
1673777225 177
1673777225 183
1673777226 105
1673777226 175
1673777227 123
1673777227 146
1673777227 120
1673777228 113
1673777229 133
1673777229 130
1673777229 138
1673777230 138
1673777233 162
1673777233 162
1673777233 124
1673777233 171
1673777234 141
1673777234 144
1673777235 167
1673777235 154
1673777236 152
1673777236 105
1673777236 147
1673777237 145
1673777237 146
1673777238 182
1673777238 114
1673777239 152
1673777239 192
1673777239 184
1673777240 126
1673777240 183
1673777240 141
1673777240 150
1673777241 150
1673777242 109
1673777242 153
1673777243 156
1673777243 193
1673777244 129
1673777244 161
1673777244 116
1673777244 130
1673777246 185
1673777247 199
1673777247 166
1673777249 116
1673777249 190
1673777250 149
1673777251 129
1673777251 121
1673777251 110
1673777252 145
1673777252 149
1673777252 106
1673777253 134
1673777253 189
1673777253 104
1673777253 164
1673777254 198
1673777255 158
1673777257 135
1673777257 108
1673777257 115
1673777258 106
1673777259 160
1673777259 198
1673777260 189
1673777260 177
1673777260 182
1673777260 156
1673777261 195
1673777261 181
1673777261 183
1673777262 152
1673777263 140
1673777263 142
1673777263 112
1673777263 183
1673777263 179
1673777264 138
1673777264 172
1673777264 191
1673777265 104
1673777265 136
1673777265 156
1673777265 128
1673777265 177
1673777265 111
1673777265 188
1673777266 195
1673777266 114
1673777266 188
1673777266 110
1673777266 126
1673777267 196
1673777267 191
1673777267 109
1673777267 129
1673777267 109
1673777268 172
1673777268 102
1673777269 158
1673777269 138
1673777270 158
1673777270 182
1673777271 105
1673777271 101
1673777271 178
1673777272 193
1673777272 105
1673777272 173
1673777272 133
1673777272 135
1673777272 103
1673777273 170
1673777273 155
1673777273 151
1673777273 117
1673777274 117
1673777274 103
1673777274 163
1673777275 161
1673777275 137
1673777275 173
1673777275 120
1673777276 174
1673777276 150
1673777276 121
1673777276 130
1673777277 155
1673777277 179
1673777278 126
1673777278 161
1673777279 154
1673777279 180
1673777279 143
1673777279 160
1673777280 187
1673777280 130
1673777281 169
1673777281 129
1673777281 195
1673777282 168
1673777282 158
1673777282 105
1673777283 141
1673777283 175
1673777283 167
1673777283 180
1673777283 155
1673777284 168
1673777284 154
1673777284 128
1673777286 181
1673777286 200
1673777286 199
1673777287 190
1673777287 182
1673777288 112
1673777288 158
1673777288 171
1673777289 196
1673777289 181
1673777290 144
1673777290 130
1673777292 150
1673777292 127
1673777293 198
1673777293 147
1673777293 144
1673777294 174
1673777294 115
1673777295 156
1673777295 171
1673777295 147
1673777295 109
1673777295 183
1673777296 104
1673777296 192
1673777296 188
1673777297 152
1673777297 176
1673777297 102
1673777297 129
1673777298 175
1673777298 114
1673777298 192
1673777299 179
1673777299 110
1673777299 181
1673777299 124
1673777299 170
1673777300 148
1673777300 174
1673777301 139
1673777302 120
1673777302 115
1673777302 164
1673777302 118
1673777303 105
1673777303 193
1673777303 106
1673777303 105
1673777304 105
1673777304 197
1673777305 186
1673777305 174
1673777307 118
1673777307 182
1673777307 175
1673777308 124
1673777308 176
1673777308 117
1673777309 120
1673777309 108
1673777309 106
1673777309 189
1673777310 121
1673777310 138
1673777310 108
1673777310 146
1673777311 199
1673777311 193
1673777312 171
1673777312 125
1673777312 106
1673777313 117
1673777313 128
1673777313 123
1673777314 126
1673777314 133
1673777314 120
1673777314 111
1673777314 115
1673777314 119
1673777314 129
1673777315 118
1673777315 129
1673777316 158
1673777316 101
1673777316 101
1673777316 114
1673777316 181
1673777316 118
1673777316 176
1673777317 157
1673777318 195
1673777319 172
1673777320 104
1673777320 104
1673777320 199
1673777321 162
1673777321 127
1673777321 161
1673777322 104
1673777322 156
1673777323 138
1673777324 171
1673777324 142
1673777324 146
1673777325 131
1673777325 131
1673777326 164
1673777326 158
1673777326 200
1673777326 118
1673777327 144
1673777327 151
1673777327 170
1673777328 172
1673777329 150
1673777329 186
1673777329 107
1673777330 155
1673777330 115
1673777331 128
1673777332 140
1673777333 158
1673777333 182
1673777334 193
1673777334 142
1673777335 134
1673777335 101
1673777336 192
1673777336 105
1673777336 102
1673777337 162
1673777337 192
1673777337 123
1673777337 158
1673777339 199
1673777339 148
1673777340 186
1673777341 142
1673777342 126
1673777342 196
1673777342 187
1673777343 190
1673777343 116
1673777344 184
1673777344 193
1673777346 132
1673777360 123
1673777361 149
1673777361 138
1673777362 121
1673777362 137
1673777362 151
1673777362 139
1673777362 152
1673777363 102
1673777363 117
1673777364 144
1673777364 102
1673777365 114
1673777365 179
1673777366 196
1673777367 159
1673777367 189
1673777367 179
1673777367 101
1673777368 147
1673777368 164
1673777368 179
1673777368 158
1673777368 154
1673777369 200
1673777369 128
1673777369 147
1673777369 156
1673777369 131
1673777370 137
1673777370 178
1673777370 150
1673777371 162
1673777371 148
1673777371 178
1673777371 124
1673777371 153
1673777371 108
1673777371 141
1673777371 177
1673777372 152
1673777373 174
1673777373 115
1673777374 139
1673777374 122
1673777374 123
1673777375 101
1673777375 171
1673777375 135
1673777376 106
1673777377 163
1673777378 134
1673777378 168
1673777379 191
1673777379 133
1673777379 193
1673777379 143
1673777379 117
1673777380 145
1673777380 139
1673777380 156
1673777380 126
1673777380 143
1673777381 107
1673777381 136
1673777381 151
1673777381 186
1673777381 188
1673777382 186
1673777382 154
1673777382 182
1673777383 105
1673777383 152
1673777384 168
1673777385 101
1673777385 128
1673777385 166
1673777386 145
1673777386 150
1673777386 106
1673777386 189
1673777386 112
1673777387 113
1673777387 125
1673777387 125
1673777388 124
1673777388 166
1673777388 196
1673777388 174
1673777389 125
1673777389 164
1673777389 114
1673777389 180
1673777390 134
1673777391 172
1673777392 125
1673777393 103
1673777393 173
1673777393 200
1673777393 185
1673777394 170
1673777394 194
1673777395 115
1673777395 157
1673777395 194
1673777395 122
1673777395 157
1673777396 125
1673777396 109
1673777396 111
1673777397 173
1673777397 191
1673777398 173
1673777398 113
1673777398 180
1673777398 142
1673777399 135
1673777399 166
1673777399 123
1673777399 174
1673777399 116
1673777399 169
1673777399 115
1673777400 177
1673777401 151
1673777402 182
1673777403 145
1673777403 194
1673777403 130
1673777403 153
1673777404 153
1673777405 120
1673777405 121
1673777405 108
1673777405 106
1673777406 152
1673777406 102
1673777406 112
1673777407 143
1673777407 158
1673777407 134
1673777408 120
1673777408 193
1673777408 150
1673777408 193
1673777409 160
1673777409 198
1673777409 114
1673777409 147
1673777410 114
1673777410 143
1673777411 146
1673777411 114
1673777411 171
1673777411 143
1673777411 142
1673777412 143
1673777412 107
1673777413 189
1673777413 170
1673777413 151
1673777414 166
1673777416 119
1673777416 151
1673777418 172
1673777418 172
1673777419 160
1673777419 144
1673777419 176
1673777419 145
1673777420 148
1673777420 146
1673777421 132
1673777421 107
1673777421 125
1673777422 180
1673777422 160
1673777422 132
1673777423 124
1673777423 142
1673777423 109
1673777423 106
1673777423 188
1673777423 123
1673777423 173
1673777424 200
1673777424 160
1673777425 170
1673777425 137
1673777425 192
1673777425 126
1673777425 172
1673777425 174
1673777425 177
1673777426 120
1673777426 115
1673777427 141
1673777427 157
1673777428 166
1673777428 165
1673777429 200
1673777429 157
1673777430 186
1673777430 108
1673777430 128
1673777431 162
1673777431 182
1673777432 126
1673777432 165
1673777432 157
1673777432 195
1673777432 132
1673777433 197
1673777433 182
1673777434 128
1673777435 198
1673777435 127
1673777435 181
1673777436 164
1673777436 156
1673777437 183
1673777438 196
1673777438 197
1673777438 169
1673777439 119
1673777439 118
1673777439 170
1673777440 196
1673777441 115
1673777441 152
1673777441 191
1673777441 128
1673777442 104
1673777443 110
1673777443 104
1673777444 117
1673777444 136
1673777444 133
1673777445 110
1673777445 199
1673777446 183
1673777447 187
1673777447 151
1673777447 176
1673777447 111
1673777448 127
1673777449 150
1673777449 187
1673777450 177
1673777450 185
1673777450 126
1673777450 154
1673777451 142
1673777451 118
1673777451 178
1673777451 141
1673777451 166
1673777451 106
1673777451 133
1673777452 107
1673777452 177
1673777452 183
1673777453 146
1673777453 156
1673777453 108
1673777453 144
1673777454 160
1673777454 120
1673777454 132
1673777454 159
1673777454 195
1673777454 111
1673777455 188
1673777455 152
1673777455 158
1673777455 165
1673777455 187
1673777455 131
1673777455 110
1673777455 194
1673777456 114
1673777456 129
1673777457 188
1673777457 109
1673777458 142
1673777459 145
1673777459 158
1673777459 127
1673777459 179
1673777459 185
1673777460 130
1673777460 145
1673777461 146
1673777461 158
1673777461 135
1673777461 158
1673777462 155
1673777462 155
1673777462 168
1673777462 197
1673777463 187
1673777463 155
1673777463 165
1673777463 124
1673777464 199
1673777464 120
1673777465 143
1673777465 192
1673777465 130
1673777465 163
1673777467 185
1673777467 186
1673777468 118
1673777468 161
1673777469 173
1673777470 158
1673777471 169
1673777471 115
1673777472 159
1673777472 184
1673777472 144
1673777473 155
1673777473 176
1673777473 168
1673777474 176
1673777474 133
1673777474 119
1673777475 119
1673777475 105
1673777476 102
1673777476 199
1673777476 193
1673777477 150
1673777477 111
1673777477 120
1673777478 200
1673777479 179
1673777479 165
1673777479 158
1673777480 194
1673777480 188
1673777480 182
1673777480 156
1673777481 156
1673777482 158
1673777482 181
1673777483 181
1673777483 111
1673777483 135
1673777484 133
1673777485 168
1673777485 127
1673777485 184
1673777486 139
1673777486 186
1673777487 180
1673777488 168
1673777488 171
1673777489 180
1673777489 185
1673777489 154
1673777490 134
1673777490 175
1673777490 162
1673777490 117
1673777491 184
1673777492 159
1673777492 190
1673777492 113
1673777492 147
1673777492 126
1673777495 147
1673777495 104
1673777496 147
1673777496 142
1673777496 118
1673777497 120
1673777497 104
1673777498 149
1673777499 184
1673777500 191
1673777501 141
1673777501 198
1673777501 126
1673777501 138
1673777501 176
1673777502 149
1673777502 111
1673777502 188
1673777502 110
1673777502 162
1673777503 144
1673777503 147
1673777504 131
1673777504 127
1673777504 171
1673777504 172
1673777505 190
1673777505 192
1673777506 188
1673777506 183
1673777506 140
1673777507 151
1673777507 138
1673777507 166
1673777507 165
1673777508 156
1673777509 146
1673777509 115
1673777510 132
1673777510 158
1673777510 198
1673777510 143
1673777510 176
1673777510 174
1673777511 107
1673777511 191
1673777511 177
1673777512 200
1673777512 112
1673777512 140
1673777512 130
1673777513 108
1673777513 161
1673777513 111
1673777513 138
1673777513 101
1673777514 148
1673777515 194
1673777515 103
1673777515 122
1673777515 199
1673777515 164
1673777515 110
1673777516 110
1673777517 116
1673777517 188
1673777517 101
1673777518 117
1673777518 117
1673777518 132
1673777518 117
1673777519 162
1673777519 153
1673777519 176
1673777520 178
1673777520 167
1673777520 151
1673777520 184
1673777521 200
1673777521 167
1673777521 192
1673777521 163
1673777521 195
1673777522 178
1673777522 149
1673777522 120
1673777522 128
1673777522 119
1673777522 137
1673777523 117
1673777523 118
1673777523 144
1673777524 110
1673777524 177
1673777524 136
1673777524 157
1673777524 127
1673777524 182
1673777525 150
1673777525 144
1673777525 117
1673777526 185
1673777526 171
1673777526 147
1673777527 151
1673777528 108
1673777528 135
1673777528 107
1673777528 193
1673777529 146
1673777529 176
1673777529 181
1673777529 184
1673777529 126
1673777529 132
1673777530 170
1673777532 131
1673777532 101
1673777532 175
1673777532 107
1673777532 195
1673777532 123
1673777533 126
1673777533 167
1673777534 200
1673777534 184
1673777534 185
1673777535 186
1673777535 182
1673777536 135
1673777536 198
1673777536 160
1673777536 162
1673777537 175
1673777538 127
1673777538 183
1673777538 186
1673777538 173
1673777538 196
1673777539 171
1673777539 113
1673777539 176
1673777540 132
1673777540 194
1673777540 174
1673777541 159
1673777542 198
1673777542 166
1673777542 126
1673777542 129
1673777542 186
1673777543 140
1673777544 151
1673777544 105
1673777544 172
1673777544 138
1673777545 197
1673777545 147
1673777545 129
1673777545 109
1673777545 109
1673777545 139
1673777546 128
1673777546 115
1673777547 171
1673777547 141
1673777547 174
1673777547 162
1673777547 149
1673777548 149
1673777548 167
1673777548 121
1673777549 127
1673777549 182
1673777549 166
1673777549 153
1673777550 176
1673777550 178
1673777550 163
1673777551 101
1673777551 105
1673777551 179
1673777551 153
1673777551 175
1673777552 166
1673777552 171
1673777552 148
1673777553 147
1673777553 166
1673777553 149
1673777554 136
1673777554 196
1673777554 189
1673777554 180
1673777554 161
1673777555 177
1673777555 180
1673777556 145
1673777556 179
1673777556 102
1673777556 158
1673777557 175
1673777558 183
1673777558 104
1673777558 149
1673777559 140
1673777559 199
1673777560 130
1673777560 189
1673777560 182
1673777561 163
1673777561 186
1673777561 135
1673777562 101
1673777562 184
1673777562 200
1673777562 149
1673777562 118
1673777562 179
1673777562 187
1673777564 141
1673777564 187
1673777564 117
1673777565 162
1673777565 198
1673777565 127
1673777566 104
1673777566 134
1673777566 177
1673777566 119
1673777567 173
1673777567 197
1673777568 143
1673777568 175
1673777569 105
1673777569 108
1673777569 164
1673777570 110
1673777570 118
1673777571 185
1673777571 167
1673777572 194
1673777572 110
1673777572 144
1673777572 174
1673777573 150
1673777573 141
1673777573 163
1673777574 130
1673777574 119
1673777575 106
1673777575 184
1673777576 159
1673777577 144
1673777577 199
1673777577 194
1673777578 158
1673777578 146
1673777578 108
1673777578 106
1673777578 117
1673777579 119
1673777579 110
1673777579 181
1673777579 190
1673777579 190
1673777579 151
1673777580 129
1673777581 159
1673777581 126
1673777581 123
1673777581 114
1673777582 149
1673777582 102
1673777583 101
1673777583 168
1673777583 153
1673777583 196
1673777583 193
1673777584 174
1673777584 145
1673777584 192
1673777584 159
1673777584 189
1673777585 181
1673777586 195
1673777586 132
1673777587 125
1673777587 167
1673777587 106
1673777587 131
1673777588 145
1673777588 102
1673777588 142
1673777588 155
1673777589 161
1673777589 173
1673777589 102
1673777590 164
1673777590 153
1673777590 181
1673777590 128
1673777590 122
1673777591 167
1673777592 191
1673777592 193
1673777593 123
1673777593 179
1673777593 140
1673777594 161
1673777594 125
1673777594 187
1673777595 188
1673777595 164
1673777596 190
1673777596 137
1673777596 182
1673777599 121
1673777599 123
1673777599 153
1673777599 155
1673777600 146
1673777600 169
1673777600 117
1673777600 103
1673777600 137
1673777602 173
1673777602 131
1673777602 200
1673777603 102
1673777603 113
1673777603 142
1673777604 148
1673777606 179
1673777606 107
1673777607 196
1673777607 123
1673777607 194
1673777607 198
1673777607 156
1673777607 173
1673777608 178
1673777608 163
1673777608 106
1673777608 165
1673777608 186
1673777609 174
1673777609 174
1673777609 148
1673777609 144
1673777609 106
1673777610 116
1673777610 154
1673777610 197
1673777610 137
1673777611 199
1673777611 185
1673777611 194
1673777611 185
1673777612 164
1673777612 124
1673777612 191
1673777612 170
1673777613 192
1673777613 178
1673777613 160
1673777613 111
1673777613 147
1673777613 123
1673777613 120
1673777614 104
1673777614 107
1673777614 140
1673777615 152
1673777617 102
1673777617 195
1673777618 169
1673777618 132
1673777618 170
1673777618 110
1673777619 101
1673777619 142
1673777619 187
1673777619 181
1673777619 169
1673777620 150
1673777620 124
1673777620 106
1673777620 183
1673777620 155
1673777621 173
1673777621 173
1673777621 192
1673777621 108
1673777622 162
1673777622 150
1673777622 111
1673777623 139
1673777623 171
1673777624 199
1673777624 115
1673777624 168
1673777625 172
1673777625 186
1673777626 119
1673777627 142
1673777627 153
1673777628 114
1673777628 103
1673777629 171
1673777629 171
1673777629 143
1673777629 171
1673777629 150
1673777630 156
1673777630 172
1673777631 144
1673777631 140
1673777631 158
1673777631 196
1673777631 131
1673777631 102
1673777632 188
1673777632 161
1673777632 118
1673777632 118
1673777633 157
1673777633 194
1673777634 175
1673777634 158
1673777635 101
1673777635 181
1673777636 103
1673777636 118
1673777638 134
1673777639 132
1673777639 131
1673777639 158
1673777640 154
1673777640 123
1673777640 104
1673777641 163
1673777641 165
1673777641 150
1673777642 148
1673777642 135
1673777643 126
1673777643 182
1673777644 163
1673777645 166
1673777645 115
1673777645 189
1673777646 111
1673777646 150
1673777646 192
1673777647 198
1673777647 161
1673777647 145
1673777649 186
1673777652 163
1673777652 162
1673777652 186
1673777654 119
1673777655 139
1673777655 101
1673777655 157
1673777657 191
1673777657 199
1673777657 123
1673777657 175
1673777657 128
1673777660 105
1673777661 121
1673777663 130
1673777663 147
1673777663 200
1673777663 141
1673777664 150
1673777665 173
1673777665 187
1673777665 122
1673777665 161
1673777665 188
1673777666 112
1673777668 174
1673777668 123
1673777668 193
1673777670 150
1673777670 113
1673777671 168
1673777671 155
1673777672 199
1673777672 112
1673777672 169
1673777672 139
1673777673 166
1673777673 111
1673777673 171
1673777674 173
1673777674 171
1673777674 166
1673777675 171
1673777675 107
1673777675 134
1673777677 176
1673777679 104
1673777681 158
1673777681 102
1673777682 167
1673777683 159
1673777683 114
1673777683 195
1673777683 156
1673777684 168
1673777684 145
1673777686 137
1673777686 109
1673777686 144
1673777687 160
1673777687 161
1673777687 151
1673777688 127
1673777688 185
1673777689 170
1673777689 109
1673777690 115
1673777690 137
1673777690 164
1673777691 124
1673777693 117
1673777693 199
1673777694 177
1673777694 153
1673777694 196
1673777694 105
1673777695 197
1673777695 168
1673777695 125
1673777695 199
1673777696 176
1673777696 164
1673777697 122
1673777697 199
1673777697 189
1673777698 129
1673777698 136
1673777698 106
1673777698 120
1673777699 153
1673777699 171
1673777699 162
1673777700 184
1673777700 139
1673777701 139
1673777701 148
1673777701 178
1673777701 135
1673777702 102
1673777702 170
1673777702 117
1673777702 143
1673777702 101
1673777703 154
1673777703 188
1673777704 154
1673777705 173
1673777707 191
1673777708 145
1673777708 169
1673777709 123
1673777716 161
1673777717 134
1673777717 157
1673777717 123
1673777717 170
1673777718 183
1673777718 184
1673777718 130
1673777719 110
1673777719 140
1673777720 153
1673777721 115
1673777721 160
1673777722 121
1673777722 144
1673777722 114
1673777722 101
1673777723 124
1673777723 148
1673777723 195
1673777723 150
1673777724 159
1673777724 195
1673777725 178
1673777725 141
1673777725 108
1673777725 129
1673777726 146
1673777726 150
1673777726 172
1673777727 101
1673777727 137
1673777728 194
1673777728 185
1673777728 198
1673777729 188
1673777729 106
1673777729 138
1673777729 167
1673777729 166
1673777729 101
1673777730 152
1673777730 127
1673777730 116
1673777730 108
1673777730 149
1673777731 119
1673777731 124
1673777731 199
1673777732 176
1673777732 194
1673777732 180
1673777732 122
1673777733 140
1673777733 119
1673777733 199
1673777733 153
1673777733 182
1673777734 113
1673777735 197
1673777735 184
1673777735 118
1673777736 128
1673777736 137
1673777738 127
1673777738 172
1673777738 145
1673777738 139
1673777739 171
1673777739 101
1673777740 150
1673777740 166
1673777740 130
1673777740 149
1673777740 166
1673777740 194
1673777741 142
1673777741 189
1673777741 137
1673777741 148
1673777742 110
1673777742 197
1673777742 182
1673777743 142
1673777743 151
1673777743 154
1673777744 101
1673777744 131
1673777744 102
1673777744 116
1673777745 196
1673777745 198
1673777745 110
1673777746 198
1673777746 146
1673777746 169
1673777747 102
1673777747 162
1673777747 112
1673777748 107
1673777748 141
1673777748 190
1673777748 150
1673777749 119
1673777751 157
1673777752 105
1673777752 130
1673777752 128
1673777752 130
1673777754 124
1673777754 181
1673777755 130
1673777755 191
1673777756 106
1673777756 179
1673777756 125
1673777757 142
1673777757 138
1673777758 125
1673777758 164
1673777758 180
1673777758 190
1673777759 163
1673777759 120
1673777759 136
1673777759 181
1673777761 115
1673777761 193
1673777762 172
1673777763 160
1673777763 183
1673777763 186
1673777763 125
1673777765 132
1673777765 118
1673777774 127
1673777775 157
1673777775 155
1673777775 106
1673777776 155
1673777777 125
1673777778 200
1673777778 150
1673777781 182
1673777781 113
1673777782 151
1673777782 147
1673777782 166
1673777783 114
1673777784 165
1673777785 116
1673777787 135
1673777787 181
1673777788 180
1673777788 108
1673777791 148
1673777791 114
1673777805 101
1673777806 125
1673777807 112
1673777808 168
1673777808 190
1673777808 167
1673777810 159
1673777810 149
1673777810 166
1673777811 144
1673777811 166
1673777812 185
1673777814 177
1673777814 180
1673777815 139
1673777816 140
1673777817 152
1673777819 132
1673777819 156
1673777819 151
1673777820 153
1673777820 178
1673777820 118
1673777822 116
1673777833 150
1673777836 149
1673777837 121
1673777839 181
1673777844 108
1673777844 160
1673777844 139
1673777844 118
1673777844 189
1673777846 121
1673777846 151
1673777849 151
1673777849 106
1673777849 132
1673777851 152
1673777855 193
1673777856 149
1673777857 114
1673777857 135
1673777860 126
1673777861 147
1673777866 157
1673777868 101
1673777868 112
1673777873 127
1673777873 191
1673777873 154
1673777876 134
1673777876 162
1673777881 183
1673777883 123
1673777902 154
1673777902 144
1673777903 132
1673777904 149
1673777905 191
1673777906 154
1673777908 101
1673777908 195
1673777909 165
1673777909 196
1673777909 156
1673777910 162
1673777911 146
1673777912 102
1673777915 140
1673777916 143
1673777916 184
1673777916 187
1673777917 155
1673777917 113
1673777917 106
1673777921 128
1673777923 118
1673777925 189
1673777925 153
1673777928 110
1673777928 181
1673777928 132
1673777928 126
1673777930 122
1673777930 130
1673777933 120
1673777933 192
1673777933 141
1673777934 186
1673777934 168
1673777935 127
1673777936 182
1673777936 124
1673777936 188
1673777937 136
1673777937 169
1673777939 149
1673777939 134
1673777940 101
1673777940 132
1673777940 109
1673777941 196
1673777941 102
1673777943 137
1673777943 140
1673777947 147
1673777947 167
1673777948 166
1673777948 102
1673777948 180
1673777948 195
1673777954 103
1673777954 103
1673777957 110
1673777958 158
1673777958 177
1673777960 111
1673777960 123
1673777961 191
1673777961 177
1673777963 173
1673777963 109
1673777964 172
1673777965 132
1673777967 132
1673777968 193
1673777970 115
1673777970 177
1673777971 131
1673777971 188
1673777971 195
1673777971 139
1673777972 107
1673777972 150
1673777972 180
1673777973 172
1673777973 184
1673777978 127
1673777980 174
1673777982 105
1673777985 136
1673777985 115
1673777985 117
1673777985 136
1673777987 160
1673777987 157
1673777987 111
1673777991 160
1673777996 142
1673777996 174
1673777998 111
1673777999 197
1673778002 173
1673778004 107
1673778004 162
1673778005 179
1673778005 150
1673778005 127
1673778009 107
1673778010 157
1673778010 200
1673778010 166
1673778012 141
1673778012 175
1673778012 200
1673778012 124
1673778013 123
1673778013 136
1673778013 164
1673778016 177
1673778017 190
1673778017 155
1673778017 188
1673778018 166
1673778018 157
1673778018 141
1673778019 198
1673778019 131
1673778023 150
1673778027 200
1673778027 190
1673778027 167
1673778027 165
1673778028 103
1673778030 182
1673778032 104
1673778034 121
1673778034 199
1673778037 162
1673778037 109
1673778038 177
1673778038 138
1673778049 153
1673778050 127
1673778055 140
1673778056 116
1673778057 136
1673778063 164
1673778064 117
1673778065 132
1673778065 125
1673778065 128
1673778066 110
1673778067 132
1673778071 157
1673778072 137
1673778073 152
1673778078 192
1673778080 105
1673778083 140
1673778083 125
1673778084 142
1673778084 113
1673778086 111
1673778086 118
1673778094 138
1673778094 163
1673778095 163
1673778101 104
1673778102 141
1673778107 116
1673778108 104
1673778109 111
1673778109 156
1673778119 118
1673778120 107
1673778120 128
1673778120 171
1673778122 171
1673778123 142
1673778127 165
1673778129 128
1673778129 152
1673778129 191
1673778130 180
1673778133 185
1673778133 190
1673778133 161
1673778138 147
1673778138 137
1673778140 193
1673778140 128
1673778140 121
1673778143 132
1673778144 113
1673778147 111
1673778147 119
1673778156 165
1673778157 170
1673778159 176
1673778159 127
1673778160 190
1673778161 193
1673778161 108
1673778162 133
1673778162 133
1673778162 177
1673778162 135
1673778162 197
1673778164 158
1673778164 134
1673778165 142
1673778165 111
1673778165 101
1673778168 128
1673778169 114
1673778170 170
1673778176 115
1673778176 190
1673778176 188
1673778177 136
1673778179 173
1673778179 177
1673778180 106
1673778182 105
1673778182 119
1673778182 147
1673778187 168
1673778189 139
1673778190 180
1673778190 111
1673778192 142
1673778192 198
1673778195 115
1673778197 117
1673778197 146
1673778197 150
1673778197 122
1673778199 103
1673778199 114
1673778200 117
1673778201 110
1673778203 147
1673778204 170
1673778205 128
1673778205 158
1673778207 101
1673778207 113
1673778207 111
1673778207 140
1673778208 150
1673778208 156
1673778208 135
1673778209 134
1673778210 145
1673778212 134
1673778212 104
1673778212 132
1673778214 109
1673778215 197
1673778215 120
1673778216 103
1673778216 102
1673778216 138
1673778217 123
1673778217 149
1673778218 183
1673778218 102
1673778218 171
1673778219 105
1673778221 190
1673778221 199
1673778222 171
1673778223 171
1673778223 103
1673778223 164
1673778224 154
1673778225 135
1673778226 195
1673778226 179
1673778227 197
1673778227 190
1673778227 162
1673778227 176
1673778228 118
1673778228 194
1673778228 166
1673778229 168
1673778229 121
1673778230 189
1673778231 170
1673778233 130
1673778233 174
1673778233 131
1673778233 200
1673778235 163
1673778235 157
1673778235 144
1673778236 114
1673778236 154
1673778236 143
1673778236 123
1673778236 190
1673778237 127
1673778237 133
1673778238 141
1673778238 200
1673778238 176
1673778238 159
1673778238 125
1673778239 161
1673778239 150
1673778239 162
1673778240 174
1673778240 179
1673778242 153
1673778242 190
1673778242 131
1673778243 128
1673778244 105
1673778244 155
1673778245 159
1673778246 142
1673778246 110
1673778247 185
1673778247 139
1673778247 153
1673778249 131
1673778249 137
1673778249 137
1673778249 166
1673778249 159
1673778250 124
1673778250 190
1673778250 121
1673778251 139
1673778251 116
1673778251 157
1673778251 164
1673778252 140
1673778252 195
1673778252 136
1673778253 194
1673778253 188
1673778253 154
1673778253 166
1673778253 144
1673778253 174
1673778253 121
1673778254 111
1673778255 135
1673778257 185
1673778257 132
1673778257 121
1673778258 156
1673778259 168
1673778259 111
1673778259 199
1673778259 133
1673778260 137
1673778260 184
1673778261 194
1673778261 156
1673778261 110
1673778261 186
1673778261 200
1673778262 151
1673778262 157
1673778262 186
1673778262 199
1673778262 129
1673778263 125
1673778263 127
1673778263 121
1673778263 122
1673778264 195
1673778264 124
1673778264 122
1673778264 172
1673778264 179
1673778265 167
1673778265 180
1673778265 134
1673778266 104
1673778267 124
1673778267 195
1673778267 115
1673778267 111
1673778268 112
1673778268 167
1673778269 167
1673778269 189
1673778269 190
1673778269 170
1673778269 128
1673778270 160
1673778270 173
1673778270 149
1673778271 154
1673778271 116
1673778271 132
1673778273 199
1673778273 190
1673778273 110
1673778273 121
1673778275 194
1673778275 120
1673778276 182
1673778276 109
1673778277 183
1673778277 174
1673778277 129
1673778277 141
1673778278 113
1673778279 131
1673778279 179
1673778279 116
1673778279 107
1673778279 198
1673778279 149
1673778280 141
1673778280 190
1673778280 181
1673778280 148
1673778280 109
1673778280 191
1673778281 121
1673778281 186
1673778282 126
1673778282 143
1673778282 145
1673778283 148
1673778283 108
1673778283 146
1673778283 137
1673778284 116
1673778284 191
1673778285 142
1673778286 180
1673778286 166
1673778286 131
1673778286 176
1673778286 114
1673778287 178
1673778287 186
1673778287 158
1673778287 135
1673778287 194
1673778288 171
1673778288 195
1673778288 169
1673778288 172
1673778289 103
1673778289 130
1673778289 186
1673778290 200
1673778290 174
1673778290 188
1673778290 161
1673778290 132
1673778291 157
1673778291 134
1673778291 134
1673778292 115
1673778292 114
1673778292 152
1673778292 146
1673778292 174
1673778292 108
1673778293 116
1673778294 187
1673778295 175
1673778295 118
1673778296 104
1673778296 196
1673778297 156
1673778297 137
1673778297 146
1673778297 185
1673778297 188
1673778298 135
1673778298 104
1673778298 154
1673778299 182
1673778299 173
1673778300 183
1673778300 107
1673778300 123
1673778301 160
1673778301 197
1673778302 184
1673778303 111
1673778303 122
1673778303 171
1673778304 110
1673778304 153
1673778304 138
1673778305 138
1673778306 161
1673778306 183
1673778307 171
1673778307 141
1673778308 122
1673778308 133
1673778308 128
1673778309 170
1673778309 107
1673778309 150
1673778309 135
1673778309 150
1673778310 123
1673778310 192
1673778311 106
1673778311 122
1673778311 154
1673778311 164
1673778312 160
1673778312 128
1673778313 174
1673778313 114
1673778313 156
1673778314 153
1673778314 166
1673778314 192
1673778314 123
1673778315 132
1673778315 117
1673778315 152
1673778316 124
1673778316 180
1673778316 113
1673778316 158
1673778316 169
1673778317 171
1673778317 154
1673778318 196
1673778318 195
1673778318 119
1673778319 171
1673778320 170
1673778320 138
1673778321 173
1673778321 148
1673778321 115
1673778321 150
1673778322 112
1673778322 107
1673778322 117
1673778322 170
1673778322 189
1673778323 108
1673778323 156
1673778324 117
1673778324 189
1673778324 200
1673778325 165
1673778325 193
1673778325 181
1673778325 184
1673778325 196
1673778326 152
1673778326 199
1673778326 142
1673778326 156
1673778327 109
1673778328 199
1673778328 200
1673778328 187
1673778329 120
1673778329 145
1673778329 183
1673778329 121
1673778329 193
1673778329 153
1673778330 168
1673778330 145
1673778330 158
1673778330 118
1673778332 198
1673778332 164
1673778332 184
1673778332 165
1673778333 120
1673778333 131
1673778333 121
1673778333 106
1673778333 134
1673778333 112
1673778334 101
1673778334 177
1673778335 120
1673778335 127
1673778336 182
1673778336 145
1673778336 135
1673778336 102
1673778337 160
1673778337 103
1673778337 141
1673778337 163
1673778337 102
1673778337 199
1673778338 169
1673778338 198
1673778339 191
1673778339 160
1673778342 196
1673778342 137
1673778343 145
1673778343 113
1673778343 121
1673778343 163
1673778344 181
1673778344 190
1673778345 165
1673778346 184
1673778346 189
1673778346 174
1673778346 141
1673778346 101
1673778347 161
1673778347 163
1673778347 107
1673778348 177
1673778348 102
1673778348 135
1673778349 142
1673778349 123
1673778349 178
1673778350 186
1673778350 101
1673778350 110
1673778351 186
1673778351 175
1673778352 137
1673778352 110
1673778352 117
1673778352 179
1673778352 106
1673778352 155
1673778353 116
1673778353 106
1673778353 166
1673778353 130
1673778353 197
1673778353 186
1673778355 176
1673778355 200
1673778355 130
1673778356 162
1673778356 196
1673778356 142
1673778357 145
1673778358 114
1673778358 114
1673778359 173
1673778359 114
1673778359 123
1673778360 161
1673778361 146
1673778361 179
1673778362 126
1673778362 111
1673778362 145
1673778363 149
1673778363 177
1673778364 184
1673778364 184
1673778365 133
1673778365 125
1673778365 116
1673778366 176
1673778366 111
1673778367 120
1673778367 153
1673778367 103
1673778368 194
1673778368 180
1673778368 159
1673778368 186
1673778368 124
1673778368 163
1673778369 157
1673778369 105
1673778369 133
1673778369 183
1673778370 162
1673778370 103
1673778371 173
1673778371 151
1673778372 183
1673778372 128
1673778372 194
1673778372 163
1673778373 174
1673778373 200
1673778373 174
1673778373 156
1673778375 176
1673778375 163
1673778375 125
1673778375 157
1673778377 119
1673778377 167
1673778378 133
1673778379 128
1673778379 193
1673778379 104
1673778379 198
1673778379 197
1673778380 196
1673778381 101
1673778381 163
1673778381 111
1673778382 133
1673778383 166
1673778383 105
1673778383 173
1673778383 131
1673778383 176
1673778383 122
1673778384 125
1673778384 137
1673778384 124
1673778384 183
1673778385 196
1673778385 163
1673778385 142
1673778385 104
1673778386 186
1673778386 170
1673778387 199
1673778387 191
1673778387 108
1673778387 131
1673778388 176
1673778388 146
1673778388 111
1673778388 126
1673778390 112
1673778390 196
1673778391 139
1673778391 165
1673778391 147
1673778391 180
1673778391 189
1673778391 118
1673778392 184
1673778392 200
1673778392 175
1673778392 163
1673778393 126
1673778393 192
1673778393 129
1673778393 185
1673778393 109
1673778393 199
1673778393 189
1673778394 162
1673778394 150
1673778394 102
1673778395 106
1673778395 186
1673778395 186
1673778395 158
1673778396 154
1673778396 121
1673778397 172
1673778397 108
1673778397 147
1673778398 122
1673778398 124
1673778399 178
1673778400 114
1673778400 174
1673778400 186
1673778400 180
1673778400 195
1673778401 106
1673778401 198
1673778401 138
1673778402 200
1673778403 119
1673778403 166
1673778403 198
1673778404 186
1673778404 155
1673778404 129
1673778405 131
1673778405 134
1673778406 194
1673778406 157
1673778407 195
1673778407 124
1673778407 159
1673778407 165
1673778407 120
1673778408 121
1673778408 191
1673778408 140
1673778409 115
1673778409 169
1673778410 180
1673778411 118
1673778411 156
1673778411 142
1673778412 104
1673778412 175
1673778412 137
1673778412 199
1673778413 168
1673778414 138
1673778414 115
1673778415 176
1673778415 101
1673778416 194
1673778416 119
1673778416 104
1673778416 188
1673778416 196
1673778417 154
1673778418 145
1673778419 121
1673778419 167
1673778419 195
1673778420 123
1673778421 180
1673778421 141
1673778421 114
1673778421 181
1673778422 114
1673778422 183
1673778423 140
1673778424 123
1673778424 197
1673778424 148
1673778425 197
1673778425 171
1673778425 196
1673778426 151
1673778426 109
1673778426 132
1673778426 154
1673778427 133
1673778427 196
1673778427 184
1673778427 152
1673778427 177
1673778428 190
1673778428 195
1673778428 181
1673778428 144
1673778428 121
1673778430 112
1673778430 172
1673778430 190
1673778430 148
1673778430 157
1673778430 200
1673778430 178
1673778431 177
1673778432 150
1673778432 148
1673778432 106
1673778432 119
1673778432 112
1673778432 177
1673778432 128
1673778433 134
1673778433 120
1673778433 144
1673778433 154
1673778433 155
1673778433 163
1673778434 133
1673778434 187
1673778434 181
1673778434 193
1673778435 157
1673778435 147
1673778435 107
1673778435 111
1673778435 164
1673778435 166
1673778436 196
1673778437 110
1673778437 160
1673778438 172
1673778438 170
1673778438 144
1673778438 162
1673778439 160
1673778439 133
1673778439 121
1673778439 120
1673778440 181
1673778440 117
1673778440 169
1673778440 172
1673778441 139
1673778441 116
1673778441 107
1673778442 168
1673778442 173
1673778442 193
1673778443 199
1673778443 109
1673778443 151
1673778444 119
1673778444 199
1673778444 197
1673778444 104
1673778444 125
1673778445 115
1673778445 118
1673778445 199
1673778445 193
1673778445 195
1673778446 111
1673778447 156
1673778447 101
1673778448 101
1673778449 165
1673778450 163
1673778450 147
1673778450 159
1673778451 134
1673778451 182
1673778451 165
1673778451 187
1673778451 175
1673778452 180
1673778452 159
1673778452 156
1673778453 145
1673778453 176
1673778454 198
1673778454 116
1673778455 196
1673778456 188
1673778456 193
1673778457 117
1673778457 149
1673778457 160
1673778457 103
1673778457 125
1673778458 166
1673778459 184
1673778459 192
1673778459 145
1673778459 189
1673778460 182
1673778460 110
1673778460 106
1673778460 127
1673778460 150
1673778461 200
1673778461 143
1673778461 104
1673778461 174
1673778461 103
1673778461 125
1673778462 117
1673778462 131
1673778462 158
1673778462 107
1673778462 166
1673778462 187
1673778463 197
1673778464 116
1673778465 184
1673778465 184
1673778465 141
1673778465 105
1673778467 173
1673778467 191
1673778467 143
1673778467 147
1673778468 168
1673778469 104
1673778469 194
1673778469 169
1673778469 199
1673778470 172
1673778470 178
1673778471 118
1673778471 181
1673778471 170
1673778471 139
1673778471 192
1673778471 191
1673778471 195
1673778472 199
1673778472 185
1673778473 176
1673778473 123
1673778474 112
1673778474 178
1673778474 106
1673778474 133
1673778474 157
1673778474 195
1673778475 143
1673778476 103
1673778476 151
1673778476 130
1673778477 199
1673778477 116
1673778478 133
1673778479 160
1673778479 173
1673778480 190
1673778480 199
1673778480 149
1673778481 140
1673778481 166
1673778482 104
1673778482 104
1673778482 191
1673778482 141
1673778483 193
1673778483 145
1673778483 121
1673778484 132
1673778484 188
1673778484 133
1673778484 182
1673778486 183
1673778486 132
1673778486 119
1673778487 184
1673778488 157
1673778488 138
1673778488 115
1673778489 143
1673778489 184
1673778489 143
1673778490 126
1673778490 118
1673778490 184
1673778490 186
1673778491 112
1673778492 135
1673778492 141
1673778494 182
1673778495 165
1673778496 139
1673778497 120
1673778497 140
1673778498 189
1673778498 190
1673778498 152
1673778498 163
1673778499 174
1673778499 175
1673778500 149
1673778500 123
1673778501 200
1673778501 146
1673778502 138
1673778502 104
1673778502 149
1673778503 195
1673778503 143
1673778503 157
1673778504 158
1673778504 166
1673778504 111
1673778505 165
1673778505 154
1673778506 184
1673778506 180
1673778507 170
1673778508 139
1673778508 106
1673778508 136
1673778509 121
1673778510 174
1673778510 122
1673778510 111
1673778511 199
1673778512 179
1673778513 143
1673778513 176
1673778513 189
1673778514 135
1673778514 165
1673778514 135
1673778514 199
1673778516 134
1673778516 150
1673778517 134
1673778517 116
1673778518 112
1673778518 134
1673778518 160
1673778518 130
1673778518 141
1673778519 114
1673778520 111
1673778520 115
1673778520 182
1673778520 163
1673778521 101
1673778521 166
1673778521 121
1673778521 144
1673778522 194
1673778523 192
1673778523 187
1673778524 166
1673778524 178
1673778525 172
1673778525 170
1673778526 104
1673778526 192
1673778526 177
1673778526 132
1673778526 173
1673778527 182
1673778527 116
1673778527 177
1673778527 176
1673778527 152
1673778528 184
1673778528 153
1673778528 102
1673778528 177
1673778529 195
1673778529 121
1673778529 156
1673778529 186
1673778529 159
1673778529 176
1673778530 120
1673778530 192
1673778530 168
1673778531 109
1673778531 117
1673778531 133
1673778531 137
1673778532 169
1673778532 128
1673778532 104
1673778533 119
1673778533 192
1673778533 153
1673778533 128
1673778533 113
1673778534 101
1673778534 103
1673778534 140
1673778534 140
1673778534 188
1673778535 110
1673778535 116
1673778535 185
1673778536 136
1673778536 150
1673778536 109
1673778536 161
1673778537 148
1673778537 111
1673778538 166
1673778538 157
1673778538 142
1673778539 194
1673778539 101
1673778539 189
1673778539 104
1673778540 188
1673778541 157
1673778541 137
1673778541 176
1673778541 116
1673778541 105
1673778542 107
1673778542 149
1673778543 105
1673778543 200
1673778543 126
1673778544 154
1673778545 120
1673778546 160
1673778546 140
1673778546 109
1673778546 170
1673778547 199
1673778547 175
1673778547 160
1673778548 101
1673778548 106
1673778548 103
1673778548 163
1673778549 170
1673778550 143
1673778550 135
1673778550 139
1673778551 103
1673778551 125
1673778551 195
1673778552 147
1673778553 157
1673778553 173
1673778553 143
1673778554 176
1673778554 175
1673778555 181
1673778555 122
1673778555 165
1673778555 164
1673778556 169
1673778557 167
1673778558 197
1673778558 150
1673778558 109
1673778558 164
1673778559 147
1673778559 148
1673778560 136
1673778560 112
1673778561 156
1673778561 105
1673778561 177
1673778562 181
1673778562 151
1673778563 158
1673778565 135
1673778567 199
1673778567 174
1673778567 104
1673778568 165
1673778568 122
1673778569 150
1673778569 172
1673778569 134
1673778569 102
1673778569 112
1673778570 158
1673778570 113
1673778570 140
1673778571 191
1673778571 101
1673778571 108
1673778572 137
1673778572 196
1673778572 102
1673778573 196
1673778574 185
1673778574 145
1673778575 160
1673778575 124
1673778576 137
1673778576 180
1673778576 105
1673778576 167
1673778577 124
1673778578 190
1673778578 168
1673778579 108
1673778579 161
1673778580 180
1673778580 142
1673778580 159
1673778581 123
1673778582 125
1673778582 125
1673778582 141
1673778587 154
1673778587 129
1673778587 106
1673778587 154
1673778588 143
1673778588 168
1673778589 170
1673778589 107
1673778589 148
1673778590 195
1673778590 162
1673778592 174
1673778592 141
1673778593 129
1673778593 141
1673778593 189
1673778593 180
1673778594 108
1673778594 161
1673778595 163
1673778595 109
1673778595 150
1673778595 184
1673778595 144
1673778595 121
1673778595 139
1673778595 109
1673778596 152
1673778596 112
1673778596 137
1673778596 106
1673778596 127
1673778597 140
1673778597 120
1673778598 154
1673778598 116
1673778598 147
1673778598 169
1673778599 153
1673778599 131
1673778600 177
1673778600 195
1673778601 144
1673778601 189
1673778602 159
1673778603 136
1673778603 140
1673778604 177
1673778604 144
1673778604 159
1673778604 126
1673778604 109
1673778604 198
1673778604 116
1673778606 155
1673778606 177
1673778607 192
1673778607 178
1673778607 195
1673778607 163
1673778607 177
1673778607 116
1673778608 104
1673778608 107
1673778608 190
1673778609 192
1673778609 127
1673778609 125
1673778609 164
1673778609 137
1673778609 149
1673778609 183
1673778609 119
1673778610 189
1673778610 138
1673778612 141
1673778612 162
1673778613 148
1673778613 120
1673778614 158
1673778614 196
1673778614 117
1673778615 117
1673778615 156
1673778616 198
1673778616 136
1673778616 198
1673778617 116
1673778618 167
1673778618 118
1673778619 180
1673778619 114
1673778619 101
1673778619 124
1673778620 103
1673778620 193
1673778621 141
1673778621 176
1673778621 135
1673778622 185
1673778622 184
1673778623 166
1673778623 169
1673778623 145
1673778624 148
1673778624 116
1673778624 174
1673778625 110
1673778625 200
1673778625 125
1673778625 174
1673778625 197
1673778625 113
1673778625 165
1673778625 184
1673778625 185
1673778626 187
1673778626 198
1673778626 172
1673778626 139
1673778626 144
1673778627 119
1673778627 107
1673778627 140
1673778628 180
1673778629 157
1673778629 179
1673778629 157
1673778630 123
1673778630 155
1673778630 123
1673778630 111
1673778631 147
1673778631 124
1673778631 107
1673778631 121
1673778631 178
1673778632 110
1673778632 154
1673778632 136
1673778632 197
1673778633 161
1673778633 146
1673778633 135
1673778633 139
1673778634 147
1673778634 112
1673778634 184
1673778634 196
1673778635 163
1673778635 174
1673778635 142
1673778635 102
1673778635 184
1673778635 160
1673778635 103
1673778636 163
1673778636 139
1673778636 111
1673778637 133
1673778637 170
1673778637 143
1673778637 116
1673778638 141
1673778638 113
1673778638 123
1673778638 118
1673778638 177
1673778639 195
1673778639 177
1673778639 121
1673778639 107
1673778640 173
1673778640 105
1673778641 170
1673778641 118
1673778641 108
1673778641 119
1673778642 129
1673778642 181
1673778642 115
1673778642 192
1673778643 157
1673778644 127
1673778645 138
1673778646 169
1673778646 178
1673778646 128
1673778647 182
1673778647 120
1673778647 193
1673778648 120
1673778648 119
1673778648 183
1673778648 181
1673778649 154
1673778649 106
1673778650 110
1673778650 151
1673778650 165
1673778650 117
1673778650 185
1673778651 157
1673778651 148
1673778653 196
1673778653 195
1673778654 128
1673778654 114
1673778654 193
1673778655 147
1673778655 139
1673778655 180
1673778656 171
1673778656 194
1673778656 106
1673778656 196
1673778656 199
1673778657 113
1673778657 145
1673778657 194
1673778657 182
1673778657 174
1673778659 122
1673778659 184
1673778659 110
1673778660 160
1673778660 102
1673778661 102
1673778661 195
1673778661 115
1673778661 102
1673778661 109
1673778662 182
1673778663 169
1673778663 164
1673778663 189
1673778663 158
1673778664 107
1673778664 193
1673778664 122
1673778665 188
1673778665 142
1673778665 107
1673778666 176
1673778666 150
1673778666 105
1673778666 123
1673778667 130
1673778667 104
1673778668 160
1673778668 146
1673778668 126
1673778668 173
1673778668 131
1673778668 123
1673778670 180
1673778670 199
1673778672 118
1673778673 110
1673778673 117
1673778673 129
1673778674 145
1673778674 136
1673778674 167
1673778675 194
1673778675 193
1673778676 133
1673778676 129
1673778676 182
1673778677 169
1673778677 121
1673778677 187
1673778677 189
1673778677 187
1673778677 171
1673778678 195
1673778678 144
1673778678 154
1673778679 188
1673778679 138
1673778680 170
1673778680 121
1673778680 163
1673778680 162
1673778681 107
1673778681 123
1673778681 135
1673778681 161
1673778682 196
1673778683 154
1673778683 131
1673778685 155
1673778685 126
1673778685 178
1673778685 198
1673778686 142
1673778686 151
1673778689 147
1673778689 163
1673778690 149
1673778690 189
1673778690 126
1673778690 140
1673778691 184
1673778691 178
1673778691 165
1673778691 137
1673778691 183
1673778692 101
1673778692 195
1673778692 169
1673778693 126
1673778694 117
1673778694 200
1673778695 138
1673778695 144
1673778695 157
1673778695 158
1673778696 188
1673778696 168
1673778696 156
1673778696 174
1673778696 107
1673778697 164
1673778697 137
1673778698 182
1673778698 198
1673778698 174
1673778700 147
1673778700 117
1673778701 170
1673778701 185
1673778701 124
1673778701 147
1673778701 106
1673778701 105
1673778701 102
1673778702 106
1673778702 113
1673778702 121
1673778702 198
1673778702 165
1673778702 130
1673778703 158
1673778703 132
1673778703 138
1673778703 104
1673778703 178
1673778703 185
1673778704 107
1673778704 189
1673778704 171
1673778705 163
1673778705 175
1673778706 195
1673778706 177
1673778707 147
1673778707 120
1673778707 145
1673778707 143
1673778708 103
1673778708 111
1673778708 139
1673778709 126
1673778709 107
1673778709 181
1673778710 159
1673778710 171
1673778711 116
1673778712 170
1673778713 176
1673778713 127
1673778713 182
1673778714 199
1673778714 157
1673778714 156
1673778715 104
1673778715 167
1673778715 194
1673778715 187
1673778716 176
1673778716 187
1673778716 104
1673778717 108
1673778717 164
1673778718 196
1673778718 139
1673778719 139
1673778719 168
1673778719 158
1673778720 121
1673778720 155
1673778720 197
1673778720 151
1673778720 180
1673778721 134
1673778721 132
1673778721 169
1673778721 142
1673778722 184
1673778722 155
1673778722 176
1673778722 119
1673778723 114
1673778724 137
1673778725 177
1673778726 116
1673778726 148
1673778726 122
1673778726 197
1673778726 146
1673778726 147
1673778726 145
1673778726 181
1673778727 192
1673778727 137
1673778728 194
1673778728 169
1673778728 135
1673778728 111
1673778728 177
1673778729 183
1673778729 187
1673778729 185
1673778729 160
1673778730 176
1673778730 200
1673778730 106
1673778730 159
1673778730 107
1673778731 191
1673778731 183
1673778731 193
1673778731 156
1673778732 138
1673778733 102
1673778734 153
1673778734 190
1673778734 117
1673778735 151
1673778735 144
1673778735 123
1673778735 128
1673778735 125
1673778735 166
1673778735 117
1673778737 169
1673778738 121
1673778739 131
1673778739 172
1673778739 175
1673778740 123
1673778740 147
1673778743 123
1673778743 179
1673778743 156
1673778744 193
1673778744 127
1673778744 142
1673778745 136
1673778745 156
1673778745 102
1673778745 122
1673778746 172
1673778746 138
1673778746 151
1673778746 103
1673778746 185
1673778746 110
1673778747 196
1673778747 151
1673778747 153
1673778748 133
1673778748 157
1673778749 114
1673778750 101
1673778750 150
1673778751 118
1673778751 121
1673778751 180
1673778752 132
1673778752 139
1673778753 109
1673778754 125
1673778754 149
1673778754 163
1673778754 187
1673778754 140
1673778755 153
1673778756 179
1673778756 107
1673778756 137
1673778757 170
1673778757 138
1673778757 130
1673778758 185
1673778759 112
1673778760 158
1673778761 167
1673778762 157
1673778762 102
1673778762 136
1673778762 158
1673778762 194
1673778763 120
1673778763 114
1673778763 128
1673778763 120
1673778764 189
1673778764 149
1673778764 148
1673778764 196
1673778765 104
1673778765 130
1673778765 130
1673778765 110
1673778765 104
1673778766 112
1673778766 167
1673778767 174
1673778767 125
1673778767 182
1673778767 165
1673778768 180
1673778768 152
1673778768 128
1673778769 174
1673778769 101
1673778769 112
1673778770 174
1673778770 113
1673778770 159
1673778771 193
1673778771 166
1673778771 128
1673778772 157
1673778772 133
1673778772 148
1673778772 144
1673778772 122
1673778772 194
1673778772 141
1673778772 155
1673778773 142
1673778773 124
1673778773 184
1673778774 173
1673778774 105
1673778774 185
1673778774 161
1673778774 187
1673778774 105
1673778775 117
1673778776 184
1673778777 179
1673778777 199
1673778777 119
1673778777 154
1673778777 119
1673778778 161
1673778778 189
1673778778 145
1673778778 137
1673778779 140
1673778779 157
1673778780 139
1673778780 141
1673778780 191
1673778780 131
1673778780 146
1673778780 128
1673778781 126
1673778781 157
1673778781 117
1673778781 121
1673778781 182
1673778781 134
1673778782 147
1673778782 125
1673778782 192
1673778782 166
1673778782 163
1673778782 125
1673778783 126
1673778783 161
1673778783 187
1673778784 126
1673778785 140
1673778785 112
1673778786 131
1673778787 118
1673778788 170
1673778788 194
1673778789 107
1673778790 173
1673778790 173
1673778790 116
1673778791 195
1673778791 124
1673778791 173
1673778791 116
1673778792 104
1673778792 154
1673778792 142
1673778793 116
1673778793 163
1673778793 188
1673778793 122
1673778793 158
1673778794 183
1673778794 176
1673778794 198
1673778794 109
1673778794 104
1673778794 191
1673778794 159
1673778795 165
1673778795 146
1673778796 143
1673778796 150
1673778796 115
1673778797 190
1673778798 182
1673778798 182
1673778798 187
1673778798 115
1673778800 164
1673778800 149
1673778800 153
1673778802 171
1673778802 194
1673778802 199
1673778803 131
1673778804 195
1673778805 110
1673778805 137
1673778805 143
1673778806 107
1673778806 143
1673778807 144
1673778807 149
1673778807 154
1673778807 152
1673778808 125
1673778808 143
1673778809 166
1673778809 138
1673778809 150
1673778810 174
1673778810 172
1673778810 149
1673778811 116
1673778811 150
1673778811 139
1673778811 199
1673778812 122
1673778813 148
1673778813 108
1673778814 155
1673778815 122
1673778815 168
1673778815 174
1673778815 130
1673778816 199
1673778817 110
1673778817 164
1673778817 157
1673778817 132
1673778818 128
1673778818 171
1673778819 121
1673778819 156
1673778819 164
1673778819 179
1673778820 105
1673778820 166
1673778820 156
1673778820 184
1673778821 195
1673778821 168
1673778821 162
1673778821 182
1673778821 162
1673778821 110
1673778822 131
1673778822 199
1673778823 174
1673778823 129
1673778823 142
1673778823 133
1673778823 149
1673778824 111
1673778824 185
1673778824 128
1673778824 156
1673778825 148
1673778826 136
1673778826 111
1673778827 122
1673778828 137
1673778828 190
1673778828 134
1673778828 176
1673778828 125
1673778829 155
1673778829 161
1673778829 157
1673778831 168
1673778831 139
1673778831 179
1673778831 125
1673778832 125
1673778832 152
1673778833 189
1673778833 125
1673778833 134
1673778833 121
1673778834 188
1673778834 173
1673778834 116
1673778834 181
1673778834 150
1673778835 195
1673778835 124
1673778835 180
1673778835 115
1673778836 182
1673778836 135
1673778838 150
1673778838 138
1673778838 107
1673778838 182
1673778839 118
1673778839 166
1673778839 181
1673778839 150
1673778839 107
1673778840 170
1673778840 197
1673778840 138
1673778840 126
1673778841 180
1673778841 193
1673778841 102
1673778842 144
1673778842 143
1673778842 159
1673778842 160
1673778843 172
1673778845 152
1673778845 173
1673778845 129
1673778845 179
1673778846 103
1673778846 153
1673778846 161
1673778847 110
1673778847 148
1673778847 169
1673778848 140
1673778849 157
1673778850 166
1673778850 132
1673778850 168
1673778851 176
1673778852 135
1673778852 123
1673778852 141
1673778854 193
1673778854 124
1673778854 138
1673778854 196
1673778854 184
1673778855 141
1673778855 180
1673778855 122
1673778855 150
1673778856 155
1673778856 191
1673778856 102
1673778856 145
1673778857 187
1673778857 180
1673778857 117
1673778857 118
1673778857 185
1673778858 102
1673778859 103
1673778859 126
1673778859 124
1673778859 195
1673778860 192
1673778860 135
1673778860 160
1673778860 184
1673778861 152
1673778861 140
1673778861 152
1673778861 160
1673778863 195
1673778863 163
1673778866 172
1673778866 108
1673778867 148
1673778867 109
1673778868 183
1673778869 130
1673778870 106
1673778870 109
1673778870 138
1673778870 139
1673778870 182
1673778870 122
1673778871 174
1673778871 113
1673778871 152
1673778872 165
1673778872 116
1673778872 193
1673778872 155
1673778872 156
1673778872 177
1673778873 173
1673778873 129
1673778874 106
1673778874 152
1673778875 160
1673778875 129
1673778876 149
1673778876 119
1673778876 176
1673778876 122
1673778876 191
1673778876 140
1673778876 109
1673778877 132
1673778877 195
1673778877 184
1673778878 106
1673778878 103
1673778878 179
1673778880 181
1673778880 148
1673778881 118
1673778881 157
1673778881 125
1673778881 125
1673778881 125
1673778882 168
1673778882 173
1673778882 192
1673778883 180
1673778883 105
1673778884 115
1673778885 175
1673778885 198
1673778885 122
1673778885 163
1673778886 132
1673778887 166
1673778888 111
1673778888 192
1673778888 150
1673778889 114
1673778889 190
1673778890 166
1673778890 163
1673778891 198
1673778892 154
1673778893 136
1673778893 105
1673778894 171
1673778894 138
1673778895 116
1673778895 154
1673778895 176
1673778895 126
1673778895 133
1673778896 162
1673778897 133
1673778897 168
1673778897 186
1673778897 102
1673778897 194
1673778897 125
1673778898 185
1673778898 138
1673778899 141
1673778900 154
1673778901 149
1673778901 105
1673778902 166
1673778902 104
1673778902 143
1673778902 139
1673778903 161
1673778903 134
1673778903 197
1673778903 178
1673778904 184
1673778904 174
1673778904 114
1673778904 109
1673778904 135
1673778905 124
1673778905 164
1673778905 154
1673778905 157
1673778906 177
1673778906 117
1673778906 189
1673778906 155
1673778906 187
1673778906 144
1673778907 153
1673778907 183
1673778907 194
1673778907 137
1673778907 198
1673778908 127
1673778908 150
1673778908 133
1673778909 124
1673778909 199
1673778909 169
1673778909 110
1673778909 190
1673778910 142
1673778911 173
1673778911 140
1673778911 101
1673778912 119
1673778912 167
1673778913 138
1673778913 162
1673778913 126
1673778913 172
1673778914 154
1673778914 152
1673778914 150
1673778915 136
1673778915 158
1673778915 123
1673778916 175
1673778916 197
1673778917 110
1673778918 116
1673778918 131
1673778918 155
1673778918 137
1673778919 108
1673778919 187
1673778920 168
1673778920 149
1673778920 150
1673778920 110
1673778921 166
1673778922 176
1673778922 197
1673778922 190
1673778923 158
1673778923 153
1673778923 174
1673778923 130
1673778924 157
1673778924 194
1673778924 132
1673778925 142
1673778925 175
1673778925 138
1673778925 160
1673778925 129
1673778925 194
1673778925 139
1673778925 132
1673778926 104
1673778926 185
1673778927 139
1673778927 198
1673778928 125
1673778928 159
1673778929 118
1673778929 193
1673778929 165
1673778929 130
1673778930 121
1673778930 121
1673778930 145
1673778930 120
1673778930 112
1673778930 162
1673778932 182
1673778932 161
1673778932 161
1673778934 140
1673778934 118
1673778934 131
1673778935 170
1673778935 130
1673778935 153
1673778936 116
1673778936 145
1673778936 141
1673778937 159
1673778937 168
1673778938 187
1673778938 118
1673778938 192
1673778938 194
1673778939 115
1673778939 149
1673778940 102
1673778940 184
1673778940 196
1673778940 107
1673778941 113
1673778941 108
1673778941 130
1673778941 141
1673778942 133
1673778942 153
1673778942 147
1673778942 173
1673778943 121
1673778944 162
1673778944 138
1673778945 183
1673778945 131
1673778945 103
1673778945 196
1673778945 142
1673778946 150
1673778946 103
1673778946 182
1673778946 147
1673778947 146
1673778947 196
1673778947 155
1673778948 168
1673778948 174
1673778949 173
1673778949 121
1673778949 130
1673778949 113
1673778949 164
1673778950 178
1673778950 187
1673778951 175
1673778951 199
1673778951 185
1673778952 149
1673778952 138
1673778953 108
1673778954 165
1673778955 190
1673778955 185
1673778956 124
1673778956 118
1673778957 159
1673778958 125
1673778958 141
1673778958 134
1673778959 128
1673778960 166
1673778961 134
1673778961 125
1673778961 132
1673778961 138
1673778961 118
1673778962 102
1673778962 106
1673778962 177
1673778963 101
1673778964 129
1673778964 138
1673778964 121
1673778965 190
1673778965 143
1673778966 124
1673778966 142
1673778968 102
1673778969 199
1673778969 101
1673778970 181
1673778970 195
1673778970 119
1673778971 101
1673778971 163
1673778972 144
1673778972 116
1673778972 184
1673778972 139
1673778973 176
1673778973 160
1673778973 104
1673778974 106
1673778974 199
1673778974 135
1673778974 161
1673778975 169
1673778975 170
1673778975 113
1673778975 119
1673778976 172
1673778976 189
1673778977 182
1673778977 145
1673778977 191
1673778977 109
1673778977 191
1673778978 178
1673778979 195
1673778979 149
1673778980 117
1673778980 103
1673778980 115
1673778981 169
1673778981 184
1673778981 158
1673778982 127
1673778982 191
1673778982 158
1673778983 128
1673778983 167
1673778984 179
1673778984 105
1673778984 125
1673778984 117
1673778985 188
1673778985 196
1673778985 190
1673778985 127
1673778986 104
1673778986 101
1673778986 199
1673778987 112
1673778987 136
1673778987 121
1673778988 171
1673778988 141
1673778988 109
1673778990 177
1673778990 141
1673778990 155
1673778991 101
1673778991 195
1673778992 105
1673778992 112
1673778993 172
1673778993 118
1673778993 156
1673778994 192
1673778994 114
1673778994 150
1673778995 174
1673778996 189
1673778996 177
1673778997 193
1673778997 193
1673778997 187
1673778998 120
1673778998 197
1673778999 161
1673778999 108
1673779000 158
1673779000 137
1673779000 180
1673779001 160
1673779002 175
1673779002 180
1673779003 126
1673779003 184
1673779004 189
1673779004 196
1673779004 191
1673779005 189
1673779005 117
1673779005 118
1673779006 179
1673779006 142
1673779007 141
1673779007 171
1673779007 108
1673779007 180
1673779008 135
1673779008 191
1673779008 120
1673779008 143
1673779008 146
1673779009 138
1673779009 106
1673779009 179
1673779009 132
1673779010 165
1673779010 173
1673779010 154
1673779010 190
1673779010 169
1673779010 175
1673779010 102
1673779011 154
1673779011 187
1673779011 134
1673779011 148
1673779011 200
1673779012 161
1673779013 153
1673779013 110
1673779014 107
1673779014 190
1673779014 132
1673779014 186
1673779014 112
1673779015 105
1673779015 169
1673779016 140
1673779016 173
1673779016 151
1673779017 154
1673779017 119
1673779017 146
1673779017 162
1673779017 140
1673779018 149
1673779019 114
1673779019 147
1673779019 135
1673779019 151
1673779019 161
1673779019 109
1673779020 110
1673779020 174
1673779021 196
1673779021 125
1673779022 145
1673779023 140
1673779023 110
1673779023 123
1673779023 133
1673779024 183
1673779024 106
1673779025 193
1673779025 121
1673779025 119
1673779025 120
1673779025 160
1673779026 146
1673779027 194
1673779027 177
1673779027 168
1673779028 156
1673779028 173
1673779028 186
1673779028 199
1673779028 134
1673779028 136
1673779028 158
1673779029 188
1673779029 141
1673779029 186
1673779029 190
1673779029 171
1673779029 188
1673779030 169
1673779031 153
1673779031 116
1673779031 124
1673779031 106
1673779031 121
1673779031 115
1673779031 128
1673779032 154
1673779032 130
1673779032 188
1673779033 151
1673779033 101
1673779034 114
1673779034 118
1673779034 159
1673779034 175
1673779034 181
1673779035 178
1673779036 124
1673779037 128
1673779037 117
1673779037 175
1673779038 200
1673779038 114
1673779038 153
1673779038 112
1673779039 173
1673779039 175
1673779039 133
1673779039 154
1673779040 159
1673779041 182
1673779041 199
1673779042 119
1673779042 189
1673779043 121
1673779044 188
1673779045 116
1673779045 124
1673779045 200
1673779046 158
1673779046 179
1673779046 128
1673779046 125
1673779046 125
1673779046 151
1673779047 164
1673779047 107
1673779047 152
1673779048 116
1673779048 151
1673779048 116
1673779048 176
1673779048 122
1673779049 197
1673779049 114
1673779049 166
1673779050 166
1673779050 184
1673779050 153
1673779051 105
1673779051 136
1673779051 102
1673779051 178
1673779052 196
1673779052 135
1673779053 162
1673779055 161
1673779055 141
1673779055 126
1673779056 140
1673779056 120
1673779057 179
1673779057 113
1673779057 158
1673779058 187
1673779058 113
1673779058 132
1673779059 127
1673779059 110
1673779059 152
1673779061 171
1673779061 169
1673779061 120
1673779062 131
1673779063 121
1673779063 127
1673779063 182
1673779064 147
1673779065 122
1673779065 138
1673779066 108
1673779066 194
1673779067 142
1673779067 105
1673779067 132
1673779067 121
1673779067 104
1673779068 188
1673779068 186
1673779068 103
1673779068 169
1673779068 190
1673779069 115
1673779069 143
1673779069 125
1673779069 187
1673779069 102
1673779070 149
1673779070 181
1673779071 167
1673779071 199
1673779072 192
1673779073 150
1673779073 151
1673779073 198
1673779073 198
1673779074 105
1673779074 188
1673779074 172
1673779075 103
1673779075 138
1673779076 171
1673779076 196
1673779076 189
1673779077 120
1673779077 145
1673779077 107
1673779077 105
1673779077 170
1673779077 187
1673779077 175
1673779078 130
1673779078 193
1673779079 185
1673779080 146
1673779080 147
1673779080 117
1673779081 186
1673779081 174
1673779081 163
1673779082 182
1673779082 185
1673779082 144
1673779082 148
1673779083 126
1673779083 151
1673779084 169
1673779085 192
1673779085 156
1673779085 168
1673779085 129
1673779086 174
1673779086 143
1673779087 164
1673779087 130
1673779089 111
1673779089 144
1673779090 180
1673779090 161
1673779090 174
1673779090 123
1673779090 165
1673779091 111
1673779091 175
1673779092 135
1673779093 108
1673779093 147
1673779093 176
1673779093 119
1673779094 163
1673779094 125
1673779096 103
1673779096 186
1673779097 143
1673779097 135
1673779097 123
1673779098 131
1673779098 179
1673779098 148
1673779098 165
1673779099 169
1673779099 109
1673779099 191
1673779100 141
1673779100 172
1673779100 103
1673779100 137
1673779101 122
1673779101 106
1673779102 123
1673779102 186
1673779102 199
1673779102 177
1673779103 144
1673779103 195
1673779103 162
1673779104 165
1673779104 132
1673779104 105
1673779104 163
1673779105 129
1673779105 141
1673779105 153
1673779105 122
1673779106 128
1673779106 132
1673779106 146
1673779107 178
1673779107 182
1673779107 198
1673779109 126
1673779109 111
1673779109 142
1673779112 116
1673779112 150
1673779113 111
1673779113 188
1673779113 126
1673779113 138
1673779113 141
1673779113 180
1673779114 125
1673779114 121
1673779114 153
1673779114 156
1673779115 146
1673779115 131
1673779116 153
1673779116 122
1673779116 192
1673779116 173
1673779117 163
1673779117 158
1673779117 177
1673779118 110
1673779119 130
1673779120 159
1673779120 124
1673779120 188
1673779120 172
1673779120 124
1673779121 191
1673779121 188
1673779121 119
1673779121 108
1673779122 156
1673779123 104
1673779124 150
1673779124 109
1673779124 120
1673779125 143
1673779125 188
1673779125 198
1673779125 124
1673779125 119
1673779125 138
1673779126 132
1673779126 157
1673779126 135
1673779127 125
1673779127 198
1673779128 153
1673779128 111
1673779128 156
1673779128 176
1673779129 168
1673779129 121
1673779130 166
1673779130 152
1673779130 133
1673779130 111
1673779131 157
1673779132 192
1673779132 145
1673779132 174
1673779133 167
1673779133 142
1673779133 161
1673779134 127
1673779134 107
1673779135 124
1673779135 176
1673779136 164
1673779136 160
1673779136 182
1673779136 178
1673779136 165
1673779137 119
1673779138 114
1673779138 187
1673779138 140
1673779138 135
1673779139 106
1673779139 129
1673779139 124
1673779140 155
1673779140 182
1673779140 130
1673779141 178
1673779141 138
1673779141 192
1673779142 141
1673779142 192
1673779142 159
1673779142 139
1673779143 138
1673779143 140
1673779143 130
1673779143 139
1673779144 143
1673779144 107
1673779144 107
1673779144 156
1673779145 102
1673779145 134
1673779146 134
1673779146 130
1673779146 148
1673779146 160
1673779147 132
1673779148 134
1673779148 166
1673779150 133
1673779151 196
1673779151 198
1673779152 191
1673779152 176
1673779152 195
1673779152 192
1673779153 141
1673779154 119
1673779154 118
1673779154 167
1673779154 172
1673779154 151
1673779155 177
1673779155 194
1673779156 164
1673779157 112
1673779158 197
1673779158 170
1673779158 158
1673779158 107
1673779158 183
1673779158 136
1673779158 143
1673779159 112
1673779160 146
1673779160 181
1673779160 197
1673779160 122
1673779162 109
1673779162 174
1673779162 123
1673779162 111
1673779162 168
1673779163 188
1673779163 163
1673779163 115
1673779164 114
1673779164 129
1673779164 189
1673779165 170
1673779165 173
1673779165 197
1673779165 184
1673779165 114
1673779166 199
1673779166 196
1673779166 189
1673779167 144
1673779167 127
1673779168 102
1673779168 128
1673779168 142
1673779168 108
1673779169 191
1673779169 125
1673779170 113
1673779170 154
1673779171 160
1673779171 127
1673779173 129
1673779173 145
1673779173 157
1673779173 137
1673779173 155
1673779173 198
1673779174 180
1673779174 158
1673779175 200
1673779175 165
1673779176 195
1673779177 157
1673779177 128
1673779178 118
1673779178 140
1673779178 107
1673779179 122
1673779180 117
1673779180 192
1673779181 171
1673779181 162
1673779181 151
1673779183 179
1673779183 143
1673779183 152
1673779184 168
1673779184 188
1673779184 170
1673779184 193
1673779185 187
1673779185 182
1673779185 126
1673779185 137
1673779186 190
1673779187 134
1673779187 111
1673779188 122
1673779188 184
1673779189 115
1673779189 142
1673779189 109
1673779189 147
1673779190 179
1673779191 146
1673779191 149
1673779191 186
1673779191 189
1673779191 147
1673779191 154
1673779192 172
1673779193 191
1673779193 186
1673779193 162
1673779193 180
1673779194 199
1673779194 122
1673779194 142
1673779194 130
1673779195 121
1673779195 195
1673779195 114
1673779197 151
1673779197 111
1673779197 141
1673779198 166
1673779198 182
1673779198 119
1673779198 125
1673779198 197
1673779198 135
1673779199 185
1673779201 167
1673779201 183
1673779201 107
1673779201 168
1673779201 158
1673779201 169
1673779202 184
1673779202 145
1673779202 127
1673779202 161
1673779202 189
1673779203 200
1673779203 141
1673779203 146
1673779203 195
1673779203 102
1673779203 135
1673779204 120
1673779204 148
1673779205 136
1673779206 122
1673779206 181
1673779207 136
1673779208 113
1673779208 129
1673779208 146
1673779208 183
1673779208 129
1673779209 124
1673779209 146
1673779210 110
1673779210 117
1673779211 187
1673779211 131
1673779212 167
1673779212 199
1673779213 179
1673779213 103
1673779213 149
1673779214 159
1673779214 169
1673779215 160
1673779216 127
1673779216 186
1673779216 105
1673779216 114
1673779217 154
1673779217 186
1673779217 164
1673779217 162
1673779217 198
1673779217 116
1673779218 107
1673779218 189
1673779218 182
1673779218 165
1673779218 166
1673779219 196
1673779220 198
1673779220 186
1673779220 103
1673779221 191
1673779221 191
1673779221 170
1673779222 129
1673779222 182
1673779222 135
1673779222 152
1673779222 103
1673779222 103
1673779223 158
1673779223 160
1673779223 146
1673779224 148
1673779224 106
1673779224 135
1673779224 178
1673779224 134
1673779225 115
1673779225 104
1673779226 167
1673779226 144
1673779227 115
1673779228 193
1673779228 125
1673779229 157
1673779229 166
1673779229 122
1673779230 199
1673779230 141
1673779230 145
1673779230 104
1673779230 102
1673779231 143
1673779231 114
1673779231 147
1673779231 198
1673779231 157
1673779231 182
1673779232 112
1673779232 191
1673779233 115
1673779233 167
1673779234 197
1673779234 176
1673779234 126
1673779234 184
1673779234 109
1673779235 120
1673779235 119
1673779235 130
1673779235 102
1673779235 110
1673779236 166
1673779236 166
1673779236 112
1673779236 197
1673779236 179
1673779236 161
1673779236 120
1673779236 200
1673779237 153
1673779237 195
1673779237 179
1673779237 190
1673779238 174
1673779238 144
1673779238 167
1673779239 122
1673779239 165
1673779240 153
1673779240 174
1673779240 180
1673779241 116
1673779241 180
1673779241 196
1673779242 130
1673779242 195
1673779242 147
1673779243 119
1673779243 182
1673779244 109
1673779245 174
1673779245 178
1673779245 142
1673779245 198
1673779245 140
1673779246 173
1673779247 160
1673779247 175
1673779247 146
1673779247 159
1673779247 148
1673779248 101
1673779249 159
1673779249 137
1673779249 193
1673779250 138
1673779250 157
1673779250 194
1673779251 198
1673779251 112
1673779251 173
1673779252 143
1673779253 104
1673779253 179
1673779253 175
1673779253 194
1673779254 189
1673779254 164
1673779255 200
1673779255 193
1673779256 135
1673779256 172
1673779256 110
1673779257 115
1673779258 104
1673779258 139
1673779258 189
1673779259 171
1673779260 162
1673779260 159
1673779260 108
1673779260 116
1673779260 171
1673779261 154
1673779261 140
1673779261 163
1673779261 132
1673779262 118
1673779262 148
1673779263 125
1673779263 123
1673779264 185
1673779265 183
1673779265 126
1673779266 173
1673779266 109
1673779267 149
1673779267 148
1673779267 188
1673779267 167
1673779267 113
1673779267 190
1673779269 106
1673779269 165
1673779269 170
1673779269 157
1673779269 166
1673779269 169
1673779270 165
1673779270 149
1673779270 186
1673779270 175
1673779271 104
1673779271 118
1673779271 129
1673779271 115
1673779272 141
1673779272 196
1673779272 103
1673779273 151
1673779273 148
1673779273 180
1673779274 167
1673779274 141
1673779274 148
1673779274 190
1673779275 163
1673779275 176
1673779275 190
1673779276 185
1673779276 140
1673779277 102
1673779277 183
1673779277 180
1673779277 149
1673779278 165
1673779278 142
1673779279 149
1673779279 181
1673779279 130
1673779280 185
1673779280 159
1673779280 162
1673779281 110
1673779281 117
1673779282 184
1673779282 192
1673779282 143
1673779283 153
1673779283 133
1673779284 104
1673779284 142
1673779284 137
1673779285 162
1673779285 117
1673779285 185
1673779285 200
1673779285 109
1673779285 147
1673779285 108
1673779287 143
1673779287 181
1673779287 117
1673779287 189
1673779288 110
1673779288 136
1673779288 141
1673779288 177
1673779288 140
1673779288 170
1673779288 158
1673779288 185
1673779288 101
1673779289 105
1673779289 182
1673779289 119
1673779290 135
1673779290 112
