1673776802 112
1673776802 141
1673776805 146
1673776806 134
1673776806 107
1673776807 162
1673776807 177
1673776808 175
1673776810 174
1673776810 191
1673776810 178
1673776811 134
1673776812 116
1673776814 196
1673776815 172
1673776816 135
1673776818 169
1673776818 134
1673776820 120
1673776821 148
1673776821 109
1673776821 169
1673776821 108
1673776821 126
1673776821 103
1673776821 140
1673776824 145
1673776825 178
1673776825 115
1673776826 165
1673776828 193
1673776828 182
1673776830 175
1673776831 156
1673776833 136
1673776833 148
1673776833 158
1673776834 181
1673776836 181
1673776836 113
1673776836 197
1673776837 118
1673776840 200
1673776842 153
1673776842 124
1673776842 142
1673776842 200
1673776844 187
1673776852 192
1673776852 102
1673776852 106
1673776853 122
1673776857 135
1673776858 103
1673776859 186
1673776860 156
1673776862 110
1673776863 128
1673776865 161
1673776870 172
1673776872 188
1673776872 152
1673776872 159
1673776872 109
1673776873 196
1673776873 101
1673776873 161
1673776873 173
1673776874 112
1673776874 143
1673776875 142
1673776875 150
1673776877 174
1673776877 107
1673776878 122
1673776879 114
1673776880 163
1673776880 159
1673776881 195
1673776881 168
1673776881 169
1673776881 125
1673776882 166
1673776882 178
1673776883 122
1673776887 136
1673776888 149
1673776890 189
1673776890 105
1673776890 104
1673776890 127
1673776890 189
1673776891 138
1673776892 147
1673776892 101
1673776892 126
1673776896 196
1673776896 153
1673776896 143
1673776896 158
1673776897 157
1673776897 104
1673776897 140
1673776897 102
1673776897 160
1673776898 161
1673776898 101
1673776899 118
1673776899 106
1673776899 117
1673776900 118
1673776901 179
1673776901 111
1673776901 190
1673776902 126
1673776904 103
1673776904 130
1673776907 179
1673776917 135
1673776917 193
1673776921 186
1673776921 169
1673776922 150
1673776924 153
1673776924 126
1673776925 174
1673776926 182
1673776926 126
1673776926 157
1673776926 147
1673776926 154
1673776927 137
1673776927 117
1673776928 127
1673776928 152
1673776928 196
1673776929 160
1673776929 173
1673776930 149
1673776930 114
1673776931 122
1673776931 120
1673776932 127
1673776933 141
1673776934 128
1673776934 126
1673776934 172
1673776934 138
1673776934 188
1673776935 131
1673776935 105
1673776935 142
1673776935 200
1673776935 165
1673776936 135
1673776938 199
1673776938 140
1673776938 127
1673776940 129
1673776941 126
1673776941 136
1673776942 151
1673776942 125
1673776942 185
1673776942 120
1673776943 181
1673776943 185
1673776944 110
1673776944 195
1673776944 189
1673776944 136
1673776945 186
1673776945 124
1673776945 178
1673776946 144
1673776946 129
1673776946 150
1673776946 175
1673776946 123
1673776947 184
1673776947 105
1673776947 152
1673776947 127
1673776948 143
1673776948 156
1673776948 105
1673776948 156
1673776948 144
1673776950 152
1673776953 136
1673776954 128
1673776954 175
1673776954 157
1673776955 133
1673776956 163
1673776956 196
1673776956 176
1673776956 174
1673776956 128
1673776957 143
1673776957 145
1673776957 123
1673776958 197
1673776958 152
1673776958 125
1673776959 165
1673776959 102
1673776960 132
1673776960 156
1673776960 139
1673776961 155
1673776961 178
1673776961 108
1673776961 184
1673776961 111
1673776963 132
1673776964 198
1673776964 139
1673776964 142
1673776964 182
1673776964 128
1673776965 114
1673776965 120
1673776965 120
1673776965 179
1673776966 166
1673776966 120
1673776966 196
1673776966 165
1673776966 164
1673776966 189
1673776966 107
1673776966 109
1673776967 145
1673776967 114
1673776967 122
1673776969 190
1673776969 124
1673776969 188
1673776970 192
1673776970 132
1673776970 147
1673776970 117
1673776970 173
1673776972 166
1673776972 144
1673776973 145
1673776973 170
1673776973 169
1673776973 146
1673776973 163
1673776973 119
1673776973 130
1673776974 105
1673776975 163
1673776975 143
1673776976 153
1673776977 142
1673776977 131
1673776977 141
1673776977 179
1673776977 162
1673776978 148
1673776978 187
1673776978 131
1673776978 118
1673776978 180
1673776979 170
1673776979 114
1673776979 141
1673776980 144
1673776981 135
1673776981 166
1673776981 182
1673776981 109
1673776981 110
1673776982 184
1673776982 106
1673776982 198
1673776983 147
1673776983 148
1673776983 101
1673776985 116
1673776986 148
1673776988 178
1673776988 127
1673776988 160
1673776988 105
1673776988 123
1673776989 173
1673776989 134
1673776989 137
1673776991 109
1673776991 111
1673776992 180
1673776992 111
1673776992 147
1673776993 141
1673776993 101
1673776997 192
1673776997 114
1673776998 125
1673776999 184
1673777000 122
1673777000 135
1673777001 194
1673777001 181
1673777001 139
1673777002 178
1673777003 130
1673777004 145
1673777005 173
1673777007 168
1673777007 140
1673777009 171
1673777012 107
1673777012 106
1673777012 172
1673777012 146
1673777013 119
1673777013 187
1673777013 124
1673777014 119
1673777014 173
1673777015 165
1673777016 128
1673777017 194
1673777017 134
1673777018 175
1673777018 113
1673777018 125
1673777019 196
1673777019 164
1673777019 127
1673777020 107
1673777020 124
1673777020 169
1673777020 191
1673777021 131
1673777022 176
1673777022 178
1673777022 188
1673777022 109
1673777023 166
1673777023 134
1673777023 195
1673777024 117
1673777024 160
1673777024 167
1673777024 145
1673777024 158
1673777024 163
1673777025 137
1673777025 152
1673777026 162
1673777028 117
1673777028 157
1673777028 111
1673777028 177
1673777028 164
1673777028 142
1673777029 160
1673777030 162
1673777030 125
1673777030 164
1673777031 130
1673777031 168
1673777031 101
1673777032 149
1673777032 128
1673777032 138
1673777032 112
1673777032 134
1673777032 163
1673777033 187
1673777034 104
1673777034 133
1673777034 107
1673777034 154
1673777035 139
1673777036 143
1673777036 104
1673777037 160
1673777037 168
1673777038 152
1673777038 182
1673777038 129
1673777038 123
1673777038 108
1673777039 193
1673777039 134
1673777039 186
1673777040 109
1673777041 140
1673777041 127
1673777042 185
1673777043 121
1673777043 129
1673777043 196
1673777044 153
1673777045 181
1673777045 117
1673777045 104
1673777045 161
1673777046 154
1673777046 155
1673777046 134
1673777047 173
1673777047 113
1673777047 139
1673777048 119
1673777048 181
1673777048 170
1673777049 113
1673777049 104
1673777050 189
1673777050 140
1673777051 198
1673777052 110
1673777052 109
1673777053 134
1673777054 126
1673777054 189
1673777054 150
1673777055 187
1673777055 194
1673777056 150
1673777056 122
1673777056 200
1673777056 106
1673777056 124
1673777057 186
1673777057 103
1673777057 175
1673777057 128
1673777058 195
1673777058 198
1673777058 153
1673777058 122
1673777058 178
1673777059 172
1673777059 121
1673777060 140
1673777060 192
1673777061 141
1673777061 158
1673777061 103
1673777061 117
1673777062 143
1673777062 139
1673777063 192
1673777063 162
1673777063 129
1673777063 184
1673777063 129
1673777064 168
1673777064 180
1673777065 174
1673777065 128
1673777065 126
1673777066 175
1673777066 123
1673777066 101
1673777066 195
1673777067 128
1673777067 198
1673777067 167
1673777067 193
1673777068 127
1673777068 128
1673777069 177
1673777070 141
1673777070 163
1673777070 107
1673777070 178
1673777071 136
1673777071 197
1673777071 153
1673777071 140
1673777071 199
1673777071 162
1673777071 180
1673777072 172
1673777072 196
1673777072 177
1673777073 128
1673777073 158
1673777073 178
1673777073 144
1673777074 138
1673777074 198
1673777074 145
1673777074 162
1673777074 184
1673777074 105
1673777075 129
1673777075 175
1673777075 122
1673777075 119
1673777076 185
1673777076 169
1673777077 159
1673777077 121
1673777077 157
1673777077 150
1673777077 120
1673777078 162
1673777080 157
1673777081 121
1673777081 189
1673777081 179
1673777081 189
1673777081 196
1673777082 107
1673777082 128
1673777082 151
1673777082 107
1673777082 102
1673777083 102
1673777083 155
1673777083 142
1673777083 162
1673777083 107
1673777084 116
1673777085 118
1673777085 101
1673777085 139
1673777085 163
1673777085 130
1673777086 172
1673777086 153
1673777087 124
1673777088 190
1673777088 149
1673777088 186
1673777088 108
1673777089 185
1673777089 190
1673777090 120
1673777090 109
1673777091 106
1673777091 126
1673777091 103
1673777091 193
1673777092 138
1673777093 103
1673777093 110
1673777093 134
1673777093 160
1673777093 171
1673777093 134
1673777093 114
1673777093 184
1673777094 126
1673777095 107
1673777095 184
1673777095 179
1673777096 127
1673777097 182
1673777097 137
1673777097 185
1673777098 162
1673777098 109
1673777099 119
1673777099 155
1673777100 166
1673777100 130
1673777100 164
1673777101 114
1673777101 149
1673777101 196
1673777101 165
1673777101 159
1673777102 179
1673777102 192
1673777102 155
1673777102 148
1673777103 168
1673777103 150
1673777103 193
1673777104 145
1673777104 194
1673777104 113
1673777104 190
1673777105 139
1673777105 174
1673777105 183
1673777107 140
1673777107 183
1673777107 198
1673777108 167
1673777108 181
1673777109 153
1673777110 199
1673777110 118
1673777110 177
1673777111 155
1673777111 144
1673777111 137
1673777112 150
1673777112 195
1673777112 161
1673777113 137
1673777113 178
1673777114 161
1673777114 161
1673777115 189
1673777115 187
1673777115 129
1673777115 112
1673777117 195
1673777117 108
1673777117 127
1673777117 148
1673777118 128
1673777118 112
1673777119 165
1673777119 109
1673777121 170
1673777121 144
1673777122 127
1673777123 137
1673777123 128
1673777123 132
1673777124 170
1673777125 155
1673777125 150
1673777125 169
1673777126 174
1673777126 180
1673777126 144
1673777126 178
1673777127 185
1673777127 115
1673777128 131
1673777128 175
1673777128 153
1673777128 118
1673777129 178
1673777129 141
1673777129 171
1673777129 190
1673777129 146
1673777130 113
1673777130 192
1673777130 121
1673777130 196
1673777131 109
1673777131 117
1673777131 173
1673777131 175
1673777131 198
1673777132 161
1673777132 160
1673777132 102
1673777133 112
1673777133 140
1673777134 147
1673777134 121
1673777134 109
1673777134 146
1673777135 132
1673777135 187
1673777136 118
1673777136 168
1673777136 161
1673777137 196
1673777137 135
1673777137 122
1673777137 144
1673777137 189
1673777137 123
1673777138 124
1673777138 200
1673777138 127
1673777138 106
1673777138 102
1673777139 164
1673777139 191
1673777139 123
1673777140 159
1673777140 118
1673777141 173
1673777141 179
1673777141 150
1673777142 185
1673777142 122
1673777142 120
1673777142 174
1673777143 174
1673777143 157
1673777144 152
1673777144 165
1673777144 149
1673777145 170
1673777145 144
1673777146 176
1673777146 193
1673777146 164
1673777146 139
1673777146 166
1673777146 106
1673777146 103
1673777147 162
1673777147 111
1673777147 166
1673777147 182
1673777147 115
1673777148 119
1673777148 138
1673777148 130
1673777148 111
1673777148 193
1673777148 188
1673777149 181
1673777149 109
1673777149 159
1673777150 109
1673777151 147
1673777151 145
1673777151 158
1673777152 152
1673777152 129
1673777153 188
1673777153 107
1673777153 134
1673777153 192
1673777153 137
1673777153 193
1673777154 185
1673777154 176
1673777154 127
1673777155 121
1673777155 141
1673777156 181
1673777156 166
1673777156 196
1673777157 103
1673777157 120
1673777157 159
1673777157 149
1673777158 150
1673777159 192
1673777159 182
1673777159 132
1673777160 136
1673777161 165
1673777161 112
1673777161 134
1673777162 174
1673777163 162
1673777163 169
1673777163 195
1673777163 182
1673777164 143
1673777164 152
1673777164 118
1673777165 165
1673777165 173
1673777166 132
1673777166 165
1673777166 125
1673777167 172
1673777167 156
1673777167 178
1673777168 158
1673777168 161
1673777168 196
1673777170 153
1673777170 102
1673777172 101
1673777173 195
1673777173 148
1673777174 112
1673777174 173
1673777175 132
1673777175 114
1673777175 134
1673777175 132
1673777175 197
1673777175 143
1673777175 152
1673777175 131
1673777175 126
1673777176 140
1673777176 181
1673777176 196
1673777176 137
1673777176 105
1673777177 159
1673777177 110
1673777177 154
1673777177 129
1673777177 153
1673777178 198
1673777179 149
1673777179 199
1673777180 108
1673777180 117
1673777181 164
1673777182 186
1673777183 162
1673777183 141
1673777183 115
1673777183 102
1673777184 168
1673777184 144
1673777185 177
1673777185 189
1673777186 176
1673777187 191
1673777187 134
1673777188 186
1673777188 132
1673777188 177
1673777188 169
1673777189 131
1673777189 129
1673777190 179
1673777190 157
1673777190 185
1673777190 114
1673777191 174
1673777191 116
1673777193 128
1673777193 148
1673777194 174
1673777194 189
1673777195 133
1673777195 173
1673777195 165
1673777195 120
1673777195 166
1673777196 104
1673777198 193
1673777198 108
1673777198 129
1673777198 106
1673777198 187
1673777198 170
1673777198 191
1673777199 173
1673777199 103
1673777199 153
1673777200 152
1673777200 180
1673777200 103
1673777200 121
1673777201 102
1673777201 135
1673777201 142
1673777201 194
1673777202 154
1673777202 173
1673777202 140
1673777202 141
1673777203 132
1673777203 135
1673777203 187
1673777203 135
1673777204 179
1673777204 116
1673777204 187
1673777205 175
1673777207 178
1673777207 162
1673777208 106
1673777208 167
1673777208 118
1673777209 158
1673777209 147
1673777209 195
1673777209 104
1673777209 163
1673777210 141
1673777210 106
1673777210 198
1673777210 148
1673777211 137
1673777211 177
1673777211 176
1673777211 199
1673777212 166
1673777213 106
1673777213 190
1673777213 129
1673777213 130
1673777213 131
1673777213 115
1673777213 110
1673777214 118
1673777214 183
1673777214 111
1673777214 107
1673777214 168
1673777214 148
1673777215 122
1673777215 155
1673777215 113
1673777216 120
1673777218 157
1673777218 119
1673777218 129
1673777218 191
1673777218 109
1673777219 200
1673777219 118
1673777220 176
1673777222 188
1673777222 149
1673777223 121
1673777224 138
1673777224 127
1673777225 133
1673777225 136
1673777225 140
1673777226 120
1673777226 133
1673777226 115
1673777226 200
1673777227 156
1673777229 157
1673777232 154
1673777232 103
1673777233 181
1673777233 200
1673777234 141
1673777234 186
1673777235 158
1673777236 167
1673777236 149
1673777237 173
1673777237 193
1673777237 167
1673777238 103
1673777238 198
1673777238 126
1673777239 188
1673777240 171
1673777241 167
1673777242 194
1673777242 158
1673777242 112
1673777242 148
1673777243 130
1673777243 154
1673777243 133
1673777243 142
1673777244 137
1673777244 157
1673777246 107
1673777247 132
1673777249 162
1673777249 140
1673777249 200
1673777250 129
1673777250 137
1673777250 165
1673777251 161
1673777252 193
1673777252 148
1673777252 152
1673777252 131
1673777253 190
1673777253 101
1673777253 197
1673777254 125
1673777254 172
1673777254 102
1673777255 138
1673777255 167
1673777255 162
1673777255 154
1673777255 145
1673777255 193
1673777256 101
1673777256 191
1673777256 159
1673777257 189
1673777257 185
1673777257 123
1673777258 178
1673777258 191
1673777258 197
1673777258 125
1673777259 164
1673777259 172
1673777260 179
1673777260 198
1673777261 115
1673777261 130
1673777261 123
1673777262 190
1673777262 128
1673777262 183
1673777263 103
1673777263 109
1673777264 122
1673777265 108
1673777266 186
1673777267 112
1673777267 125
1673777267 176
1673777267 130
1673777267 109
1673777268 107
1673777268 127
1673777270 167
1673777270 108
1673777270 185
1673777270 115
1673777271 179
1673777272 103
1673777272 175
1673777272 116
1673777272 182
1673777272 143
1673777273 153
1673777273 195
1673777274 193
1673777274 148
1673777276 159
1673777276 135
1673777276 122
1673777277 155
1673777277 118
1673777277 124
1673777278 126
1673777279 142
1673777279 125
1673777280 152
1673777280 128
1673777280 119
1673777281 162
1673777281 192
1673777281 179
1673777281 145
1673777281 160
1673777282 120
1673777282 166
1673777282 130
1673777282 126
1673777282 145
1673777282 144
1673777283 181
1673777283 166
1673777283 174
1673777284 104
1673777284 101
1673777284 118
1673777285 176
1673777285 179
1673777285 196
1673777285 185
1673777285 183
1673777286 166
1673777286 181
1673777286 141
1673777286 141
1673777287 191
1673777287 133
1673777287 174
1673777287 150
1673777287 167
1673777288 130
1673777288 176
1673777288 131
1673777288 120
1673777288 128
1673777288 146
1673777289 174
1673777289 142
1673777289 151
1673777289 171
1673777289 106
1673777289 143
1673777289 143
1673777289 189
1673777290 130
1673777290 161
1673777291 122
1673777291 191
1673777292 188
1673777292 189
1673777292 154
1673777292 115
1673777292 117
1673777292 182
1673777292 181
1673777292 176
1673777293 147
1673777293 163
1673777293 105
1673777293 191
1673777294 169
1673777294 189
1673777294 187
1673777295 113
1673777295 152
1673777295 137
1673777295 114
1673777296 110
1673777296 133
1673777296 179
1673777296 163
1673777296 175
1673777297 187
1673777297 195
1673777297 153
1673777297 162
1673777297 109
1673777298 161
1673777298 126
1673777298 141
1673777299 162
1673777299 133
1673777299 191
1673777300 128
1673777301 105
1673777301 139
1673777302 134
1673777302 176
1673777303 120
1673777303 185
1673777303 130
1673777304 189
1673777304 104
1673777305 173
1673777305 143
1673777305 120
1673777305 134
1673777306 161
1673777306 163
1673777306 168
1673777306 165
1673777307 121
1673777308 148
1673777308 139
1673777308 144
1673777309 135
1673777309 145
1673777309 168
1673777309 176
1673777310 112
1673777311 114
1673777311 168
1673777311 138
1673777313 161
1673777313 108
1673777313 137
1673777313 125
1673777313 101
1673777314 106
1673777314 112
1673777314 174
1673777314 132
1673777315 116
1673777315 168
1673777315 200
1673777315 115
1673777316 104
1673777316 121
1673777316 157
1673777316 164
1673777316 138
1673777316 155
1673777316 133
1673777317 195
1673777317 113
1673777317 172
1673777317 193
1673777317 121
1673777318 173
1673777318 161
1673777318 152
1673777318 140
1673777318 183
1673777318 131
1673777318 199
1673777318 188
1673777318 174
1673777318 108
1673777319 155
1673777319 116
1673777319 191
1673777319 164
1673777319 162
1673777319 159
1673777320 119
1673777320 129
1673777320 125
1673777320 152
1673777321 143
1673777322 178
1673777322 123
1673777322 163
1673777322 129
1673777323 147
1673777323 144
1673777323 162
1673777324 144
1673777324 135
1673777325 137
1673777326 196
1673777326 152
1673777327 114
1673777327 109
1673777327 189
1673777328 197
1673777329 172
1673777329 134
1673777329 176
1673777329 188
1673777330 130
1673777330 140
1673777331 165
1673777331 169
1673777331 153
1673777331 123
1673777331 120
1673777331 167
1673777332 191
1673777332 133
1673777333 176
1673777335 189
1673777336 105
1673777336 186
1673777336 125
1673777336 112
1673777337 187
1673777337 178
1673777337 188
1673777337 149
1673777338 123
1673777338 181
1673777340 150
1673777340 129
1673777341 167
1673777341 164
1673777341 138
1673777341 199
1673777341 125
1673777342 105
1673777342 152
1673777342 103
1673777343 137
1673777344 189
1673777345 158
1673777345 188
1673777347 108
1673777360 200
1673777361 101
1673777362 142
1673777362 190
1673777363 147
1673777363 117
1673777363 155
1673777363 110
1673777364 155
1673777364 152
1673777364 123
1673777364 140
1673777364 163
1673777365 156
1673777366 111
1673777366 112
1673777366 200
1673777367 115
1673777367 196
1673777367 115
1673777367 107
1673777368 137
1673777368 178
1673777369 135
1673777369 192
1673777369 112
1673777369 196
1673777369 188
1673777369 141
1673777370 106
1673777370 119
1673777371 109
1673777371 103
1673777372 166
1673777372 170
1673777372 182
1673777372 166
1673777372 160
1673777372 171
1673777373 111
1673777373 190
1673777373 112
1673777373 131
1673777374 130
1673777375 147
1673777375 107
1673777375 168
1673777375 125
1673777376 145
1673777376 160
1673777377 196
1673777377 168
1673777377 108
1673777377 156
1673777378 119
1673777378 102
1673777378 118
1673777378 134
1673777379 109
1673777379 154
1673777379 133
1673777380 185
1673777382 144
1673777383 106
1673777383 134
1673777383 105
1673777384 197
1673777384 174
1673777385 119
1673777385 111
1673777385 131
1673777386 172
1673777386 190
1673777386 140
1673777386 161
1673777387 150
1673777387 164
1673777388 166
1673777388 184
1673777389 108
1673777389 151
1673777390 200
1673777390 180
1673777390 162
1673777391 105
1673777391 161
1673777391 184
1673777391 197
1673777392 176
1673777392 120
1673777393 150
1673777393 114
1673777393 137
1673777393 118
1673777394 178
1673777394 193
1673777394 120
1673777394 149
1673777394 174
1673777394 147
1673777395 119
1673777395 171
1673777396 109
1673777397 170
1673777397 143
1673777397 145
1673777397 135
1673777398 175
1673777400 141
1673777400 156
1673777400 149
1673777400 168
1673777401 118
1673777401 145
1673777401 158
1673777401 129
1673777402 138
1673777402 178
1673777402 123
1673777403 131
1673777403 128
1673777404 196
1673777404 105
1673777404 101
1673777404 169
1673777405 189
1673777405 111
1673777406 184
1673777406 128
1673777406 200
1673777406 183
1673777407 168
1673777407 105
1673777407 131
1673777408 174
1673777408 146
1673777408 179
1673777408 140
1673777408 139
1673777408 179
1673777409 149
1673777409 119
1673777411 105
1673777412 152
1673777412 192
1673777412 192
1673777412 141
1673777412 118
1673777412 156
1673777412 185
1673777413 124
1673777413 185
1673777413 119
1673777413 124
1673777413 182
1673777413 191
1673777414 129
1673777414 145
1673777415 104
1673777415 144
1673777416 190
1673777416 137
1673777416 169
1673777418 112
1673777418 193
1673777418 123
1673777418 129
1673777419 123
1673777420 184
1673777420 167
1673777421 128
1673777421 189
1673777421 194
1673777421 148
1673777421 155
1673777422 110
1673777422 187
1673777422 150
1673777422 130
1673777422 171
1673777422 182
1673777422 176
1673777422 134
1673777422 151
1673777423 179
1673777423 180
1673777423 133
1673777423 141
1673777424 106
1673777424 121
1673777425 198
1673777425 181
1673777426 101
1673777427 169
1673777427 106
1673777427 191
1673777427 101
1673777428 145
1673777428 188
1673777428 111
1673777428 152
1673777428 127
1673777429 134
1673777430 156
1673777430 186
1673777431 195
1673777431 189
1673777431 197
1673777431 172
1673777431 155
1673777432 176
1673777432 122
1673777432 169
1673777432 168
1673777432 194
1673777433 145
1673777433 151
1673777433 129
1673777434 144
1673777435 113
1673777435 126
1673777435 167
1673777435 180
1673777436 183
1673777436 131
1673777436 198
1673777436 141
1673777436 128
1673777436 111
1673777437 195
1673777437 103
1673777437 145
1673777438 142
1673777438 178
1673777439 166
1673777439 178
1673777440 150
1673777440 184
1673777440 103
1673777440 147
1673777440 142
1673777441 172
1673777441 145
1673777441 168
1673777441 183
1673777441 165
1673777442 159
1673777442 200
1673777442 173
1673777443 117
1673777444 113
1673777445 149
1673777445 129
1673777445 116
1673777445 135
1673777445 115
1673777446 128
1673777446 191
1673777446 139
1673777446 153
1673777446 183
1673777446 166
1673777447 194
1673777447 196
1673777447 131
1673777447 172
1673777447 140
1673777448 144
1673777448 113
1673777448 140
1673777448 187
1673777448 172
1673777448 149
1673777448 118
1673777449 193
1673777449 146
1673777450 183
1673777450 186
1673777451 164
1673777451 181
1673777451 105
1673777451 136
1673777451 119
1673777452 146
1673777452 104
1673777453 143
1673777453 127
1673777453 128
1673777453 115
1673777453 178
1673777453 156
1673777454 145
1673777454 119
1673777455 146
1673777455 121
1673777456 162
1673777456 119
1673777456 172
1673777457 200
1673777458 191
1673777458 152
1673777458 142
1673777459 104
1673777459 138
1673777459 101
1673777459 121
1673777460 145
1673777460 125
1673777460 106
1673777462 172
1673777462 200
1673777462 148
1673777462 101
1673777462 173
1673777463 127
1673777463 183
1673777463 173
1673777463 168
1673777463 158
1673777464 194
1673777465 116
1673777465 121
1673777465 192
1673777466 162
1673777466 178
1673777466 188
1673777466 133
1673777467 167
1673777467 197
1673777468 184
1673777468 143
1673777468 162
1673777469 187
1673777469 199
1673777469 124
1673777470 150
1673777470 134
1673777471 143
1673777471 146
1673777471 111
1673777472 145
1673777472 117
1673777472 169
1673777472 138
1673777473 174
1673777474 200
1673777474 117
1673777474 173
1673777474 127
1673777475 101
1673777475 177
1673777476 108
1673777476 127
1673777477 189
1673777477 139
1673777477 106
1673777477 131
1673777477 191
1673777478 183
1673777478 196
1673777479 130
1673777479 111
1673777479 119
1673777479 116
1673777479 120
1673777480 177
1673777481 167
1673777482 174
1673777482 145
1673777482 200
1673777483 138
1673777483 117
1673777484 131
1673777484 114
1673777485 116
1673777486 162
1673777486 145
1673777486 189
1673777487 179
1673777487 185
1673777487 156
1673777487 164
1673777487 134
1673777488 153
1673777488 123
1673777488 182
1673777488 168
1673777488 157
1673777489 139
1673777489 113
1673777489 111
1673777489 180
1673777490 169
1673777490 191
1673777491 161
1673777491 155
1673777491 177
1673777491 178
1673777492 103
1673777492 123
1673777493 116
1673777493 154
1673777493 158
1673777494 156
1673777494 145
1673777494 140
1673777494 176
1673777495 172
1673777495 104
1673777496 113
1673777496 146
1673777496 167
1673777496 143
1673777496 138
1673777497 130
1673777498 173
1673777498 113
1673777499 158
1673777499 192
1673777499 128
1673777500 163
1673777500 177
1673777500 106
1673777500 185
1673777501 157
1673777501 137
1673777501 198
1673777501 199
1673777501 162
1673777501 176
1673777502 139
1673777502 108
1673777502 160
1673777503 141
1673777503 152
1673777504 121
1673777504 126
1673777504 101
1673777504 113
1673777504 179
1673777504 124
1673777505 187
1673777505 157
1673777505 154
1673777505 102
1673777506 125
1673777507 138
1673777507 173
1673777507 119
1673777507 111
1673777507 186
1673777507 169
1673777508 188
1673777509 168
1673777509 199
1673777509 113
1673777510 117
1673777510 153
1673777510 105
1673777511 162
1673777511 115
1673777513 179
1673777514 165
1673777515 144
1673777515 143
1673777515 128
1673777515 145
1673777516 159
1673777516 117
1673777516 154
1673777517 167
1673777517 128
1673777517 181
1673777518 120
1673777518 133
1673777518 139
1673777519 154
1673777519 119
1673777519 181
1673777519 137
1673777520 151
1673777521 182
1673777521 172
1673777521 156
1673777521 140
1673777522 197
1673777522 160
1673777522 172
1673777522 116
1673777523 104
1673777523 177
1673777523 101
1673777524 154
1673777524 141
1673777525 175
1673777525 116
1673777526 186
1673777526 124
1673777526 123
1673777528 176
1673777528 177
1673777529 108
1673777529 127
1673777529 150
1673777529 135
1673777530 138
1673777530 153
1673777531 120
1673777531 169
1673777531 150
1673777531 168
1673777532 121
1673777533 183
1673777534 115
1673777534 107
1673777534 179
1673777534 108
1673777534 161
1673777534 174
1673777535 176
1673777536 102
1673777536 152
1673777538 146
1673777538 117
1673777538 115
1673777538 166
1673777539 181
1673777539 189
1673777539 140
1673777539 193
1673777540 192
1673777540 180
1673777540 160
1673777540 190
1673777541 120
1673777541 178
1673777541 132
1673777542 133
1673777542 105
1673777542 199
1673777542 156
1673777543 197
1673777543 146
1673777544 186
1673777544 152
1673777544 153
1673777545 181
1673777545 107
1673777546 117
1673777546 136
1673777546 156
1673777546 112
1673777546 187
1673777546 126
1673777547 181
1673777547 183
1673777547 164
1673777547 172
1673777548 185
1673777548 119
1673777548 113
1673777549 172
1673777549 108
1673777550 174
1673777550 131
1673777550 168
1673777551 184
1673777552 106
1673777552 159
1673777552 198
1673777553 177
1673777553 168
1673777553 110
1673777553 197
1673777554 179
1673777555 184
1673777556 124
1673777557 118
1673777557 188
1673777557 166
1673777558 150
1673777558 179
1673777558 118
1673777558 183
1673777558 163
1673777559 140
1673777559 182
1673777560 196
1673777560 112
1673777560 157
1673777560 101
1673777561 129
1673777561 172
1673777561 180
1673777561 132
1673777561 130
1673777562 124
1673777562 144
1673777562 180
1673777562 122
1673777562 195
1673777563 173
1673777563 135
1673777563 104
1673777563 164
1673777564 121
1673777564 138
1673777564 114
1673777564 114
1673777565 128
1673777565 190
1673777565 108
1673777566 164
1673777567 105
1673777567 143
1673777567 150
1673777567 117
1673777568 141
1673777568 115
1673777569 131
1673777569 116
1673777570 197
1673777570 158
1673777570 197
1673777570 158
1673777570 104
1673777571 189
1673777571 136
1673777572 186
1673777572 123
1673777573 192
1673777573 119
1673777573 153
1673777573 135
1673777574 144
1673777574 174
1673777574 191
1673777574 103
1673777575 101
1673777575 115
1673777575 114
1673777575 200
1673777575 121
1673777576 153
1673777576 158
1673777576 192
1673777577 141
1673777577 179
1673777577 185
1673777577 174
1673777578 103
1673777578 137
1673777578 170
1673777578 120
1673777579 172
1673777579 119
1673777579 171
1673777579 178
1673777580 193
1673777580 104
1673777580 133
1673777580 175
1673777581 195
1673777582 104
1673777582 135
1673777582 111
1673777583 151
1673777583 178
1673777583 156
1673777583 198
1673777583 151
1673777584 129
1673777584 115
1673777585 167
1673777585 174
1673777585 108
1673777585 152
1673777586 172
1673777586 182
1673777586 200
1673777586 102
1673777587 105
1673777587 185
1673777587 170
1673777588 110
1673777588 184
1673777588 187
1673777589 182
1673777589 141
1673777589 106
1673777590 181
1673777590 131
1673777590 132
1673777590 103
1673777591 127
1673777591 176
1673777591 190
1673777591 150
1673777592 131
1673777593 144
1673777593 103
1673777593 141
1673777594 190
1673777594 173
1673777594 183
1673777594 167
1673777595 164
1673777595 169
1673777595 148
1673777595 169
1673777596 196
1673777596 190
1673777596 160
1673777597 176
1673777597 127
1673777598 163
1673777598 112
1673777598 106
1673777600 134
1673777600 115
1673777600 198
1673777600 184
1673777601 146
1673777601 177
1673777601 169
1673777602 153
1673777602 169
1673777603 151
1673777603 106
1673777604 163
1673777605 138
1673777605 163
1673777605 156
1673777606 163
1673777606 115
1673777606 147
1673777607 118
1673777607 179
1673777608 128
1673777608 128
1673777609 187
1673777609 118
1673777609 164
1673777609 110
1673777609 107
1673777609 110
1673777609 126
1673777609 156
1673777610 157
1673777612 124
1673777612 172
1673777612 164
1673777612 146
1673777612 128
1673777612 162
1673777613 132
1673777615 190
1673777615 161
1673777616 183
1673777616 101
1673777616 180
1673777616 140
1673777616 106
1673777616 149
1673777617 197
1673777617 166
1673777617 129
1673777618 171
1673777619 143
1673777620 119
1673777620 153
1673777620 173
1673777621 178
1673777621 157
1673777621 156
1673777622 125
1673777622 189
1673777622 178
1673777623 153
1673777623 138
1673777623 113
1673777623 137
1673777623 161
1673777623 108
1673777623 190
1673777624 173
1673777624 195
1673777625 141
1673777626 179
1673777626 124
1673777627 130
1673777627 197
1673777627 147
1673777628 137
1673777628 107
1673777628 175
1673777629 112
1673777629 166
1673777629 172
1673777629 146
1673777629 125
1673777629 184
1673777629 132
1673777629 148
1673777629 143
1673777630 114
1673777630 104
1673777631 166
1673777631 109
1673777631 158
1673777632 178
1673777632 197
1673777632 197
1673777633 115
1673777633 157
1673777633 136
1673777635 190
1673777635 181
1673777637 137
1673777637 127
1673777639 149
1673777639 168
1673777640 139
1673777640 127
1673777640 178
1673777641 124
1673777642 162
1673777642 197
1673777643 172
1673777643 141
1673777643 119
1673777643 191
1673777644 101
1673777644 181
1673777644 144
1673777644 178
1673777645 135
1673777645 157
1673777646 186
1673777646 177
1673777646 170
1673777647 186
1673777647 152
1673777649 136
1673777652 139
1673777652 160
1673777652 128
1673777655 138
1673777655 162
1673777657 135
1673777659 167
1673777660 151
1673777661 135
1673777661 199
1673777662 164
1673777663 128
1673777663 159
1673777663 125
1673777665 198
1673777665 169
1673777668 140
1673777669 153
1673777670 152
1673777670 195
1673777672 172
1673777673 160
1673777673 138
1673777673 134
1673777673 158
1673777675 149
1673777675 195
1673777677 159
1673777677 107
1673777677 171
1673777678 125
1673777678 123
1673777678 186
1673777679 102
1673777682 112
1673777682 101
1673777683 148
1673777683 104
1673777684 199
1673777684 119
1673777687 192
1673777688 169
1673777688 119
1673777689 144
1673777690 132
1673777690 186
1673777691 172
1673777692 116
1673777693 133
1673777693 175
1673777693 119
1673777694 190
1673777694 197
1673777696 169
1673777697 148
1673777697 165
1673777697 182
1673777699 126
1673777700 198
1673777700 117
1673777700 178
1673777701 175
1673777701 137
1673777701 158
1673777701 171
1673777702 182
1673777704 172
1673777704 158
1673777706 116
1673777706 158
1673777707 178
1673777707 130
1673777707 131
1673777708 133
1673777708 198
1673777716 155
1673777716 122
1673777717 108
1673777717 127
1673777718 185
1673777719 152
1673777720 142
1673777721 181
1673777721 133
1673777721 133
1673777721 114
1673777722 127
1673777722 141
1673777722 147
1673777722 184
1673777722 166
1673777723 122
1673777723 137
1673777724 161
1673777724 187
1673777725 138
1673777726 103
1673777726 199
1673777726 181
1673777727 196
1673777727 141
1673777730 151
1673777731 151
1673777731 166
1673777731 185
1673777732 101
1673777732 117
1673777732 181
1673777733 170
1673777733 168
1673777733 117
1673777733 198
1673777733 189
1673777733 144
1673777734 126
1673777735 132
1673777735 119
1673777736 174
1673777736 156
1673777737 154
1673777737 177
1673777739 129
1673777739 192
1673777740 171
1673777741 121
1673777741 113
1673777741 120
1673777741 157
1673777742 103
1673777742 190
1673777742 130
1673777743 141
1673777744 151
1673777745 178
1673777745 192
1673777745 183
1673777745 112
1673777746 110
1673777746 138
1673777747 179
1673777747 115
1673777747 192
1673777747 178
1673777748 178
1673777748 157
1673777749 165
1673777749 181
1673777749 141
1673777750 186
1673777751 191
1673777751 108
1673777751 199
1673777751 183
1673777751 108
1673777751 142
1673777752 151
1673777752 181
1673777752 172
1673777753 126
1673777753 152
1673777753 170
1673777753 143
1673777753 190
1673777754 176
1673777754 160
1673777754 130
1673777754 119
1673777755 147
1673777755 154
1673777755 104
1673777755 153
1673777755 121
1673777755 160
1673777755 199
1673777755 135
1673777756 191
1673777756 174
1673777757 173
1673777757 117
1673777758 146
1673777758 166
1673777759 161
1673777759 156
1673777760 110
1673777760 182
1673777760 200
1673777761 132
1673777761 187
1673777761 198
1673777762 101
1673777762 101
1673777763 124
1673777763 105
1673777763 154
1673777763 185
1673777763 145
1673777763 115
1673777765 182
1673777775 117
1673777775 152
1673777776 159
1673777776 175
1673777777 183
1673777778 170
1673777781 146
1673777781 123
1673777782 182
1673777784 156
1673777785 145
1673777786 135
1673777786 195
1673777788 106
1673777795 157
1673777795 174
1673777800 168
1673777802 185
1673777802 118
1673777804 140
1673777804 197
1673777804 146
1673777805 124
1673777805 143
1673777808 116
1673777808 184
1673777810 141
1673777811 132
1673777811 155
1673777811 138
1673777811 138
1673777811 187
1673777812 168
1673777812 181
1673777813 176
1673777815 117
1673777815 175
1673777817 150
1673777818 121
1673777818 194
1673777819 142
1673777819 182
1673777820 180
1673777820 115
1673777821 127
1673777822 174
1673777833 152
1673777833 195
1673777834 120
1673777834 164
1673777834 158
1673777836 197
1673777836 150
1673777837 157
1673777837 191
1673777838 196
1673777838 127
1673777839 195
1673777840 180
1673777846 133
1673777847 191
1673777848 155
1673777848 192
1673777848 111
1673777849 177
1673777849 176
1673777851 164
1673777854 122
1673777856 171
1673777856 190
1673777859 153
1673777860 149
1673777860 104
1673777860 156
1673777860 114
1673777860 184
1673777861 146
1673777861 119
1673777867 146
1673777867 170
1673777867 179
1673777868 164
1673777869 101
1673777869 158
1673777871 162
1673777871 130
1673777873 191
1673777873 106
1673777875 142
1673777875 179
1673777876 123
1673777876 165
1673777881 106
1673777883 102
1673777885 123
1673777886 108
1673777891 162
1673777891 119
1673777903 196
1673777904 178
1673777909 109
1673777909 168
1673777910 184
1673777911 132
1673777911 183
1673777911 144
1673777913 106
1673777915 105
1673777915 138
1673777915 144
1673777916 124
1673777916 190
1673777916 198
1673777917 199
1673777920 180
1673777920 139
1673777924 130
1673777924 122
1673777925 104
1673777925 117
1673777926 162
1673777927 145
1673777927 146
1673777927 101
1673777927 137
1673777927 177
1673777928 192
1673777928 150
1673777931 188
1673777932 195
1673777933 150
1673777933 126
1673777935 115
1673777936 172
1673777936 173
1673777936 155
1673777937 188
1673777937 172
1673777937 194
1673777938 194
1673777939 157
1673777939 120
1673777940 184
1673777940 140
1673777940 146
1673777940 131
1673777940 152
1673777941 150
1673777943 180
1673777944 108
1673777944 124
1673777945 117
1673777945 134
1673777945 177
1673777946 194
1673777946 182
1673777946 156
1673777947 187
1673777948 192
1673777954 164
1673777954 114
1673777957 172
1673777959 108
1673777959 134
1673777960 125
1673777963 121
1673777963 162
1673777964 164
1673777964 196
1673777964 180
1673777967 186
1673777971 188
1673777971 103
1673777971 103
1673777971 196
1673777972 127
1673777973 133
1673777978 118
1673777978 103
1673777978 199
1673777983 194
1673777984 122
1673777984 181
1673777985 133
1673777985 132
1673777985 177
1673777985 168
1673777986 170
1673777986 195
1673777987 129
1673777987 192
1673777987 163
1673777987 137
1673777988 143
1673778001 179
1673778003 158
1673778003 188
1673778003 127
1673778004 169
1673778005 117
1673778007 128
1673778008 176
1673778010 101
1673778010 145
1673778010 134
1673778010 163
1673778010 112
1673778011 179
1673778011 101
1673778012 196
1673778012 183
1673778013 137
1673778013 182
1673778013 166
1673778016 180
1673778016 138
1673778017 138
1673778019 111
1673778026 103
1673778026 177
1673778026 150
1673778027 140
1673778027 133
1673778027 193
1673778034 124
1673778049 136
1673778049 148
1673778049 111
1673778049 136
1673778049 165
1673778056 148
1673778056 115
1673778056 140
1673778063 152
1673778064 103
1673778064 131
1673778065 105
1673778065 174
1673778067 180
1673778067 104
1673778072 133
1673778076 108
1673778076 117
1673778078 188
1673778083 141
1673778083 126
1673778083 113
1673778083 164
1673778084 135
1673778086 131
1673778087 175
1673778095 116
1673778095 143
1673778095 147
1673778100 152
1673778100 130
1673778100 123
1673778101 158
1673778107 123
1673778109 116
1673778122 190
1673778122 174
1673778123 121
1673778124 134
1673778125 102
1673778129 135
1673778130 151
1673778130 182
1673778130 165
1673778131 166
1673778138 145
1673778139 154
1673778139 191
1673778140 128
1673778143 187
1673778148 198
1673778148 141
1673778148 125
1673778154 136
1673778159 181
1673778160 107
1673778160 145
1673778160 101
1673778160 183
1673778161 149
1673778164 189
1673778164 108
1673778164 185
1673778164 178
1673778164 179
1673778165 116
1673778168 144
1673778169 182
1673778169 163
1673778171 200
1673778171 112
1673778171 156
1673778176 146
1673778180 133
1673778180 101
1673778180 155
1673778180 188
1673778182 134
1673778190 123
1673778193 169
1673778193 126
1673778194 159
1673778194 191
1673778195 188
1673778196 153
1673778196 178
1673778196 126
1673778198 108
1673778198 153
1673778199 129
1673778201 151
1673778201 103
1673778201 105
1673778201 136
1673778201 187
1673778201 195
1673778201 120
1673778204 164
1673778205 139
1673778207 175
1673778207 179
1673778207 136
1673778208 154
1673778208 155
1673778208 166
1673778208 117
1673778208 120
1673778210 117
1673778211 183
1673778211 111
1673778212 182
1673778214 110
1673778214 124
1673778214 174
1673778215 126
1673778215 197
1673778216 191
1673778216 175
1673778216 191
1673778217 151
1673778217 102
1673778217 133
1673778218 126
1673778218 179
1673778218 106
1673778219 150
1673778220 183
1673778220 173
1673778220 159
1673778221 142
1673778222 162
1673778222 189
1673778223 162
1673778224 198
1673778225 136
1673778225 105
1673778226 112
1673778226 127
1673778226 171
1673778226 178
1673778227 175
1673778228 138
1673778228 181
1673778228 169
1673778229 103
1673778229 173
1673778229 121
1673778229 104
1673778230 159
1673778230 156
1673778232 167
1673778234 159
1673778234 149
1673778234 119
1673778234 113
1673778235 154
1673778235 188
1673778236 148
1673778236 101
1673778237 180
1673778237 120
1673778237 186
1673778238 156
1673778238 125
1673778238 116
1673778239 106
1673778239 155
1673778239 157
1673778239 200
1673778239 133
1673778240 113
1673778240 163
1673778240 140
1673778240 186
1673778241 151
1673778241 165
1673778242 152
1673778243 188
1673778243 169
1673778244 179
1673778244 173
1673778244 194
1673778244 163
1673778245 110
1673778245 116
1673778245 180
1673778246 147
1673778246 163
1673778247 162
1673778247 138
1673778247 108
1673778248 130
1673778248 167
1673778248 104
1673778248 163
1673778249 130
1673778249 115
1673778249 108
1673778249 114
1673778249 127
1673778250 167
1673778251 156
1673778251 179
1673778251 119
1673778251 113
1673778251 156
1673778251 150
1673778251 125
1673778252 127
1673778252 174
1673778253 192
1673778254 108
1673778254 138
1673778254 111
1673778254 159
1673778255 114
1673778256 109
1673778256 170
1673778256 171
1673778256 194
1673778256 150
1673778256 174
1673778257 199
1673778257 125
1673778257 167
1673778257 101
1673778257 190
1673778258 197
1673778258 164
1673778258 170
1673778258 115
1673778259 123
1673778259 158
1673778260 171
1673778260 137
1673778260 155
1673778262 115
1673778262 117
1673778262 111
1673778262 200
1673778264 188
1673778264 127
1673778264 114
1673778264 106
1673778264 101
1673778264 156
1673778264 109
1673778265 170
1673778265 191
1673778266 115
1673778266 200
1673778266 174
1673778267 171
1673778267 111
1673778268 179
1673778269 142
1673778270 121
1673778270 194
1673778270 123
1673778270 178
1673778271 122
1673778271 151
1673778272 176
1673778272 171
1673778273 152
1673778273 153
1673778273 158
1673778274 138
1673778275 145
1673778275 138
1673778275 164
1673778275 143
1673778275 156
1673778276 169
1673778277 105
1673778277 196
1673778277 192
1673778277 197
1673778278 103
1673778278 142
1673778278 138
1673778278 140
1673778279 189
1673778279 148
1673778279 179
1673778279 159
1673778279 155
1673778280 165
1673778280 170
1673778281 154
1673778281 195
1673778281 188
1673778281 147
1673778282 199
1673778282 121
1673778282 126
1673778283 151
1673778284 112
1673778284 121
1673778284 154
1673778284 176
1673778285 131
1673778285 146
1673778285 161
1673778285 114
1673778286 106
1673778286 135
1673778287 150
1673778287 110
1673778288 168
1673778288 188
1673778289 132
1673778289 165
1673778289 190
1673778290 193
1673778290 200
1673778290 142
1673778292 193
1673778292 142
1673778292 192
1673778293 149
1673778294 126
1673778295 143
1673778295 166
1673778296 173
1673778297 161
1673778297 192
1673778297 173
1673778298 176
1673778298 148
1673778298 188
1673778298 176
1673778299 141
1673778299 171
1673778299 190
1673778300 189
1673778301 175
1673778301 146
1673778301 115
1673778302 114
1673778302 107
1673778302 186
1673778302 118
1673778303 135
1673778303 140
1673778303 132
1673778304 102
1673778305 176
1673778305 197
1673778305 133
1673778305 154
1673778306 111
1673778307 197
1673778307 194
1673778307 113
1673778308 189
1673778308 117
1673778308 131
1673778309 179
1673778309 182
1673778309 109
1673778309 116
1673778310 121
1673778310 160
1673778310 194
1673778310 165
1673778310 161
1673778311 132
1673778311 185
1673778311 110
1673778312 155
1673778312 170
1673778313 178
1673778314 152
1673778314 144
1673778315 158
1673778315 145
1673778316 130
1673778316 200
1673778316 109
1673778317 119
1673778317 120
1673778317 109
1673778318 107
1673778318 126
1673778319 173
1673778319 142
1673778319 118
1673778319 183
1673778320 114
1673778320 155
1673778320 133
1673778322 191
1673778322 189
1673778322 153
1673778322 108
1673778322 123
1673778323 114
1673778323 108
1673778324 172
1673778324 102
1673778324 156
1673778325 129
1673778325 168
1673778326 161
1673778326 200
1673778327 130
1673778327 187
1673778328 146
1673778328 151
1673778328 169
1673778328 195
1673778328 129
1673778328 121
1673778328 116
1673778330 176
1673778330 141
1673778330 108
1673778330 126
1673778330 102
1673778331 135
1673778331 136
1673778331 178
1673778331 184
1673778332 173
1673778333 150
1673778334 180
1673778335 175
1673778335 151
1673778335 126
1673778335 103
1673778335 189
1673778336 123
1673778337 183
1673778337 119
1673778338 197
1673778339 137
1673778339 170
1673778339 142
1673778339 131
1673778340 142
1673778341 156
1673778341 195
1673778342 160
1673778342 146
1673778343 198
1673778344 174
1673778344 111
1673778344 197
1673778344 178
1673778345 150
1673778345 156
1673778345 112
1673778345 105
1673778345 200
1673778346 198
1673778346 128
1673778347 126
1673778347 196
1673778347 140
1673778347 199
1673778347 121
1673778347 190
1673778348 127
1673778348 143
1673778348 177
1673778348 116
1673778349 149
1673778349 187
1673778350 135
1673778350 143
1673778350 183
1673778350 119
1673778350 161
1673778351 131
1673778351 144
1673778352 113
1673778352 145
1673778352 198
1673778352 152
1673778352 105
1673778352 170
1673778353 133
1673778354 180
1673778354 160
1673778354 138
1673778354 135
1673778355 195
1673778355 195
1673778355 115
1673778355 114
1673778355 122
1673778355 195
1673778355 170
1673778356 167
1673778356 144
1673778357 115
1673778357 164
1673778357 173
1673778358 158
1673778358 123
1673778358 107
1673778358 175
1673778358 159
1673778358 143
1673778359 134
1673778359 114
1673778359 199
1673778359 107
1673778360 166
1673778360 183
1673778362 111
1673778362 148
1673778362 183
1673778362 138
1673778363 131
1673778363 171
1673778363 161
1673778364 128
1673778364 105
1673778364 165
1673778364 195
1673778365 172
1673778365 187
1673778365 132
1673778365 118
1673778365 108
1673778366 103
1673778366 140
1673778366 159
1673778367 187
1673778367 127
1673778367 120
1673778367 135
1673778367 149
1673778367 133
1673778368 132
1673778368 103
1673778369 154
1673778369 200
1673778370 126
1673778371 197
1673778371 155
1673778372 145
1673778372 132
1673778373 178
1673778373 141
1673778373 123
1673778373 101
1673778374 177
1673778374 158
1673778375 154
1673778375 171
1673778375 188
1673778376 148
1673778376 109
1673778376 181
1673778377 158
1673778377 180
1673778377 150
1673778378 122
1673778378 167
1673778378 177
1673778378 120
1673778378 170
1673778378 176
1673778379 131
1673778379 150
1673778379 144
1673778379 127
1673778379 198
1673778379 119
1673778380 162
1673778380 104
1673778380 122
1673778382 157
1673778382 198
1673778383 138
1673778383 117
1673778383 155
1673778384 122
1673778384 104
1673778385 148
1673778385 173
1673778385 180
1673778385 163
1673778386 109
1673778386 143
1673778386 163
1673778386 108
1673778387 137
1673778388 150
1673778389 182
1673778389 141
1673778389 118
1673778389 197
1673778389 148
1673778390 141
1673778390 136
1673778391 165
1673778392 171
1673778392 187
1673778393 102
1673778393 173
1673778394 156
1673778394 175
1673778394 137
1673778394 137
1673778395 118
1673778395 154
1673778396 118
1673778396 175
1673778396 115
1673778396 193
1673778397 180
1673778397 180
1673778397 174
1673778398 134
1673778398 130
1673778398 171
1673778398 109
1673778399 119
1673778399 188
1673778400 103
1673778400 146
1673778400 114
1673778401 159
1673778401 197
1673778401 188
1673778401 138
1673778402 105
1673778402 159
1673778402 129
1673778403 142
1673778403 152
1673778403 147
1673778403 183
1673778404 103
1673778404 188
1673778405 166
1673778406 124
1673778407 166
1673778407 111
1673778407 160
1673778407 124
1673778407 136
1673778408 105
1673778408 142
1673778408 103
1673778408 134
1673778409 159
1673778409 119
1673778409 196
1673778410 128
1673778410 142
1673778411 131
1673778411 114
1673778412 149
1673778413 123
1673778413 195
1673778413 167
1673778413 170
1673778413 170
1673778413 189
1673778414 182
1673778414 181
1673778414 189
1673778415 155
1673778415 144
1673778416 128
1673778416 192
1673778416 180
1673778416 191
1673778416 167
1673778417 158
1673778417 152
1673778418 121
1673778418 102
1673778418 185
1673778418 177
1673778419 147
1673778419 153
1673778420 120
1673778420 132
1673778421 160
1673778422 136
1673778422 183
1673778422 150
1673778422 143
1673778422 139
1673778423 125
1673778423 187
1673778423 129
1673778424 120
1673778424 154
1673778424 101
1673778424 151
1673778425 153
1673778425 122
1673778426 190
1673778426 191
1673778427 168
1673778427 194
1673778427 158
1673778427 157
1673778427 122
1673778427 190
1673778428 156
1673778429 111
1673778429 106
1673778429 172
1673778431 160
1673778431 163
1673778432 124
1673778432 134
1673778433 157
1673778433 199
1673778434 163
1673778436 194
1673778436 135
1673778436 112
1673778436 104
1673778437 133
1673778438 126
1673778438 165
1673778438 128
1673778438 124
1673778439 130
1673778439 127
1673778439 111
1673778439 183
1673778439 182
1673778439 125
1673778440 159
1673778440 155
1673778440 101
1673778440 163
1673778440 160
1673778441 183
1673778441 136
1673778442 159
1673778442 113
1673778442 138
1673778442 128
1673778443 123
1673778443 109
1673778444 164
1673778444 168
1673778444 156
1673778445 143
1673778445 169
1673778445 175
1673778446 114
1673778446 165
1673778446 120
1673778447 165
1673778447 108
1673778448 173
1673778449 137
1673778449 198
1673778449 170
1673778449 146
1673778450 107
1673778450 200
1673778451 186
1673778451 182
1673778451 184
1673778451 145
1673778451 143
1673778452 149
1673778452 118
1673778452 166
1673778453 143
1673778454 162
1673778454 155
1673778454 136
1673778455 112
1673778455 162
1673778455 167
1673778455 200
1673778456 134
1673778456 150
1673778458 180
1673778458 197
1673778458 154
1673778458 180
1673778459 174
1673778459 138
1673778459 110
1673778459 167
1673778460 125
1673778460 173
1673778460 104
1673778460 159
1673778460 175
1673778461 107
1673778461 150
1673778462 175
1673778462 137
1673778462 190
1673778462 139
1673778463 195
1673778463 160
1673778463 180
1673778463 122
1673778463 197
1673778464 195
1673778464 141
1673778466 166
1673778466 116
1673778467 127
1673778467 151
1673778467 111
1673778467 178
1673778468 191
1673778468 104
1673778468 173
1673778468 161
1673778469 107
1673778469 135
1673778469 156
1673778470 152
1673778470 193
1673778471 172
1673778471 183
1673778472 167
1673778473 153
1673778473 157
1673778473 181
1673778474 166
1673778474 151
1673778474 176
1673778475 165
1673778475 106
1673778476 157
1673778476 200
1673778476 126
1673778476 147
1673778476 101
1673778478 186
1673778478 200
1673778478 150
1673778480 125
1673778481 141
1673778481 102
1673778481 153
1673778482 186
1673778483 134
1673778484 151
1673778484 134
1673778484 180
1673778485 109
1673778485 128
1673778486 195
1673778486 117
1673778486 187
1673778487 164
1673778487 192
1673778487 153
1673778488 187
1673778488 137
1673778488 129
1673778489 119
1673778489 155
1673778489 180
1673778490 142
1673778490 163
1673778490 161
1673778490 174
1673778490 118
1673778491 189
1673778492 148
1673778492 152
1673778493 130
1673778493 191
1673778493 130
1673778493 113
1673778494 131
1673778495 156
1673778495 189
1673778496 157
1673778496 118
1673778496 172
1673778496 187
1673778496 200
1673778496 104
1673778496 200
1673778497 192
1673778497 180
1673778497 179
1673778497 179
1673778497 175
1673778498 191
1673778498 114
1673778498 170
1673778498 123
1673778498 114
1673778499 143
1673778499 144
1673778499 196
1673778499 145
1673778500 196
1673778500 190
1673778501 109
1673778501 166
1673778501 139
1673778501 160
1673778502 158
1673778502 170
1673778503 198
1673778503 199
1673778503 123
1673778504 161
1673778504 142
1673778504 179
1673778505 129
1673778505 193
1673778505 178
1673778505 199
1673778506 116
1673778506 194
1673778506 180
1673778507 151
1673778507 104
1673778507 168
1673778507 170
1673778507 116
1673778508 119
1673778509 170
1673778509 151
1673778511 131
1673778511 187
1673778511 106
1673778512 155
1673778512 125
1673778513 173
1673778515 190
1673778516 115
1673778516 113
1673778516 117
1673778517 195
1673778518 183
1673778518 132
1673778518 167
1673778519 144
1673778519 194
1673778519 106
1673778519 171
1673778520 193
1673778521 187
1673778521 172
1673778521 137
1673778522 164
1673778522 167
1673778522 152
1673778522 161
1673778523 199
1673778523 112
1673778523 135
1673778523 198
1673778524 154
1673778524 197
1673778524 113
1673778525 170
1673778525 175
1673778525 152
1673778525 192
1673778526 105
1673778526 147
1673778526 181
1673778526 162
1673778527 120
1673778527 136
1673778528 125
1673778528 127
1673778528 181
1673778529 197
1673778529 192
1673778529 118
1673778530 134
1673778531 193
1673778532 135
1673778532 155
1673778533 168
1673778533 141
1673778533 200
1673778533 186
1673778533 176
1673778533 134
1673778534 185
1673778535 177
1673778535 171
1673778536 167
1673778536 126
1673778536 154
1673778537 159
1673778537 130
1673778537 168
1673778537 154
1673778537 135
1673778538 166
1673778538 190
1673778538 168
1673778539 180
1673778539 104
1673778539 136
1673778539 147
1673778540 192
1673778540 128
1673778540 137
1673778540 189
1673778541 106
1673778541 179
1673778541 191
1673778541 175
1673778541 135
1673778542 139
1673778542 120
1673778542 147
1673778543 175
1673778543 187
1673778543 154
1673778544 140
1673778544 188
1673778545 122
1673778545 156
1673778545 150
1673778546 153
1673778546 170
1673778546 168
1673778547 176
1673778547 120
1673778547 193
1673778547 151
1673778548 115
1673778549 147
1673778549 186
1673778549 178
1673778550 120
1673778551 182
1673778551 120
1673778551 188
1673778551 157
1673778551 155
1673778552 113
1673778552 120
1673778552 111
1673778552 184
1673778553 195
1673778553 113
1673778554 144
1673778555 128
1673778555 149
1673778555 151
1673778556 190
1673778556 126
1673778556 156
1673778556 171
1673778557 112
1673778557 152
1673778557 152
1673778557 191
1673778557 150
1673778557 148
1673778557 137
1673778558 169
1673778558 199
1673778558 123
1673778558 183
1673778558 186
1673778558 136
1673778559 128
1673778559 182
1673778559 130
1673778559 106
1673778559 135
1673778559 160
1673778559 180
1673778560 182
1673778560 193
1673778561 158
1673778561 196
1673778562 183
1673778562 152
1673778562 176
1673778563 117
1673778563 174
1673778563 106
1673778563 106
1673778564 147
1673778564 110
1673778564 103
1673778565 122
1673778565 125
1673778565 139
1673778565 168
1673778565 200
1673778566 200
1673778566 128
1673778566 141
1673778566 154
1673778567 171
1673778568 116
1673778568 180
1673778568 155
1673778569 154
1673778569 174
1673778569 185
1673778570 139
1673778570 101
1673778570 199
1673778570 195
1673778570 122
1673778571 129
1673778571 168
1673778571 121
1673778572 107
1673778573 166
1673778573 167
1673778573 134
1673778573 131
1673778573 122
1673778574 152
1673778574 163
1673778574 185
1673778574 134
1673778575 200
1673778575 117
1673778576 141
1673778576 120
1673778576 138
1673778577 143
1673778577 157
1673778577 112
1673778578 169
1673778578 145
1673778579 179
1673778580 168
1673778581 168
1673778581 140
1673778581 110
1673778581 119
1673778581 116
1673778581 190
1673778582 185
1673778582 126
1673778582 188
1673778582 108
1673778582 141
1673778582 115
1673778583 198
1673778583 174
1673778583 195
1673778583 197
1673778583 160
1673778584 167
1673778584 168
1673778584 105
1673778585 101
1673778586 184
1673778586 125
1673778588 152
1673778588 120
1673778588 199
1673778588 102
1673778588 200
1673778589 127
1673778589 119
1673778590 151
1673778591 140
1673778592 173
1673778592 198
1673778592 154
1673778593 186
1673778593 133
1673778593 159
1673778594 199
1673778594 140
1673778594 147
1673778595 154
1673778595 148
1673778596 156
1673778596 189
1673778597 163
1673778597 193
1673778597 152
1673778597 108
1673778598 102
1673778598 170
1673778598 155
1673778599 145
1673778599 149
1673778600 120
1673778600 178
1673778600 132
1673778600 104
1673778600 132
1673778601 158
1673778601 196
1673778601 117
1673778601 109
1673778601 170
1673778601 177
1673778601 105
1673778602 193
1673778602 179
1673778602 179
1673778602 193
1673778603 132
1673778603 190
1673778603 105
1673778604 167
1673778604 138
1673778605 121
1673778606 169
1673778606 117
1673778606 156
1673778606 174
1673778606 127
1673778607 177
1673778607 147
1673778607 171
1673778608 133
1673778608 128
1673778609 170
1673778609 196
1673778609 199
1673778609 190
1673778609 181
1673778609 114
1673778609 140
1673778609 105
1673778609 193
1673778610 146
1673778610 144
1673778610 129
1673778610 158
1673778611 155
1673778611 108
1673778612 167
1673778613 146
1673778613 137
1673778614 174
1673778614 163
1673778614 159
1673778614 142
1673778614 115
1673778615 152
1673778615 195
1673778615 117
1673778617 107
1673778617 169
1673778618 182
1673778618 177
1673778618 179
1673778618 115
1673778619 150
1673778619 110
1673778619 164
1673778620 171
1673778621 112
1673778621 143
1673778621 174
1673778621 136
1673778621 177
1673778621 152
1673778622 158
1673778623 142
1673778623 192
1673778623 112
1673778623 167
1673778623 179
1673778624 155
1673778624 128
1673778624 149
1673778625 152
1673778625 166
1673778625 109
1673778626 118
1673778626 117
1673778626 102
1673778626 105
1673778626 171
1673778626 122
1673778626 133
1673778627 158
1673778627 140
1673778628 190
1673778628 173
1673778628 162
1673778628 176
1673778629 153
1673778629 191
1673778629 123
1673778630 166
1673778630 118
1673778630 195
1673778630 181
1673778630 128
1673778631 118
1673778631 104
1673778631 106
1673778632 154
1673778632 185
1673778632 123
1673778633 119
1673778634 165
1673778634 101
1673778634 165
1673778634 103
1673778634 199
1673778635 102
1673778635 136
1673778636 104
1673778636 125
1673778636 177
1673778636 128
1673778637 124
1673778637 153
1673778637 154
1673778638 175
1673778640 159
1673778640 167
1673778641 189
1673778642 193
1673778642 153
1673778642 109
1673778643 121
1673778644 144
1673778644 139
1673778645 146
1673778645 147
1673778646 127
1673778646 157
1673778646 131
1673778646 140
1673778647 151
1673778647 151
1673778647 126
1673778647 167
1673778648 189
1673778650 168
1673778650 191
1673778651 158
1673778651 140
1673778651 146
1673778651 122
1673778652 137
1673778652 103
1673778652 152
1673778652 129
1673778652 136
1673778653 164
1673778654 146
1673778654 117
1673778655 102
1673778655 109
1673778655 123
1673778655 138
1673778656 144
1673778656 105
1673778656 114
1673778656 166
1673778656 199
1673778657 135
1673778657 200
1673778657 107
1673778657 192
1673778658 191
1673778658 134
1673778658 164
1673778658 103
1673778658 150
1673778658 110
1673778658 174
1673778659 192
1673778659 113
1673778659 114
1673778660 144
1673778660 154
1673778660 164
1673778661 183
1673778661 138
1673778662 193
1673778662 126
1673778663 131
1673778663 137
1673778663 103
1673778664 146
1673778664 169
1673778666 103
1673778666 132
1673778666 199
1673778666 187
1673778666 108
1673778666 164
1673778667 115
1673778668 118
1673778668 132
1673778669 170
1673778669 134
1673778669 185
1673778670 153
1673778671 184
1673778671 153
1673778671 161
1673778671 190
1673778671 109
1673778672 160
1673778672 173
1673778672 146
1673778673 160
1673778673 196
1673778673 169
1673778674 171
1673778674 192
1673778674 194
1673778674 179
1673778674 109
1673778675 145
1673778675 185
1673778675 108
1673778675 135
1673778675 154
1673778676 179
1673778676 129
1673778677 101
1673778678 172
1673778678 109
1673778678 188
1673778678 102
1673778678 110
1673778679 195
1673778679 106
1673778679 159
1673778680 116
1673778680 196
1673778680 148
1673778681 179
1673778681 109
1673778684 197
1673778684 173
1673778684 189
1673778684 179
1673778685 149
1673778685 114
1673778685 198
1673778685 155
1673778685 119
1673778685 106
1673778685 154
1673778686 104
1673778686 115
1673778686 191
1673778687 193
1673778687 177
1673778688 155
1673778689 104
1673778689 176
1673778690 122
1673778690 148
1673778691 120
1673778691 115
1673778691 156
1673778692 168
1673778692 105
1673778692 135
1673778692 194
1673778693 157
1673778693 103
1673778693 199
1673778693 104
1673778694 115
1673778694 133
1673778694 135
1673778695 125
1673778696 123
1673778696 101
1673778697 116
1673778697 110
1673778697 148
1673778698 145
1673778698 108
1673778699 197
1673778699 145
1673778699 121
1673778700 107
1673778700 112
1673778700 192
1673778702 105
1673778702 153
1673778702 156
1673778704 181
1673778705 131
1673778706 106
1673778706 194
1673778707 123
1673778707 106
1673778707 162
1673778708 136
1673778708 165
1673778708 113
1673778709 124
1673778709 185
1673778709 180
1673778709 179
1673778709 101
1673778709 154
1673778710 171
1673778710 113
1673778710 105
1673778711 130
1673778711 197
1673778711 189
1673778712 125
1673778712 185
1673778712 194
1673778712 108
1673778713 145
1673778713 114
1673778713 172
1673778715 112
1673778715 180
1673778716 125
1673778716 154
1673778716 167
1673778716 184
1673778716 102
1673778717 149
1673778718 164
1673778718 137
1673778718 178
1673778718 161
1673778718 169
1673778719 149
1673778719 141
1673778719 163
1673778719 165
1673778720 173
1673778721 184
1673778721 179
1673778723 195
1673778723 166
1673778724 107
1673778725 170
1673778725 195
1673778725 200
1673778725 196
1673778726 179
1673778726 184
1673778726 140
1673778727 198
1673778727 142
1673778727 185
1673778727 164
1673778728 191
1673778728 193
1673778729 200
1673778729 177
1673778729 116
1673778729 135
1673778730 192
1673778730 115
1673778731 192
1673778731 157
1673778731 176
1673778732 176
1673778732 122
1673778732 160
1673778732 113
1673778733 162
1673778733 176
1673778733 155
1673778733 197
1673778734 164
1673778734 134
1673778735 118
1673778735 183
1673778736 150
1673778736 101
1673778736 113
1673778736 112
1673778736 113
1673778737 176
1673778739 150
1673778739 196
1673778739 164
1673778739 188
1673778740 151
1673778740 188
1673778741 152
1673778741 104
1673778742 198
1673778742 180
1673778742 124
1673778743 154
1673778743 121
1673778743 183
1673778743 105
1673778743 128
1673778743 148
1673778744 150
1673778744 160
1673778744 158
1673778745 183
1673778746 103
1673778746 154
1673778747 159
1673778747 140
1673778748 159
1673778748 133
1673778748 157
1673778748 186
1673778748 183
1673778749 141
1673778750 161
1673778750 175
1673778751 192
1673778752 191
1673778752 162
1673778752 192
1673778752 185
1673778754 106
1673778754 120
1673778754 164
1673778754 106
1673778755 174
1673778755 102
1673778755 142
1673778755 179
1673778756 150
1673778757 193
1673778757 139
1673778758 116
1673778759 152
1673778759 142
1673778760 151
1673778760 191
1673778760 194
1673778760 155
1673778760 193
1673778764 135
1673778764 144
1673778766 197
1673778767 172
1673778767 182
1673778768 123
1673778768 168
1673778769 132
1673778769 166
1673778770 194
1673778770 176
1673778770 174
1673778770 155
1673778771 162
1673778771 110
1673778772 169
1673778772 196
1673778772 190
1673778773 111
1673778773 111
1673778773 123
1673778773 151
1673778774 192
1673778774 171
1673778774 191
1673778774 161
1673778775 140
1673778775 200
1673778776 182
1673778776 139
1673778776 192
1673778776 143
1673778776 168
1673778776 159
1673778777 160
1673778777 102
1673778777 136
1673778778 165
1673778778 111
1673778778 196
1673778778 126
1673778778 153
1673778779 151
1673778779 195
1673778779 128
1673778779 117
1673778780 183
1673778780 124
1673778781 174
1673778781 129
1673778781 154
1673778782 142
1673778782 117
1673778783 121
1673778783 158
1673778784 195
1673778784 157
1673778784 195
1673778785 163
1673778786 107
1673778786 168
1673778786 101
1673778787 118
1673778787 170
1673778787 156
1673778787 115
1673778787 176
1673778788 180
1673778789 161
1673778791 154
1673778791 187
1673778791 200
1673778791 150
1673778791 106
1673778791 145
1673778792 101
1673778792 125
1673778792 155
1673778794 135
1673778794 114
1673778794 156
1673778794 138
1673778795 150
1673778795 150
1673778795 180
1673778796 131
1673778796 160
1673778797 181
1673778797 105
1673778797 135
1673778798 175
1673778798 159
1673778798 140
1673778798 161
1673778798 136
1673778799 147
1673778799 130
1673778800 188
1673778800 156
1673778801 128
1673778801 157
1673778801 109
1673778801 191
1673778801 168
1673778801 144
1673778801 173
1673778801 173
1673778802 153
1673778802 157
1673778802 126
1673778802 161
1673778803 142
1673778803 179
1673778803 125
1673778803 185
1673778804 121
1673778805 119
1673778805 182
1673778806 105
1673778806 118
1673778806 139
1673778807 198
1673778807 158
1673778807 178
1673778807 114
1673778808 176
1673778808 153
1673778808 180
1673778809 104
1673778809 111
1673778809 132
1673778809 125
1673778809 122
1673778810 122
1673778810 163
1673778810 105
1673778811 132
1673778811 156
1673778813 161
1673778813 106
1673778813 144
1673778813 150
1673778813 166
1673778813 116
1673778813 138
1673778814 111
1673778814 146
1673778814 138
1673778815 191
1673778815 161
1673778815 158
1673778816 157
1673778816 164
1673778816 114
1673778817 173
1673778817 135
1673778817 171
1673778817 187
1673778817 196
1673778818 200
1673778818 125
1673778818 184
1673778818 120
1673778819 177
1673778819 198
1673778819 138
1673778819 178
1673778819 115
1673778819 181
1673778820 122
1673778821 154
1673778821 188
1673778821 141
1673778821 169
1673778822 128
1673778822 109
1673778823 161
1673778823 188
1673778823 196
1673778823 146
1673778824 115
1673778824 149
1673778824 138
1673778825 142
1673778825 172
1673778825 136
1673778825 115
1673778826 147
1673778826 176
1673778827 164
1673778828 170
1673778828 182
1673778828 185
1673778828 109
1673778828 132
1673778828 151
1673778828 189
1673778828 109
1673778828 196
1673778828 123
1673778829 177
1673778829 128
1673778829 153
1673778829 169
1673778830 116
1673778830 184
1673778830 126
1673778831 184
1673778831 184
1673778832 164
1673778833 194
1673778834 114
1673778834 175
1673778834 185
1673778835 199
1673778835 169
1673778835 191
1673778837 101
1673778837 116
1673778837 179
1673778838 125
1673778838 167
1673778839 147
1673778839 132
1673778839 194
1673778840 102
1673778840 153
1673778840 191
1673778841 168
1673778841 140
1673778841 117
1673778841 178
1673778842 178
1673778842 107
1673778842 169
1673778842 109
1673778843 186
1673778843 154
1673778844 172
1673778844 108
1673778844 123
1673778844 139
1673778844 107
1673778844 102
1673778845 168
1673778845 184
1673778846 102
1673778846 135
1673778846 102
1673778846 107
1673778846 187
1673778846 119
1673778846 192
1673778847 148
1673778847 199
1673778847 104
1673778847 134
1673778848 129
1673778848 167
1673778848 164
1673778849 118
1673778849 194
1673778850 190
1673778850 135
1673778851 111
1673778852 118
1673778852 172
1673778852 155
1673778852 159
1673778853 123
1673778853 131
1673778853 167
1673778854 159
1673778854 106
1673778854 167
1673778854 112
1673778855 200
1673778855 110
1673778855 111
1673778856 193
1673778856 115
1673778856 112
1673778856 190
1673778856 111
1673778857 195
1673778858 176
1673778858 129
1673778858 139
1673778859 173
1673778859 114
1673778859 165
1673778859 146
1673778859 199
1673778860 147
1673778860 127
1673778860 101
1673778861 182
1673778861 160
1673778862 195
1673778862 157
1673778862 105
1673778862 168
1673778863 198
1673778863 166
1673778863 116
1673778864 151
1673778864 144
1673778864 107
1673778865 107
1673778866 150
1673778867 196
1673778867 129
1673778867 145
1673778868 150
1673778868 101
1673778869 110
1673778869 175
1673778869 186
1673778870 127
1673778871 143
1673778871 190
1673778871 183
1673778871 131
1673778871 159
1673778872 105
1673778872 179
1673778872 190
1673778872 115
1673778873 131
1673778873 160
1673778873 118
1673778873 158
1673778873 132
1673778873 182
1673778874 152
1673778874 140
1673778876 177
1673778877 121
1673778877 147
1673778878 137
1673778878 140
1673778878 150
1673778879 131
1673778880 165
1673778880 198
1673778880 175
1673778880 166
1673778881 158
1673778882 176
1673778883 183
1673778884 141
1673778884 153
1673778884 166
1673778884 182
1673778884 141
1673778885 128
1673778886 160
1673778887 105
1673778887 121
1673778888 139
1673778888 151
1673778888 118
1673778888 125
1673778889 127
1673778889 120
1673778889 142
1673778890 184
1673778890 126
1673778891 170
1673778891 160
1673778891 154
1673778892 159
1673778892 151
1673778892 145
1673778893 112
1673778893 140
1673778894 130
1673778894 138
1673778894 151
1673778894 127
1673778895 123
1673778895 109
1673778895 111
1673778896 106
1673778896 135
1673778896 186
1673778896 104
1673778896 126
1673778897 153
1673778897 196
1673778899 183
1673778899 118
1673778899 126
1673778899 127
1673778900 168
1673778900 146
1673778900 107
1673778901 140
1673778901 144
1673778901 141
1673778901 199
1673778902 162
1673778903 161
1673778903 103
1673778903 139
1673778903 144
1673778904 176
1673778904 132
1673778904 158
1673778904 177
1673778904 107
1673778904 141
1673778905 173
1673778905 110
1673778905 167
1673778905 121
1673778905 199
1673778906 143
1673778907 106
1673778907 112
1673778907 174
1673778907 151
1673778907 121
1673778907 164
1673778908 147
1673778909 133
1673778910 184
1673778910 196
1673778910 124
1673778910 163
1673778911 158
1673778912 134
1673778912 153
1673778914 139
1673778914 166
1673778914 193
1673778915 138
1673778915 158
1673778915 185
1673778915 117
1673778915 102
1673778916 127
1673778916 117
1673778916 139
1673778916 139
1673778916 113
1673778917 127
1673778917 154
1673778917 125
1673778917 182
1673778917 178
1673778917 147
1673778917 180
1673778918 172
1673778918 135
1673778918 163
1673778919 121
1673778919 200
1673778919 187
1673778919 182
1673778920 152
1673778920 200
1673778920 187
1673778921 156
1673778922 140
1673778923 156
1673778923 193
1673778923 168
1673778924 126
1673778924 200
1673778924 141
1673778924 117
1673778925 158
1673778925 114
1673778925 167
1673778925 180
1673778926 149
1673778926 116
1673778927 173
1673778927 137
1673778927 113
1673778927 129
1673778928 153
1673778929 180
1673778929 191
1673778929 111
1673778930 165
1673778930 167
1673778930 199
1673778930 158
1673778931 171
1673778932 118
1673778932 188
1673778932 198
1673778934 187
1673778934 123
1673778937 142
1673778937 107
1673778938 142
1673778938 156
1673778939 105
1673778939 122
1673778940 142
1673778941 162
1673778941 187
1673778941 108
1673778942 114
1673778942 160
1673778942 123
1673778942 140
1673778943 142
1673778944 109
1673778944 112
1673778945 189
1673778945 178
1673778945 155
1673778945 166
1673778945 119
1673778945 121
1673778945 119
1673778945 130
1673778945 195
1673778946 119
1673778946 167
1673778946 178
1673778946 158
1673778947 161
1673778947 105
1673778947 153
1673778948 197
1673778948 170
1673778948 172
1673778948 181
1673778949 123
1673778949 118
1673778950 157
1673778950 122
1673778950 182
1673778951 116
1673778952 115
1673778952 200
1673778953 160
1673778953 134
1673778955 172
1673778956 175
1673778956 142
1673778957 155
1673778957 174
1673778957 164
1673778957 170
1673778958 157
1673778958 120
1673778958 101
1673778959 176
1673778960 187
1673778961 108
1673778961 151
1673778963 109
1673778963 179
1673778963 136
1673778963 158
1673778963 138
1673778963 146
1673778964 113
1673778964 183
1673778964 176
1673778964 107
1673778964 138
1673778965 161
1673778967 197
1673778967 112
1673778967 116
1673778968 105
1673778968 116
1673778969 184
1673778969 115
1673778969 166
1673778970 101
1673778970 145
1673778971 132
1673778971 131
1673778973 138
1673778974 148
1673778974 106
1673778975 141
1673778975 171
1673778975 177
1673778976 181
1673778976 158
1673778976 195
1673778976 155
1673778976 154
1673778976 134
1673778976 154
1673778977 123
1673778978 151
1673778978 180
1673778978 163
1673778979 180
1673778979 125
1673778980 180
1673778980 196
1673778980 138
1673778980 148
1673778980 162
1673778981 108
1673778981 167
1673778981 113
1673778981 177
1673778981 193
1673778981 190
1673778981 154
1673778981 117
1673778982 105
1673778982 119
1673778982 113
1673778983 170
1673778983 188
1673778983 150
1673778984 118
1673778984 130
1673778985 172
1673778985 147
1673778985 143
1673778986 152
1673778986 166
1673778986 105
1673778987 158
1673778987 109
1673778988 130
1673778988 118
1673778988 165
1673778989 165
1673778989 118
1673778989 110
1673778990 194
1673778990 195
1673778991 162
1673778991 158
1673778991 173
1673778991 134
1673778992 183
1673778992 118
1673778992 129
1673778992 186
1673778993 114
1673778993 199
1673778993 170
1673778994 129
1673778995 148
1673778995 134
1673778995 200
1673778997 190
1673778997 193
1673778999 175
1673778999 168
1673778999 103
1673779000 153
1673779000 112
1673779001 139
1673779002 131
1673779002 197
1673779002 162
1673779003 198
1673779003 130
1673779003 111
1673779003 157
1673779003 195
1673779003 104
1673779004 148
1673779004 146
1673779004 105
1673779005 195
1673779005 104
1673779005 144
1673779006 129
1673779006 109
1673779007 186
1673779007 124
1673779008 164
1673779008 200
1673779009 119
1673779009 123
1673779010 131
1673779010 176
1673779010 200
1673779010 128
1673779010 116
1673779010 166
1673779011 105
1673779011 168
1673779012 132
1673779012 199
1673779013 173
1673779013 126
1673779013 123
1673779013 112
1673779013 143
1673779013 102
1673779014 183
1673779015 169
1673779015 173
1673779015 138
1673779016 185
1673779016 171
1673779016 133
1673779017 182
1673779017 189
1673779017 177
1673779018 157
1673779018 149
1673779019 200
1673779019 122
1673779019 135
1673779020 162
1673779020 168
1673779021 138
1673779021 107
1673779023 179
1673779023 136
1673779023 159
1673779023 132
1673779023 191
1673779023 187
1673779025 168
1673779025 193
1673779025 186
1673779025 172
1673779026 155
1673779027 168
1673779027 147
1673779027 105
1673779028 200
1673779028 159
1673779029 142
1673779030 108
1673779030 162
1673779030 180
1673779031 181
1673779031 121
1673779031 183
1673779032 155
1673779032 161
1673779033 162
1673779033 109
1673779034 105
1673779034 110
1673779035 155
1673779035 149
1673779036 129
1673779036 175
1673779036 120
1673779037 175
1673779037 167
1673779037 176
1673779037 177
1673779037 153
1673779038 134
1673779039 124
1673779039 183
1673779039 109
1673779040 183
1673779040 126
1673779041 193
1673779041 119
1673779041 121
1673779042 160
1673779042 142
1673779042 193
1673779042 146
1673779043 111
1673779043 189
1673779043 149
1673779044 191
1673779044 161
1673779045 170
1673779045 143
1673779045 168
1673779046 114
1673779046 105
1673779046 132
1673779046 103
1673779046 156
1673779047 145
1673779048 136
1673779048 188
1673779049 172
1673779049 112
1673779049 147
1673779050 123
1673779051 124
1673779052 166
1673779052 134
1673779052 173
1673779053 153
1673779054 174
1673779054 180
1673779054 140
1673779054 119
1673779055 147
1673779055 161
1673779055 157
1673779055 110
1673779056 184
1673779056 193
1673779056 138
1673779056 163
1673779056 135
1673779057 157
1673779057 143
1673779057 118
1673779058 150
1673779058 190
1673779058 131
1673779058 155
1673779058 107
1673779058 139
1673779058 173
1673779059 152
1673779059 118
1673779059 121
1673779060 104
1673779060 156
1673779060 126
1673779061 197
1673779062 156
1673779062 188
1673779063 160
1673779064 164
1673779064 145
1673779064 163
1673779064 164
1673779064 139
1673779064 143
1673779064 124
1673779065 141
1673779065 138
1673779065 140
1673779065 150
1673779065 103
1673779066 113
1673779066 128
1673779066 184
1673779066 158
1673779066 108
1673779067 111
1673779068 119
1673779068 178
1673779068 132
1673779068 123
1673779068 155
1673779069 191
1673779070 103
1673779070 122
1673779070 176
1673779070 161
1673779070 123
1673779070 187
1673779071 163
1673779071 172
1673779071 132
1673779072 116
1673779073 165
1673779074 139
1673779074 161
1673779075 137
1673779075 115
1673779077 172
1673779078 162
1673779079 168
1673779079 107
1673779080 115
1673779080 164
1673779080 191
1673779080 165
1673779080 112
1673779080 133
1673779080 191
1673779081 192
1673779081 140
1673779081 115
1673779081 136
1673779082 109
1673779082 166
1673779082 188
1673779082 122
1673779082 130
1673779082 188
1673779083 136
1673779083 127
1673779083 149
1673779083 148
1673779083 147
1673779083 148
1673779084 193
1673779084 178
1673779084 142
1673779084 154
1673779085 191
1673779085 130
1673779085 126
1673779085 157
1673779085 168
1673779085 141
1673779086 181
1673779086 119
1673779086 160
1673779086 149
1673779087 195
1673779087 150
1673779087 128
1673779088 140
1673779088 119
1673779089 156
1673779089 147
1673779089 190
1673779090 159
1673779090 170
1673779091 159
1673779091 150
1673779091 124
1673779091 127
1673779091 145
1673779092 167
1673779092 199
1673779092 132
1673779092 158
1673779092 103
1673779093 197
1673779093 139
1673779093 195
1673779094 135
1673779094 123
1673779095 158
1673779095 131
1673779095 197
1673779095 193
1673779096 162
1673779096 184
1673779096 164
1673779096 126
1673779096 173
1673779097 112
1673779097 136
1673779097 130
1673779098 157
1673779098 136
1673779098 147
1673779098 159
1673779099 176
1673779099 158
1673779100 151
1673779100 162
1673779100 153
1673779100 150
1673779101 182
1673779101 127
1673779101 167
1673779101 183
1673779102 135
1673779102 135
1673779102 107
1673779103 198
1673779103 127
1673779103 187
1673779103 139
1673779103 179
1673779104 127
1673779105 169
1673779105 148
1673779105 179
1673779106 155
1673779106 134
1673779106 121
1673779107 117
1673779107 191
1673779108 141
1673779108 151
1673779108 198
1673779108 109
1673779108 195
1673779109 151
1673779109 164
1673779110 154
1673779110 113
1673779110 152
1673779110 144
1673779111 165
1673779111 193
1673779112 139
1673779112 108
1673779112 102
1673779113 164
1673779113 131
1673779113 120
1673779113 151
1673779114 172
1673779115 187
1673779115 103
1673779116 153
1673779116 145
1673779116 120
1673779116 131
1673779117 155
1673779117 111
1673779118 142
1673779118 154
1673779118 107
1673779118 168
1673779119 199
1673779120 130
1673779120 105
1673779121 106
1673779121 133
1673779121 134
1673779122 171
1673779122 114
1673779122 137
1673779122 190
1673779122 164
1673779122 127
1673779123 198
1673779123 160
1673779124 172
1673779124 111
1673779124 196
1673779124 155
1673779125 185
1673779125 170
1673779125 144
1673779125 155
1673779126 165
1673779127 108
1673779127 109
1673779127 175
1673779128 163
1673779128 103
1673779128 114
1673779128 102
1673779129 102
1673779129 139
1673779129 144
1673779130 122
1673779130 135
1673779131 102
1673779131 192
1673779131 180
1673779131 190
1673779131 146
1673779131 140
1673779132 102
1673779132 159
1673779132 114
1673779133 119
1673779133 189
1673779133 118
1673779133 129
1673779134 133
1673779134 110
1673779134 106
1673779134 106
1673779134 194
1673779135 117
1673779135 158
1673779135 121
1673779136 185
1673779137 147
1673779137 137
1673779137 199
1673779137 107
1673779137 143
1673779137 122
1673779138 126
1673779138 180
1673779138 149
1673779138 196
1673779140 198
1673779140 144
1673779141 124
1673779142 191
1673779142 194
1673779142 169
1673779142 115
1673779142 110
1673779143 139
1673779143 158
1673779143 180
1673779143 111
1673779143 135
1673779143 119
1673779144 192
1673779144 146
1673779144 117
1673779145 117
1673779145 199
1673779145 162
1673779145 187
1673779145 173
1673779146 152
1673779146 133
1673779147 108
1673779147 144
1673779147 118
1673779147 183
1673779148 185
1673779148 126
1673779149 186
1673779149 106
1673779149 176
1673779149 192
1673779149 196
1673779151 179
1673779151 188
1673779151 180
1673779151 104
1673779152 176
1673779152 153
1673779152 151
1673779153 197
1673779153 186
1673779153 186
1673779153 125
1673779154 131
1673779154 128
1673779154 160
1673779155 179
1673779156 197
1673779156 185
1673779156 142
1673779157 141
1673779157 127
1673779158 192
1673779158 152
1673779159 176
1673779159 162
1673779159 135
1673779159 173
1673779159 197
1673779160 199
1673779160 189
1673779160 165
1673779161 186
1673779161 146
1673779161 127
1673779161 158
1673779162 155
1673779162 119
1673779162 106
1673779162 141
1673779163 128
1673779163 127
1673779163 116
1673779164 103
1673779164 177
1673779165 194
1673779166 162
1673779166 137
1673779167 185
1673779167 113
1673779167 157
1673779167 131
1673779168 183
1673779168 184
1673779168 171
1673779168 176
1673779169 101
1673779169 103
1673779169 125
1673779170 136
1673779171 148
1673779171 191
1673779171 125
1673779172 178
1673779173 163
1673779173 132
1673779173 142
1673779173 168
1673779174 184
1673779174 198
1673779174 120
1673779176 175
1673779177 165
1673779177 197
1673779177 184
1673779177 196
1673779177 169
1673779177 133
1673779177 111
1673779177 143
1673779178 140
1673779178 179
1673779179 185
1673779179 110
1673779179 144
1673779179 128
1673779179 127
1673779179 147
1673779179 145
1673779179 158
1673779180 110
1673779180 120
1673779180 106
1673779181 195
1673779181 135
1673779181 139
1673779182 167
1673779182 133
1673779182 116
1673779183 137
1673779184 101
1673779185 134
1673779185 115
1673779186 125
1673779186 140
1673779187 135
1673779187 165
1673779187 130
1673779188 126
1673779188 110
1673779188 120
1673779189 130
1673779189 128
1673779189 158
1673779189 167
1673779189 152
1673779190 109
1673779190 133
1673779190 196
1673779191 146
1673779191 199
1673779192 135
1673779192 104
1673779192 149
1673779193 132
1673779193 115
1673779193 128
1673779193 149
1673779193 156
1673779193 200
1673779193 184
1673779194 149
1673779194 119
1673779194 185
1673779194 135
1673779194 115
1673779194 165
1673779195 111
1673779195 112
1673779195 150
1673779195 115
1673779195 137
1673779196 153
1673779196 103
1673779196 197
1673779197 120
1673779197 114
1673779197 168
1673779197 197
1673779197 119
1673779200 158
1673779201 143
1673779201 123
1673779202 169
1673779202 156
1673779202 146
1673779203 143
1673779205 111
1673779205 162
1673779205 150
1673779205 110
1673779205 195
1673779206 178
1673779206 194
1673779206 159
1673779206 136
1673779207 192
1673779207 148
1673779207 177
1673779207 187
1673779207 180
1673779208 117
1673779208 135
1673779209 163
1673779209 177
1673779209 144
1673779209 132
1673779210 195
1673779210 166
1673779210 127
1673779211 129
1673779211 153
1673779212 199
1673779212 168
1673779212 105
1673779212 176
1673779213 122
1673779214 120
1673779214 127
1673779214 138
1673779215 144
1673779215 102
1673779216 158
1673779217 144
1673779218 113
1673779218 196
1673779219 170
1673779219 159
1673779219 183
1673779219 195
1673779220 169
1673779220 129
1673779220 133
1673779220 181
1673779220 158
1673779220 172
1673779221 192
1673779221 141
1673779221 165
1673779222 174
1673779222 151
1673779223 155
1673779224 178
1673779224 162
1673779224 121
1673779225 134
1673779225 159
1673779225 142
1673779226 121
1673779227 129
1673779227 103
1673779228 105
1673779228 105
1673779228 182
1673779228 172
1673779229 101
1673779229 184
1673779229 160
1673779230 108
1673779230 117
1673779230 113
1673779231 174
1673779231 198
1673779232 145
1673779232 161
1673779232 107
1673779232 117
1673779233 102
1673779233 197
1673779233 197
1673779234 157
1673779234 187
1673779236 173
1673779236 155
1673779237 151
1673779237 117
1673779237 138
1673779237 159
1673779237 166
1673779238 169
1673779238 104
1673779238 132
1673779238 162
1673779239 182
1673779239 143
1673779239 109
1673779240 191
1673779241 108
1673779241 152
1673779242 176
1673779242 122
1673779242 173
1673779242 159
1673779242 119
1673779243 109
1673779243 196
1673779243 134
1673779244 115
1673779244 171
1673779244 110
1673779245 163
1673779245 116
1673779245 171
1673779245 130
1673779245 143
1673779246 107
1673779246 185
1673779247 145
1673779247 121
1673779247 125
1673779248 156
1673779248 132
1673779248 133
1673779248 124
1673779248 182
1673779248 111
1673779249 129
1673779249 127
1673779249 168
1673779250 173
1673779251 195
1673779252 174
1673779252 176
1673779252 112
1673779253 138
1673779253 181
1673779253 150
1673779254 184
1673779254 169
1673779254 181
1673779255 143
1673779255 123
1673779255 142
1673779256 176
1673779256 104
1673779256 146
1673779256 196
1673779257 178
1673779257 163
1673779257 131
1673779257 117
1673779257 159
1673779258 117
1673779259 140
1673779259 138
1673779259 120
1673779259 121
1673779260 151
1673779260 106
1673779261 140
1673779261 169
1673779261 184
1673779262 194
1673779262 184
1673779262 187
1673779263 143
1673779263 180
1673779264 169
1673779264 189
1673779266 155
1673779267 199
1673779267 142
1673779269 172
1673779269 192
1673779269 178
1673779269 102
1673779270 101
1673779270 199
1673779271 101
1673779271 154
1673779271 193
1673779272 125
1673779272 143
1673779272 132
1673779272 143
1673779273 129
1673779273 150
1673779274 189
1673779274 176
1673779274 162
1673779274 146
1673779274 163
1673779276 199
1673779276 157
1673779276 182
1673779277 118
1673779277 140
1673779278 189
1673779278 112
1673779278 181
1673779278 131
1673779278 154
1673779278 173
1673779279 115
1673779279 145
1673779280 150
1673779280 163
1673779280 184
1673779282 181
1673779282 120
1673779282 149
1673779283 116
1673779283 132
1673779283 151
1673779283 128
1673779283 124
1673779284 159
1673779285 164
1673779285 142
1673779285 148
1673779286 105
1673779286 157
1673779286 153
1673779288 154
1673779288 180
1673779288 123
1673779288 129
1673779288 193
1673779289 171
1673779289 129
1673779290 189
1673779290 106
1673779290 139
