1673776802 149
1673776806 116
1673776806 114
1673776806 110
1673776807 182
1673776807 197
1673776808 172
1673776808 101
1673776809 184
1673776809 143
1673776810 122
1673776810 151
1673776815 184
1673776816 198
1673776817 142
1673776819 127
1673776819 146
1673776820 136
1673776821 169
1673776823 111
1673776823 163
1673776823 123
1673776823 138
1673776823 140
1673776824 175
1673776824 112
1673776825 162
1673776825 125
1673776826 122
1673776826 102
1673776827 128
1673776827 184
1673776828 151
1673776829 155
1673776829 148
1673776830 138
1673776830 145
1673776830 113
1673776831 132
1673776832 167
1673776835 184
1673776835 185
1673776836 169
1673776838 140
1673776838 127
1673776838 185
1673776840 105
1673776842 197
1673776844 106
1673776848 159
1673776849 109
1673776849 198
1673776851 157
1673776852 189
1673776853 113
1673776857 181
1673776861 115
1673776861 108
1673776862 195
1673776863 178
1673776864 172
1673776866 165
1673776867 186
1673776867 148
1673776867 188
1673776869 175
1673776870 142
1673776870 137
1673776871 134
1673776878 103
1673776879 101
1673776879 175
1673776880 159
1673776881 121
1673776884 160
1673776889 101
1673776889 188
1673776889 200
1673776890 154
1673776892 150
1673776895 170
1673776896 126
1673776897 107
1673776897 143
1673776898 145
1673776898 156
1673776898 165
1673776898 179
1673776898 101
1673776899 130
1673776901 129
1673776903 182
1673776903 145
1673776904 136
1673776904 141
1673776904 115
1673776906 165
1673776907 197
1673776907 153
1673776907 185
1673776915 132
1673776917 109
1673776920 141
1673776922 145
1673776923 127
1673776923 120
1673776923 163
1673776924 113
1673776924 178
1673776924 169
1673776926 109
1673776926 137
1673776926 160
1673776927 104
1673776927 120
1673776927 198
1673776928 118
1673776928 192
1673776929 146
1673776929 135
1673776929 156
1673776930 125
1673776930 121
1673776930 198
1673776930 107
1673776931 176
1673776931 156
1673776932 143
1673776932 121
1673776932 181
1673776933 117
1673776933 126
1673776933 167
1673776933 174
1673776934 186
1673776934 130
1673776934 103
1673776934 180
1673776934 157
1673776935 124
1673776936 196
1673776937 121
1673776937 132
1673776937 152
1673776938 138
1673776938 194
1673776938 128
1673776938 133
1673776939 189
1673776939 141
1673776939 181
1673776939 126
1673776939 135
1673776941 119
1673776941 113
1673776942 161
1673776942 103
1673776942 117
1673776942 108
1673776942 125
1673776943 162
1673776944 105
1673776944 195
1673776944 184
1673776945 141
1673776945 183
1673776945 108
1673776946 106
1673776946 199
1673776946 112
1673776947 142
1673776947 177
1673776947 103
1673776948 168
1673776948 133
1673776948 121
1673776949 175
1673776949 120
1673776950 124
1673776950 163
1673776951 162
1673776952 200
1673776952 143
1673776953 121
1673776953 172
1673776953 102
1673776954 155
1673776955 162
1673776955 134
1673776956 137
1673776956 179
1673776956 189
1673776956 177
1673776956 135
1673776957 198
1673776958 148
1673776958 192
1673776958 121
1673776958 172
1673776959 171
1673776959 196
1673776960 186
1673776961 136
1673776962 183
1673776962 159
1673776962 112
1673776962 190
1673776962 169
1673776963 152
1673776964 187
1673776964 181
1673776964 104
1673776965 117
1673776965 120
1673776965 160
1673776965 197
1673776965 183
1673776965 108
1673776966 160
1673776966 128
1673776967 128
1673776967 193
1673776967 112
1673776967 186
1673776967 119
1673776968 142
1673776968 155
1673776968 132
1673776969 139
1673776969 198
1673776969 118
1673776969 124
1673776969 195
1673776970 142
1673776970 186
1673776970 152
1673776970 184
1673776971 190
1673776971 177
1673776971 182
1673776971 107
1673776971 151
1673776971 123
1673776971 174
1673776972 147
1673776973 198
1673776973 173
1673776974 196
1673776974 110
1673776974 163
1673776975 128
1673776976 195
1673776976 121
1673776977 134
1673776977 118
1673776977 140
1673776977 123
1673776977 110
1673776978 163
1673776979 175
1673776979 127
1673776979 152
1673776979 132
1673776979 122
1673776980 188
1673776980 173
1673776980 119
1673776980 156
1673776980 114
1673776981 159
1673776981 109
1673776981 145
1673776982 187
1673776982 179
1673776983 104
1673776983 147
1673776985 125
1673776985 142
1673776985 182
1673776985 170
1673776986 104
1673776986 111
1673776986 120
1673776987 157
1673776989 121
1673776989 122
1673776989 114
1673776993 143
1673776993 171
1673776993 107
1673776993 187
1673776995 163
1673776995 109
1673776996 107
1673776997 171
1673776997 183
1673776998 105
1673776998 133
1673776998 157
1673776998 126
1673776999 177
1673776999 178
1673777000 154
1673777001 118
1673777001 140
1673777001 189
1673777001 188
1673777002 101
1673777002 126
1673777002 145
1673777002 137
1673777002 118
1673777003 163
1673777003 132
1673777004 115
1673777004 155
1673777005 137
1673777005 192
1673777006 141
1673777006 109
1673777006 178
1673777006 185
1673777007 123
1673777008 111
1673777008 120
1673777009 167
1673777010 183
1673777010 104
1673777011 159
1673777011 195
1673777011 153
1673777012 178
1673777013 103
1673777013 192
1673777013 165
1673777014 104
1673777015 101
1673777015 130
1673777015 109
1673777017 160
1673777019 189
1673777019 161
1673777019 193
1673777019 137
1673777019 114
1673777021 130
1673777022 159
1673777022 177
1673777023 143
1673777023 128
1673777024 169
1673777024 146
1673777025 162
1673777025 104
1673777025 129
1673777026 131
1673777026 118
1673777027 168
1673777027 191
1673777027 195
1673777027 166
1673777027 170
1673777027 183
1673777027 109
1673777028 154
1673777028 120
1673777028 162
1673777028 132
1673777029 176
1673777029 185
1673777030 169
1673777030 121
1673777030 164
1673777030 138
1673777031 144
1673777032 181
1673777032 160
1673777032 143
1673777033 106
1673777033 159
1673777034 155
1673777034 187
1673777034 177
1673777035 135
1673777035 173
1673777035 163
1673777035 102
1673777035 147
1673777036 190
1673777036 115
1673777037 141
1673777037 153
1673777037 151
1673777037 115
1673777038 156
1673777038 113
1673777038 141
1673777038 134
1673777038 200
1673777039 194
1673777039 145
1673777039 104
1673777039 171
1673777039 173
1673777040 117
1673777040 169
1673777041 157
1673777042 118
1673777043 136
1673777043 159
1673777043 116
1673777044 144
1673777044 154
1673777045 107
1673777045 139
1673777045 172
1673777046 115
1673777046 103
1673777046 116
1673777046 123
1673777048 187
1673777048 152
1673777048 125
1673777048 193
1673777049 122
1673777049 119
1673777049 120
1673777050 129
1673777050 184
1673777051 146
1673777051 164
1673777052 131
1673777052 142
1673777053 148
1673777053 198
1673777054 179
1673777054 139
1673777054 153
1673777054 111
1673777054 104
1673777054 183
1673777055 196
1673777055 120
1673777055 173
1673777056 108
1673777056 122
1673777057 141
1673777057 130
1673777057 138
1673777057 174
1673777058 187
1673777058 142
1673777058 134
1673777059 117
1673777059 199
1673777059 147
1673777059 182
1673777059 124
1673777060 195
1673777061 197
1673777061 113
1673777061 176
1673777062 130
1673777062 164
1673777062 112
1673777063 178
1673777063 113
1673777063 149
1673777063 151
1673777063 192
1673777063 133
1673777064 132
1673777064 166
1673777065 193
1673777065 147
1673777065 103
1673777065 193
1673777066 166
1673777066 165
1673777067 133
1673777067 131
1673777067 181
1673777067 142
1673777068 178
1673777069 142
1673777069 187
1673777070 167
1673777072 126
1673777072 106
1673777072 165
1673777072 132
1673777073 168
1673777073 141
1673777073 168
1673777073 189
1673777074 126
1673777074 144
1673777074 106
1673777074 146
1673777074 193
1673777075 192
1673777075 119
1673777075 159
1673777075 149
1673777075 127
1673777075 120
1673777076 144
1673777076 192
1673777078 126
1673777078 139
1673777078 131
1673777078 102
1673777078 133
1673777078 191
1673777078 154
1673777078 182
1673777078 127
1673777079 167
1673777079 170
1673777080 186
1673777081 198
1673777081 140
1673777082 153
1673777082 118
1673777082 143
1673777082 130
1673777083 196
1673777084 135
1673777084 178
1673777085 168
1673777085 165
1673777085 166
1673777086 189
1673777087 179
1673777087 197
1673777088 196
1673777088 189
1673777088 157
1673777089 126
1673777089 193
1673777089 179
1673777090 115
1673777090 122
1673777090 190
1673777090 134
1673777091 137
1673777091 195
1673777092 118
1673777092 175
1673777092 169
1673777093 119
1673777093 155
1673777094 167
1673777094 145
1673777094 148
1673777094 123
1673777095 186
1673777095 196
1673777095 186
1673777096 107
1673777096 158
1673777096 146
1673777097 122
1673777097 192
1673777097 158
1673777097 155
1673777097 161
1673777097 110
1673777099 189
1673777099 139
1673777099 198
1673777099 108
1673777099 113
1673777100 181
1673777100 180
1673777100 115
1673777100 199
1673777100 137
1673777101 192
1673777101 154
1673777101 168
1673777101 171
1673777103 141
1673777103 135
1673777103 187
1673777103 145
1673777104 171
1673777104 200
1673777104 109
1673777104 179
1673777105 106
1673777105 180
1673777105 140
1673777105 164
1673777106 189
1673777106 154
1673777106 120
1673777107 159
1673777107 122
1673777107 117
1673777108 139
1673777108 117
1673777108 182
1673777109 158
1673777109 102
1673777109 156
1673777109 136
1673777109 159
1673777109 118
1673777110 135
1673777110 129
1673777112 179
1673777112 161
1673777112 175
1673777112 124
1673777112 198
1673777113 127
1673777113 186
1673777113 149
1673777114 158
1673777114 135
1673777115 127
1673777115 138
1673777115 169
1673777116 192
1673777116 130
1673777116 191
1673777117 164
1673777117 164
1673777117 184
1673777117 170
1673777117 199
1673777117 134
1673777118 200
1673777118 189
1673777118 199
1673777118 163
1673777118 157
1673777119 155
1673777119 115
1673777119 192
1673777119 200
1673777120 163
1673777120 179
1673777121 154
1673777121 110
1673777121 165
1673777121 180
1673777122 160
1673777122 171
1673777122 115
1673777123 156
1673777123 167
1673777124 122
1673777125 195
1673777125 133
1673777125 111
1673777125 182
1673777126 113
1673777127 171
1673777128 149
1673777128 106
1673777129 199
1673777129 195
1673777129 136
1673777130 173
1673777131 116
1673777131 164
1673777132 141
1673777132 158
1673777132 184
1673777133 190
1673777134 142
1673777134 115
1673777134 184
1673777134 144
1673777135 160
1673777135 190
1673777135 175
1673777135 135
1673777135 107
1673777136 195
1673777136 146
1673777138 104
1673777139 174
1673777139 129
1673777139 200
1673777139 185
1673777139 176
1673777140 167
1673777142 111
1673777143 115
1673777145 115
1673777145 108
1673777145 195
1673777145 175
1673777146 189
1673777146 114
1673777147 177
1673777147 199
1673777147 152
1673777147 171
1673777148 161
1673777149 182
1673777149 112
1673777149 160
1673777149 197
1673777150 108
1673777150 168
1673777150 134
1673777151 109
1673777151 185
1673777152 159
1673777152 176
1673777153 168
1673777153 176
1673777154 178
1673777154 106
1673777155 197
1673777156 150
1673777156 194
1673777158 108
1673777158 178
1673777158 121
1673777158 191
1673777158 126
1673777159 166
1673777159 108
1673777161 196
1673777162 177
1673777162 103
1673777163 101
1673777163 159
1673777164 140
1673777164 117
1673777164 101
1673777165 159
1673777165 106
1673777166 164
1673777166 176
1673777166 114
1673777166 185
1673777167 162
1673777167 129
1673777168 139
1673777168 158
1673777168 158
1673777168 166
1673777168 115
1673777169 154
1673777170 156
1673777170 200
1673777171 165
1673777171 192
1673777171 137
1673777171 136
1673777171 117
1673777171 138
1673777171 119
1673777172 153
1673777173 168
1673777173 149
1673777173 153
1673777173 167
1673777173 104
1673777174 168
1673777174 171
1673777174 176
1673777176 151
1673777176 193
1673777176 112
1673777176 142
1673777177 128
1673777177 189
1673777177 135
1673777177 137
1673777178 133
1673777178 131
1673777178 174
1673777178 146
1673777179 159
1673777179 164
1673777179 160
1673777180 197
1673777180 172
1673777181 156
1673777181 191
1673777182 185
1673777182 129
1673777182 178
1673777182 194
1673777182 125
1673777183 125
1673777184 169
1673777184 193
1673777184 197
1673777185 174
1673777186 156
1673777186 139
1673777187 198
1673777187 170
1673777187 161
1673777188 143
1673777188 180
1673777188 150
1673777189 187
1673777189 173
1673777189 124
1673777189 153
1673777191 148
1673777191 153
1673777193 134
1673777193 196
1673777193 141
1673777193 129
1673777194 197
1673777194 192
1673777195 192
1673777195 117
1673777195 178
1673777195 162
1673777195 190
1673777196 158
1673777196 113
1673777197 113
1673777197 172
1673777197 137
1673777197 177
1673777198 143
1673777198 187
1673777198 107
1673777198 189
1673777198 127
1673777199 186
1673777199 172
1673777199 191
1673777200 142
1673777200 105
1673777200 192
1673777200 165
1673777201 148
1673777201 198
1673777202 175
1673777202 133
1673777202 156
1673777202 170
1673777203 183
1673777203 166
1673777203 160
1673777205 164
1673777205 105
1673777205 110
1673777206 170
1673777206 177
1673777207 180
1673777207 151
1673777208 166
1673777208 127
1673777208 188
1673777208 179
1673777209 124
1673777209 156
1673777210 116
1673777210 176
1673777211 120
1673777211 173
1673777212 142
1673777212 140
1673777212 165
1673777213 160
1673777213 148
1673777214 114
1673777214 161
1673777215 134
1673777216 106
1673777216 181
1673777217 176
1673777217 134
1673777217 189
1673777218 139
1673777218 147
1673777218 104
1673777218 185
1673777219 132
1673777219 158
1673777220 180
1673777220 125
1673777220 146
1673777220 127
1673777221 152
1673777221 194
1673777221 119
1673777222 176
1673777222 140
1673777222 149
1673777223 146
1673777223 157
1673777223 145
1673777224 199
1673777224 164
1673777225 114
1673777228 120
1673777228 196
1673777228 198
1673777228 121
1673777229 192
1673777229 118
1673777232 119
1673777232 128
1673777233 197
1673777233 125
1673777233 171
1673777233 144
1673777234 178
1673777234 141
1673777234 165
1673777235 126
1673777235 159
1673777235 105
1673777236 152
1673777237 142
1673777237 149
1673777237 130
1673777238 101
1673777238 170
1673777238 194
1673777238 105
1673777239 152
1673777239 165
1673777240 114
1673777240 192
1673777240 116
1673777241 147
1673777243 113
1673777244 161
1673777246 103
1673777247 132
1673777248 125
1673777249 110
1673777249 123
1673777249 174
1673777249 162
1673777250 134
1673777250 171
1673777250 158
1673777250 178
1673777251 190
1673777251 172
1673777251 185
1673777251 154
1673777251 183
1673777252 125
1673777252 121
1673777253 186
1673777254 191
1673777254 113
1673777254 193
1673777255 170
1673777255 149
1673777256 172
1673777256 140
1673777257 114
1673777257 128
1673777257 161
1673777258 123
1673777258 167
1673777258 155
1673777259 108
1673777259 146
1673777259 178
1673777260 162
1673777260 117
1673777261 150
1673777262 155
1673777263 138
1673777263 105
1673777263 149
1673777263 181
1673777263 135
1673777263 107
1673777264 170
1673777265 112
1673777265 200
1673777265 132
1673777265 134
1673777265 138
1673777266 119
1673777266 127
1673777266 126
1673777266 175
1673777267 178
1673777267 170
1673777268 142
1673777269 171
1673777269 102
1673777270 157
1673777270 165
1673777271 152
1673777271 140
1673777271 167
1673777271 187
1673777271 199
1673777272 108
1673777273 194
1673777273 159
1673777274 101
1673777274 138
1673777274 200
1673777274 125
1673777275 130
1673777275 176
1673777275 110
1673777276 158
1673777276 129
1673777276 169
1673777276 132
1673777277 158
1673777277 191
1673777277 136
1673777277 199
1673777278 176
1673777278 158
1673777278 178
1673777279 102
1673777279 165
1673777279 156
1673777279 144
1673777280 122
1673777280 104
1673777281 133
1673777281 145
1673777281 176
1673777281 145
1673777282 123
1673777282 198
1673777282 188
1673777283 101
1673777284 165
1673777285 151
1673777285 133
1673777285 110
1673777286 190
1673777286 123
1673777286 190
1673777286 129
1673777286 181
1673777287 176
1673777287 167
1673777288 130
1673777288 136
1673777288 198
1673777289 140
1673777289 145
1673777289 175
1673777290 124
1673777290 121
1673777291 167
1673777292 177
1673777292 133
1673777293 195
1673777293 176
1673777294 137
1673777294 143
1673777294 105
1673777294 102
1673777294 106
1673777294 134
1673777294 199
1673777295 158
1673777295 116
1673777296 157
1673777296 121
1673777296 195
1673777296 124
1673777296 130
1673777296 183
1673777297 117
1673777297 194
1673777297 134
1673777297 109
1673777298 182
1673777298 195
1673777298 130
1673777298 165
1673777298 134
1673777300 140
1673777300 177
1673777300 143
1673777300 181
1673777300 195
1673777301 187
1673777301 136
1673777301 146
1673777301 156
1673777301 134
1673777302 139
1673777303 172
1673777303 171
1673777303 124
1673777304 187
1673777304 182
1673777305 155
1673777305 169
1673777306 151
1673777308 124
1673777309 120
1673777309 131
1673777310 150
1673777310 185
1673777311 129
1673777311 182
1673777312 149
1673777312 161
1673777312 172
1673777312 186
1673777312 186
1673777312 151
1673777313 152
1673777313 167
1673777314 122
1673777314 157
1673777314 143
1673777314 125
1673777315 121
1673777315 123
1673777315 113
1673777315 103
1673777315 170
1673777315 199
1673777315 129
1673777316 130
1673777317 103
1673777317 124
1673777317 156
1673777317 110
1673777318 105
1673777318 182
1673777318 190
1673777318 122
1673777319 115
1673777319 198
1673777319 134
1673777319 147
1673777319 164
1673777319 172
1673777320 155
1673777320 152
1673777320 135
1673777320 192
1673777320 194
1673777320 109
1673777320 163
1673777320 198
1673777320 156
1673777320 110
1673777321 154
1673777321 163
1673777321 162
1673777322 148
1673777322 122
1673777323 181
1673777323 167
1673777323 112
1673777323 194
1673777324 165
1673777325 101
1673777325 200
1673777326 189
1673777326 151
1673777326 199
1673777326 172
1673777327 107
1673777327 121
1673777330 114
1673777330 145
1673777330 158
1673777332 174
1673777332 196
1673777332 136
1673777332 117
1673777332 196
1673777332 134
1673777333 199
1673777333 194
1673777333 142
1673777334 124
1673777334 154
1673777334 179
1673777334 113
1673777334 136
1673777334 192
1673777335 168
1673777335 101
1673777336 166
1673777336 192
1673777336 195
1673777337 132
1673777337 153
1673777338 185
1673777338 153
1673777338 147
1673777338 174
1673777338 110
1673777339 175
1673777341 106
1673777341 148
1673777341 106
1673777341 105
1673777341 135
1673777341 124
1673777342 114
1673777342 132
1673777343 101
1673777343 184
1673777343 192
1673777344 158
1673777345 182
1673777345 129
1673777345 158
1673777346 175
1673777346 124
1673777348 158
1673777361 182
1673777361 180
1673777361 124
1673777361 187
1673777362 130
1673777363 136
1673777363 171
1673777363 116
1673777363 131
1673777364 137
1673777364 181
1673777364 180
1673777364 162
1673777365 163
1673777365 102
1673777365 177
1673777366 159
1673777366 126
1673777367 191
1673777367 181
1673777367 126
1673777367 136
1673777368 163
1673777368 164
1673777368 140
1673777369 118
1673777370 148
1673777370 121
1673777370 197
1673777371 173
1673777372 117
1673777372 163
1673777373 123
1673777373 172
1673777373 184
1673777373 138
1673777374 146
1673777374 188
1673777374 126
1673777375 114
1673777375 110
1673777375 172
1673777376 114
1673777376 156
1673777376 136
1673777377 191
1673777377 190
1673777377 139
1673777377 197
1673777378 154
1673777380 176
1673777382 136
1673777382 132
1673777382 185
1673777382 158
1673777383 180
1673777383 143
1673777383 160
1673777384 187
1673777385 165
1673777385 199
1673777386 193
1673777386 186
1673777386 144
1673777386 166
1673777387 103
1673777387 161
1673777387 182
1673777388 133
1673777388 173
1673777389 195
1673777389 156
1673777390 128
1673777390 172
1673777390 189
1673777390 159
1673777390 153
1673777390 165
1673777391 199
1673777391 183
1673777391 135
1673777391 189
1673777392 113
1673777392 180
1673777392 118
1673777393 195
1673777393 137
1673777393 124
1673777394 130
1673777394 123
1673777394 183
1673777394 124
1673777395 172
1673777395 198
1673777395 148
1673777395 182
1673777395 131
1673777396 171
1673777396 186
1673777397 138
1673777398 163
1673777398 147
1673777398 113
1673777398 114
1673777398 116
1673777399 199
1673777400 159
1673777400 118
1673777400 169
1673777400 158
1673777401 105
1673777402 177
1673777402 183
1673777402 194
1673777402 128
1673777403 147
1673777403 184
1673777404 128
1673777405 149
1673777405 141
1673777405 106
1673777405 163
1673777405 114
1673777406 118
1673777406 150
1673777406 126
1673777406 131
1673777406 114
1673777407 195
1673777407 112
1673777407 118
1673777407 195
1673777407 194
1673777407 105
1673777408 107
1673777409 166
1673777410 193
1673777410 148
1673777410 136
1673777411 191
1673777411 173
1673777411 149
1673777411 121
1673777411 186
1673777411 125
1673777412 186
1673777412 133
1673777412 119
1673777413 110
1673777413 138
1673777413 129
1673777413 138
1673777413 187
1673777415 171
1673777415 125
1673777416 197
1673777416 198
1673777416 153
1673777417 156
1673777417 193
1673777417 148
1673777418 198
1673777418 112
1673777418 102
1673777419 136
1673777419 128
1673777419 105
1673777419 123
1673777420 197
1673777421 176
1673777421 120
1673777422 141
1673777422 108
1673777423 120
1673777423 198
1673777424 108
1673777424 147
1673777425 149
1673777425 141
1673777426 151
1673777426 164
1673777426 105
1673777426 108
1673777427 132
1673777427 111
1673777427 103
1673777427 173
1673777428 160
1673777428 129
1673777428 165
1673777429 136
1673777430 170
1673777431 102
1673777431 198
1673777431 187
1673777431 128
1673777432 186
1673777432 162
1673777433 164
1673777433 190
1673777433 191
1673777433 139
1673777433 180
1673777434 126
1673777434 160
1673777434 111
1673777435 188
1673777435 142
1673777436 145
1673777437 159
1673777437 178
1673777437 103
1673777438 156
1673777438 152
1673777438 140
1673777438 106
1673777438 123
1673777438 106
1673777439 141
1673777439 155
1673777439 109
1673777440 160
1673777440 118
1673777440 199
1673777440 110
1673777441 176
1673777441 187
1673777441 174
1673777441 183
1673777442 115
1673777442 180
1673777442 145
1673777442 181
1673777443 196
1673777443 188
1673777444 142
1673777444 198
1673777445 132
1673777446 127
1673777446 189
1673777446 153
1673777447 178
1673777447 151
1673777448 175
1673777448 134
1673777448 152
1673777448 195
1673777448 113
1673777448 187
1673777448 125
1673777449 157
1673777449 200
1673777449 156
1673777449 165
1673777450 187
1673777452 147
1673777452 108
1673777452 172
1673777452 177
1673777453 162
1673777453 148
1673777453 115
1673777453 124
1673777453 183
1673777454 123
1673777455 106
1673777455 114
1673777455 102
1673777455 152
1673777455 126
1673777456 173
1673777456 187
1673777456 196
1673777456 105
1673777457 187
1673777457 179
1673777457 159
1673777457 175
1673777457 111
1673777458 138
1673777459 185
1673777459 154
1673777459 172
1673777459 177
1673777460 191
1673777461 105
1673777461 111
1673777461 193
1673777462 170
1673777463 151
1673777463 122
1673777463 109
1673777463 104
1673777464 160
1673777464 174
1673777464 109
1673777464 190
1673777465 177
1673777465 197
1673777465 119
1673777465 168
1673777465 158
1673777465 120
1673777466 196
1673777466 114
1673777466 175
1673777466 161
1673777467 186
1673777467 163
1673777467 197
1673777468 137
1673777468 128
1673777469 127
1673777469 132
1673777469 138
1673777470 119
1673777470 176
1673777470 197
1673777470 165
1673777470 119
1673777471 190
1673777472 152
1673777472 134
1673777473 110
1673777473 181
1673777473 144
1673777473 109
1673777473 152
1673777473 169
1673777474 158
1673777474 110
1673777475 123
1673777475 143
1673777476 106
1673777477 168
1673777478 174
1673777479 118
1673777479 198
1673777480 138
1673777480 104
1673777480 122
1673777480 121
1673777480 152
1673777480 158
1673777481 109
1673777482 178
1673777482 177
1673777483 111
1673777483 139
1673777484 179
1673777485 148
1673777485 180
1673777485 197
1673777485 112
1673777485 110
1673777486 190
1673777486 157
1673777486 174
1673777486 121
1673777486 198
1673777488 113
1673777488 166
1673777488 121
1673777488 160
1673777489 198
1673777489 118
1673777489 186
1673777489 155
1673777489 111
1673777490 133
1673777490 111
1673777490 151
1673777491 143
1673777491 126
1673777491 107
1673777492 138
1673777492 131
1673777492 169
1673777492 192
1673777492 175
1673777493 133
1673777493 182
1673777493 185
1673777493 124
1673777493 188
1673777494 178
1673777495 112
1673777495 176
1673777495 172
1673777495 172
1673777495 158
1673777496 149
1673777496 177
1673777497 187
1673777497 134
1673777497 105
1673777497 103
1673777497 121
1673777498 131
1673777498 127
1673777498 174
1673777498 163
1673777499 148
1673777500 122
1673777500 154
1673777500 161
1673777501 197
1673777501 140
1673777502 197
1673777502 123
1673777502 141
1673777502 189
1673777503 154
1673777503 134
1673777503 165
1673777503 135
1673777504 165
1673777504 185
1673777504 191
1673777505 165
1673777505 134
1673777505 131
1673777507 128
1673777507 152
1673777507 121
1673777507 115
1673777507 151
1673777508 101
1673777509 152
1673777509 145
1673777509 118
1673777510 199
1673777510 149
1673777510 197
1673777510 109
1673777511 108
1673777511 192
1673777511 172
1673777512 139
1673777512 132
1673777512 129
1673777513 158
1673777513 168
1673777513 166
1673777513 123
1673777513 110
1673777513 114
1673777514 135
1673777515 177
1673777515 169
1673777515 182
1673777516 154
1673777516 145
1673777516 143
1673777516 114
1673777517 161
1673777518 189
1673777518 119
1673777519 199
1673777519 137
1673777519 127
1673777519 135
1673777519 169
1673777519 113
1673777520 184
1673777520 172
1673777520 174
1673777521 182
1673777521 123
1673777523 184
1673777523 185
1673777524 124
1673777525 162
1673777525 129
1673777525 192
1673777525 139
1673777525 174
1673777525 101
1673777526 174
1673777526 194
1673777526 190
1673777526 147
1673777526 167
1673777526 140
1673777527 125
1673777527 125
1673777527 183
1673777528 148
1673777529 150
1673777529 141
1673777529 117
1673777529 195
1673777530 133
1673777530 170
1673777530 127
1673777531 148
1673777531 142
1673777531 189
1673777531 162
1673777532 191
1673777532 199
1673777532 196
1673777533 108
1673777533 189
1673777534 176
1673777534 190
1673777534 192
1673777534 186
1673777534 165
1673777534 112
1673777534 114
1673777534 196
1673777535 106
1673777535 134
1673777535 112
1673777536 158
1673777536 106
1673777536 147
1673777536 116
1673777536 200
1673777536 118
1673777536 192
1673777537 143
1673777538 144
1673777538 179
1673777538 134
1673777538 148
1673777539 170
1673777539 113
1673777540 103
1673777540 178
1673777541 145
1673777541 140
1673777541 190
1673777541 109
1673777543 165
1673777543 197
1673777544 140
1673777544 106
1673777544 120
1673777544 159
1673777545 198
1673777546 191
1673777546 132
1673777546 147
1673777547 117
1673777547 168
1673777547 187
1673777548 159
1673777548 109
1673777548 135
1673777548 173
1673777548 117
1673777549 163
1673777549 126
1673777549 170
1673777549 115
1673777550 154
1673777550 133
1673777550 112
1673777550 117
1673777551 141
1673777552 109
1673777552 139
1673777552 121
1673777553 102
1673777553 128
1673777553 115
1673777554 191
1673777554 121
1673777554 156
1673777554 102
1673777554 111
1673777555 114
1673777555 134
1673777556 196
1673777556 200
1673777556 179
1673777556 137
1673777557 150
1673777557 112
1673777558 127
1673777559 144
1673777559 155
1673777559 183
1673777559 111
1673777559 190
1673777560 152
1673777561 175
1673777561 167
1673777561 197
1673777562 196
1673777562 114
1673777563 149
1673777563 128
1673777563 140
1673777563 179
1673777563 138
1673777564 142
1673777564 199
1673777564 152
1673777564 185
1673777564 103
1673777564 189
1673777565 176
1673777565 171
1673777565 188
1673777566 142
1673777566 148
1673777566 197
1673777567 101
1673777567 102
1673777568 121
1673777568 190
1673777568 162
1673777568 151
1673777568 179
1673777568 161
1673777568 182
1673777568 102
1673777569 134
1673777569 166
1673777569 173
1673777569 174
1673777570 174
1673777570 132
1673777570 190
1673777570 188
1673777571 194
1673777571 137
1673777571 166
1673777572 121
1673777572 193
1673777572 153
1673777572 195
1673777573 119
1673777574 187
1673777574 123
1673777574 103
1673777574 145
1673777575 131
1673777575 198
1673777575 117
1673777576 164
1673777576 135
1673777577 158
1673777577 147
1673777577 122
1673777578 145
1673777578 111
1673777578 118
1673777579 192
1673777579 190
1673777579 131
1673777580 157
1673777580 136
1673777580 148
1673777580 134
1673777580 176
1673777581 103
1673777583 154
1673777584 126
1673777584 181
1673777584 170
1673777584 101
1673777585 101
1673777585 181
1673777586 146
1673777587 137
1673777587 152
1673777587 197
1673777587 187
1673777588 184
1673777588 187
1673777588 129
1673777588 126
1673777588 141
1673777588 118
1673777588 156
1673777588 132
1673777589 144
1673777589 138
1673777589 139
1673777590 194
1673777590 151
1673777590 130
1673777591 183
1673777591 170
1673777591 168
1673777591 149
1673777591 109
1673777592 184
1673777592 169
1673777592 110
1673777593 120
1673777593 103
1673777593 119
1673777593 148
1673777593 140
1673777594 161
1673777594 173
1673777594 132
1673777594 188
1673777595 157
1673777595 147
1673777595 140
1673777596 167
1673777596 192
1673777597 101
1673777597 154
1673777598 178
1673777598 159
1673777598 192
1673777598 158
1673777598 170
1673777599 188
1673777600 108
1673777600 180
1673777600 191
1673777601 179
1673777601 148
1673777601 128
1673777601 157
1673777602 165
1673777602 183
1673777602 200
1673777602 131
1673777602 120
1673777603 180
1673777603 113
1673777603 198
1673777603 164
1673777604 199
1673777604 182
1673777604 104
1673777604 152
1673777604 112
1673777605 154
1673777605 113
1673777605 191
1673777606 189
1673777606 113
1673777606 163
1673777606 171
1673777606 177
1673777606 106
1673777607 117
1673777607 122
1673777607 122
1673777607 183
1673777608 194
1673777608 193
1673777608 159
1673777608 131
1673777608 167
1673777609 152
1673777609 110
1673777609 108
1673777609 180
1673777610 102
1673777610 195
1673777610 171
1673777610 167
1673777611 130
1673777611 106
1673777612 180
1673777612 151
1673777613 122
1673777613 130
1673777613 109
1673777614 139
1673777615 112
1673777616 180
1673777616 122
1673777616 199
1673777616 134
1673777617 177
1673777617 160
1673777617 179
1673777617 101
1673777617 157
1673777617 141
1673777619 198
1673777619 176
1673777620 118
1673777620 169
1673777620 142
1673777620 145
1673777621 104
1673777621 150
1673777621 118
1673777622 180
1673777622 129
1673777622 173
1673777623 128
1673777623 110
1673777623 125
1673777623 110
1673777624 110
1673777624 102
1673777624 198
1673777624 128
1673777625 108
1673777626 162
1673777627 115
1673777627 116
1673777627 101
1673777628 147
1673777628 116
1673777629 142
1673777629 182
1673777629 116
1673777629 146
1673777629 117
1673777630 139
1673777630 152
1673777631 117
1673777631 170
1673777632 126
1673777632 190
1673777633 191
1673777633 172
1673777634 115
1673777634 172
1673777634 167
1673777635 149
1673777635 144
1673777635 184
1673777636 126
1673777636 113
1673777636 146
1673777636 185
1673777637 142
1673777637 150
1673777638 127
1673777639 179
1673777639 108
1673777640 133
1673777640 164
1673777641 157
1673777641 152
1673777641 149
1673777641 164
1673777641 190
1673777642 190
1673777642 151
1673777642 142
1673777642 116
1673777642 102
1673777643 169
1673777644 162
1673777644 133
1673777644 170
1673777645 186
1673777645 175
1673777646 161
1673777646 111
1673777647 184
1673777647 117
1673777647 102
1673777648 127
1673777655 167
1673777657 144
1673777657 129
1673777658 101
1673777658 103
1673777659 174
1673777660 112
1673777662 148
1673777665 129
1673777665 152
1673777666 160
1673777666 107
1673777669 128
1673777669 157
1673777670 162
1673777670 152
1673777672 147
1673777672 149
1673777673 164
1673777674 163
1673777674 155
1673777674 142
1673777675 111
1673777677 190
1673777678 120
1673777678 141
1673777678 129
1673777679 145
1673777679 198
1673777681 152
1673777681 144
1673777681 174
1673777682 169
1673777682 142
1673777683 134
1673777683 157
1673777683 158
1673777684 149
1673777684 149
1673777686 191
1673777686 166
1673777686 195
1673777686 116
1673777687 151
1673777688 179
1673777688 141
1673777689 138
1673777689 179
1673777689 116
1673777691 119
1673777692 125
1673777694 141
1673777694 154
1673777694 150
1673777696 138
1673777696 146
1673777697 131
1673777698 166
1673777699 184
1673777699 185
1673777700 128
1673777700 109
1673777700 122
1673777701 171
1673777702 122
1673777702 159
1673777702 113
1673777703 157
1673777703 195
1673777704 126
1673777705 127
1673777706 124
1673777706 155
1673777706 145
1673777707 129
1673777707 168
1673777708 174
1673777708 141
1673777716 179
1673777716 164
1673777717 194
1673777717 111
1673777719 152
1673777719 132
1673777719 199
1673777719 189
1673777720 185
1673777720 148
1673777721 191
1673777721 143
1673777721 125
1673777722 152
1673777722 196
1673777723 144
1673777723 126
1673777724 124
1673777724 118
1673777725 161
1673777725 196
1673777725 124
1673777725 160
1673777725 159
1673777726 133
1673777726 135
1673777727 164
1673777727 140
1673777727 139
1673777728 170
1673777728 177
1673777728 174
1673777729 191
1673777729 178
1673777729 106
1673777729 191
1673777730 117
1673777730 172
1673777731 187
1673777731 183
1673777731 155
1673777732 147
1673777732 193
1673777732 149
1673777733 187
1673777733 119
1673777733 151
1673777733 118
1673777733 120
1673777734 129
1673777734 167
1673777734 158
1673777734 150
1673777734 165
1673777734 168
1673777734 114
1673777735 116
1673777735 191
1673777735 144
1673777735 189
1673777735 185
1673777736 196
1673777736 132
1673777736 111
1673777737 111
1673777737 145
1673777737 154
1673777738 177
1673777739 128
1673777739 161
1673777739 137
1673777739 186
1673777740 150
1673777741 117
1673777741 179
1673777742 138
1673777742 197
1673777742 123
1673777743 102
1673777744 145
1673777744 105
1673777744 126
1673777745 151
1673777745 115
1673777745 154
1673777745 173
1673777745 152
1673777746 110
1673777746 194
1673777746 109
1673777746 145
1673777746 192
1673777746 161
1673777747 174
1673777747 114
1673777748 105
1673777748 102
1673777748 178
1673777748 129
1673777748 182
1673777748 146
1673777748 109
1673777749 193
1673777750 173
1673777750 137
1673777750 110
1673777750 196
1673777750 161
1673777750 142
1673777751 171
1673777752 132
1673777752 199
1673777752 179
1673777752 189
1673777752 145
1673777753 155
1673777754 135
1673777754 116
1673777755 153
1673777755 137
1673777755 130
1673777755 195
1673777755 159
1673777756 155
1673777756 138
1673777756 133
1673777757 181
1673777758 136
1673777759 168
1673777759 146
1673777760 182
1673777760 176
1673777760 168
1673777760 110
1673777760 193
1673777761 166
1673777761 149
1673777761 113
1673777762 135
1673777762 112
1673777764 149
1673777765 181
1673777767 128
1673777774 115
1673777775 153
1673777775 131
1673777776 194
1673777776 122
1673777777 173
1673777778 196
1673777779 126
1673777781 137
1673777781 166
1673777782 103
1673777783 155
1673777784 180
1673777784 128
1673777786 133
1673777786 181
1673777787 183
1673777787 104
1673777788 103
1673777795 105
1673777795 102
1673777798 199
1673777798 164
1673777798 166
1673777798 159
1673777799 133
1673777804 190
1673777805 171
1673777807 113
1673777807 187
1673777808 123
1673777809 141
1673777811 157
1673777811 111
1673777812 122
1673777812 135
1673777812 154
1673777812 170
1673777813 119
1673777813 193
1673777814 164
1673777815 105
1673777815 197
1673777819 133
1673777819 160
1673777819 166
1673777819 101
1673777820 170
1673777821 105
1673777822 185
1673777822 141
1673777833 114
1673777834 145
1673777835 194
1673777836 160
1673777838 187
1673777846 183
1673777848 157
1673777848 199
1673777848 134
1673777849 187
1673777854 157
1673777857 143
1673777859 177
1673777860 130
1673777861 120
1673777869 188
1673777869 136
1673777869 115
1673777873 146
1673777875 135
1673777875 193
1673777876 141
1673777880 138
1673777885 145
1673777902 138
1673777902 113
1673777902 175
1673777902 147
1673777903 110
1673777903 165
1673777903 185
1673777904 177
1673777906 139
1673777906 122
1673777906 111
1673777908 152
1673777909 175
1673777910 133
1673777910 151
1673777913 120
1673777913 112
1673777915 134
1673777915 138
1673777915 120
1673777915 132
1673777916 106
1673777916 173
1673777916 186
1673777916 129
1673777916 192
1673777917 196
1673777917 145
1673777920 177
1673777920 183
1673777920 194
1673777921 112
1673777921 172
1673777924 149
1673777924 141
1673777924 137
1673777925 159
1673777925 144
1673777925 197
1673777927 107
1673777927 127
1673777928 193
1673777928 121
1673777928 195
1673777928 143
1673777929 122
1673777930 188
1673777933 109
1673777933 159
1673777933 158
1673777934 197
1673777934 107
1673777935 182
1673777935 104
1673777938 127
1673777938 170
1673777938 121
1673777939 155
1673777939 191
1673777939 141
1673777941 130
1673777943 153
1673777943 176
1673777944 191
1673777944 153
1673777946 156
1673777948 128
1673777948 135
1673777949 171
1673777953 126
1673777953 156
1673777954 114
1673777954 175
1673777954 156
1673777957 163
1673777957 129
1673777958 117
1673777959 156
1673777959 135
1673777961 168
1673777961 121
1673777962 124
1673777962 135
1673777963 109
1673777963 120
1673777964 164
1673777964 165
1673777965 134
1673777967 172
1673777967 130
1673777968 185
1673777968 159
1673777968 162
1673777971 106
1673777971 160
1673777971 125
1673777972 102
1673777972 116
1673777972 124
1673777973 178
1673777973 150
1673777973 111
1673777973 145
1673777973 122
1673777974 190
1673777974 137
1673777978 117
1673777978 112
1673777980 156
1673777980 187
1673777981 169
1673777982 193
1673777984 148
1673777984 193
1673777985 160
1673777985 151
1673777986 164
1673777986 155
1673777986 184
1673777986 160
1673777987 195
1673777987 107
1673777991 150
1673777999 105
1673778000 181
1673778003 136
1673778004 104
1673778004 173
1673778005 198
1673778007 136
1673778007 154
1673778008 177
1673778009 159
1673778011 170
1673778014 186
1673778016 103
1673778017 183
1673778017 174
1673778018 123
1673778019 164
1673778026 115
1673778027 109
1673778027 110
1673778027 122
1673778030 193
1673778030 108
1673778034 124
1673778038 173
1673778048 124
1673778048 189
1673778049 138
1673778049 108
1673778049 103
1673778050 116
1673778050 106
1673778050 137
1673778063 181
1673778063 197
1673778064 160
1673778064 162
1673778068 125
1673778068 131
1673778068 182
1673778072 101
1673778072 189
1673778076 155
1673778076 155
1673778076 157
1673778076 187
1673778076 163
1673778077 194
1673778080 148
1673778080 197
1673778083 133
1673778083 115
1673778083 168
1673778083 125
1673778083 121
1673778084 108
1673778095 162
1673778095 128
1673778100 132
1673778102 116
1673778105 187
1673778107 108
1673778107 200
1673778108 141
1673778111 142
1673778120 140
1673778122 101
1673778122 146
1673778122 127
1673778123 103
1673778124 146
1673778127 145
1673778129 117
1673778130 110
1673778130 125
1673778131 173
1673778131 182
1673778133 154
1673778133 131
1673778140 147
1673778143 184
1673778148 170
1673778157 138
1673778158 176
1673778158 106
1673778159 165
1673778159 182
1673778160 193
1673778160 163
1673778161 170
1673778164 143
1673778165 200
1673778165 187
1673778167 111
1673778169 156
1673778169 172
1673778170 193
1673778170 157
1673778171 173
1673778171 187
1673778171 111
1673778176 133
1673778176 116
1673778180 163
1673778192 104
1673778192 167
1673778192 144
1673778193 150
1673778194 174
1673778195 109
1673778196 172
1673778196 133
1673778196 189
1673778197 138
1673778197 170
1673778197 184
1673778197 173
1673778197 121
1673778198 150
1673778199 111
1673778199 148
1673778199 108
1673778200 149
1673778201 118
1673778203 170
1673778204 177
1673778204 178
1673778204 185
1673778205 107
1673778205 151
1673778205 123
1673778205 171
1673778207 104
1673778207 128
1673778207 135
1673778208 155
1673778209 160
1673778210 159
1673778211 101
1673778213 170
1673778214 122
1673778214 142
1673778214 173
1673778214 151
1673778214 139
1673778214 159
1673778215 181
1673778215 174
1673778215 110
1673778216 188
1673778216 140
1673778216 143
1673778216 113
1673778217 195
1673778217 191
1673778218 142
1673778218 163
1673778218 184
1673778218 159
1673778218 175
1673778218 101
1673778219 114
1673778220 163
1673778221 140
1673778221 140
1673778221 154
1673778222 189
1673778222 135
1673778223 112
1673778223 161
1673778224 164
1673778224 152
1673778225 178
1673778226 164
1673778226 116
1673778227 194
1673778227 144
1673778229 149
1673778229 132
1673778229 108
1673778230 139
1673778230 190
1673778234 112
1673778234 132
1673778234 129
1673778234 182
1673778235 101
1673778235 147
1673778235 151
1673778235 181
1673778236 162
1673778236 175
1673778236 149
1673778237 152
1673778237 171
1673778238 153
1673778238 189
1673778238 106
1673778238 183
1673778239 128
1673778239 181
1673778239 124
1673778239 179
1673778240 196
1673778240 132
1673778241 108
1673778241 198
1673778241 166
1673778241 159
1673778242 136
1673778242 107
1673778242 170
1673778244 191
1673778244 177
1673778244 158
1673778245 102
1673778245 146
1673778245 133
1673778246 197
1673778247 198
1673778247 172
1673778247 134
1673778247 110
1673778248 145
1673778248 171
1673778249 111
1673778249 198
1673778250 128
1673778250 177
1673778251 149
1673778251 126
1673778251 164
1673778251 104
1673778252 117
1673778252 189
1673778252 166
1673778253 155
1673778254 124
1673778255 102
1673778255 152
1673778256 106
1673778256 182
1673778257 141
1673778257 167
1673778257 101
1673778258 107
1673778258 194
1673778258 197
1673778259 128
1673778260 196
1673778260 168
1673778261 124
1673778261 168
1673778262 185
1673778262 187
1673778263 168
1673778264 127
1673778264 134
1673778264 152
1673778265 166
1673778265 185
1673778266 163
1673778267 163
1673778268 136
1673778271 188
1673778271 169
1673778272 200
1673778272 119
1673778272 134
1673778273 126
1673778273 110
1673778274 177
1673778275 146
1673778275 130
1673778275 174
1673778275 111
1673778276 119
1673778276 166
1673778277 104
1673778277 146
1673778277 140
1673778277 134
1673778278 170
1673778278 129
1673778278 180
1673778279 199
1673778279 115
1673778279 160
1673778280 191
1673778280 109
1673778280 129
1673778280 140
1673778280 159
1673778280 190
1673778281 126
1673778282 167
1673778283 101
1673778283 179
1673778283 132
1673778284 124
1673778284 179
1673778285 109
1673778285 199
1673778286 178
1673778286 179
1673778287 114
1673778287 170
1673778288 109
1673778288 180
1673778288 198
1673778288 177
1673778288 160
1673778288 186
1673778288 120
1673778289 132
1673778289 109
1673778289 158
1673778290 124
1673778290 103
1673778290 172
1673778290 144
1673778290 101
1673778291 145
1673778291 144
1673778292 177
1673778292 156
1673778292 185
1673778292 114
1673778292 134
1673778292 102
1673778292 160
1673778293 147
1673778293 169
1673778293 178
1673778293 178
1673778294 175
1673778294 107
1673778294 196
1673778294 197
1673778294 130
1673778294 119
1673778295 171
1673778296 168
1673778297 113
1673778297 124
1673778297 184
1673778297 180
1673778297 176
1673778297 149
1673778298 118
1673778298 111
1673778298 165
1673778299 182
1673778299 142
1673778299 114
1673778300 160
1673778300 140
1673778301 160
1673778301 199
1673778301 115
1673778301 176
1673778301 157
1673778302 181
1673778303 181
1673778303 104
1673778303 179
1673778304 129
1673778304 143
1673778304 200
1673778304 106
1673778304 163
1673778305 154
1673778305 136
1673778306 154
1673778306 197
1673778306 171
1673778306 124
1673778307 127
1673778307 125
1673778307 200
1673778307 195
1673778308 180
1673778308 110
1673778308 186
1673778309 147
1673778309 111
1673778309 190
1673778309 136
1673778310 199
1673778310 169
1673778310 140
1673778311 167
1673778311 144
1673778312 133
1673778312 105
1673778312 179
1673778312 134
1673778312 166
1673778313 199
1673778313 125
1673778313 151
1673778314 166
1673778314 129
1673778314 177
1673778314 190
1673778315 166
1673778316 115
1673778316 156
1673778316 108
1673778316 110
1673778317 108
1673778317 183
1673778317 153
1673778317 186
1673778318 137
1673778318 114
1673778318 120
1673778319 165
1673778319 196
1673778320 149
1673778320 172
1673778321 198
1673778321 190
1673778322 175
1673778322 106
1673778322 137
1673778322 195
1673778323 141
1673778323 176
1673778324 161
1673778324 114
1673778324 135
1673778325 108
1673778325 152
1673778325 108
1673778325 135
1673778326 196
1673778326 137
1673778326 138
1673778327 131
1673778327 142
1673778327 147
1673778327 113
1673778327 112
1673778327 130
1673778328 182
1673778329 188
1673778329 104
1673778329 140
1673778329 173
1673778330 142
1673778330 129
1673778330 162
1673778330 187
1673778331 110
1673778332 189
1673778332 144
1673778332 179
1673778332 140
1673778333 112
1673778333 123
1673778333 198
1673778334 187
1673778335 148
1673778335 178
1673778335 170
1673778336 108
1673778337 155
1673778337 125
1673778338 161
1673778339 101
1673778340 195
1673778340 106
1673778341 182
1673778341 141
1673778342 119
1673778342 174
1673778342 171
1673778342 124
1673778342 120
1673778342 173
1673778343 141
1673778343 170
1673778343 179
1673778344 110
1673778345 176
1673778345 164
1673778345 150
1673778345 108
1673778345 159
1673778346 156
1673778346 146
1673778346 131
1673778347 132
1673778347 108
1673778349 187
1673778349 126
1673778349 127
1673778350 159
1673778350 165
1673778352 176
1673778352 183
1673778353 114
1673778354 105
1673778354 188
1673778354 174
1673778355 128
1673778355 152
1673778355 153
1673778356 169
1673778356 147
1673778357 164
1673778357 166
1673778357 189
1673778357 142
1673778359 125
1673778359 158
1673778359 130
1673778359 131
1673778359 154
1673778360 123
1673778360 122
1673778360 123
1673778361 157
1673778361 159
1673778362 139
1673778362 159
1673778364 116
1673778365 116
1673778365 181
1673778365 184
1673778366 105
1673778367 190
1673778367 187
1673778367 118
1673778367 133
1673778367 126
1673778368 186
1673778368 182
1673778368 163
1673778368 110
1673778368 123
1673778369 109
1673778369 140
1673778370 122
1673778370 115
1673778370 189
1673778370 117
1673778371 132
1673778371 137
1673778371 171
1673778371 101
1673778372 133
1673778373 121
1673778373 171
1673778373 199
1673778373 101
1673778374 176
1673778374 133
1673778375 170
1673778375 189
1673778375 102
1673778375 174
1673778375 103
1673778376 148
1673778377 195
1673778377 156
1673778377 157
1673778377 151
1673778378 165
1673778378 132
1673778378 185
1673778379 184
1673778379 145
1673778379 189
1673778380 167
1673778380 185
1673778381 129
1673778381 179
1673778382 142
1673778382 156
1673778382 156
1673778382 199
1673778382 158
1673778383 121
1673778383 163
1673778383 113
1673778384 151
1673778384 160
1673778385 117
1673778385 108
1673778385 184
1673778386 146
1673778386 169
1673778386 167
1673778387 116
1673778387 185
1673778387 122
1673778388 192
1673778389 171
1673778389 144
1673778391 167
1673778391 187
1673778391 159
1673778391 135
1673778392 169
1673778392 158
1673778393 177
1673778393 147
1673778393 171
1673778393 150
1673778393 133
1673778394 156
1673778394 122
1673778396 129
1673778396 144
1673778396 178
1673778396 153
1673778397 143
1673778397 174
1673778398 180
1673778398 125
1673778398 125
1673778398 160
1673778398 180
1673778399 119
1673778400 176
1673778400 137
1673778401 178
1673778401 200
1673778401 148
1673778401 156
1673778401 117
1673778401 137
1673778401 183
1673778402 196
1673778402 163
1673778402 184
1673778403 118
1673778403 117
1673778403 115
1673778404 165
1673778404 161
1673778404 137
1673778404 179
1673778405 167
1673778405 161
1673778406 167
1673778406 196
1673778407 136
1673778407 101
1673778407 198
1673778407 155
1673778408 141
1673778408 101
1673778408 166
1673778408 129
1673778409 191
1673778411 169
1673778411 115
1673778412 159
1673778412 196
1673778413 124
1673778413 145
1673778413 139
1673778413 184
1673778414 173
1673778414 172
1673778414 130
1673778414 115
1673778415 150
1673778415 195
1673778417 193
1673778417 119
1673778418 149
1673778418 171
1673778418 171
1673778418 117
1673778418 155
1673778419 159
1673778420 110
1673778421 134
1673778422 193
1673778422 159
1673778422 123
1673778422 144
1673778424 160
1673778425 141
1673778425 116
1673778425 119
1673778425 108
1673778425 147
1673778425 128
1673778425 156
1673778425 198
1673778425 184
1673778426 161
1673778426 168
1673778426 185
1673778426 126
1673778426 122
1673778427 167
1673778427 105
1673778427 126
1673778427 138
1673778427 188
1673778428 191
1673778428 124
1673778430 117
1673778431 177
1673778431 140
1673778431 123
1673778432 136
1673778432 156
1673778432 176
1673778432 106
1673778433 194
1673778433 131
1673778434 158
1673778435 137
1673778435 191
1673778436 164
1673778436 114
1673778436 196
1673778436 105
1673778437 141
1673778437 163
1673778437 141
1673778437 163
1673778437 114
1673778438 137
1673778438 115
1673778438 174
1673778438 177
1673778439 175
1673778439 123
1673778440 101
1673778440 151
1673778440 106
1673778441 142
1673778441 197
1673778442 146
1673778442 146
1673778442 197
1673778442 199
1673778442 145
1673778442 103
1673778443 147
1673778443 140
1673778444 174
1673778444 110
1673778446 159
1673778446 122
1673778446 150
1673778447 180
1673778447 160
1673778447 194
1673778448 121
1673778448 118
1673778449 115
1673778449 172
1673778449 166
1673778449 121
1673778449 141
1673778451 132
1673778452 171
1673778452 188
1673778452 117
1673778453 178
1673778453 171
1673778453 183
1673778453 141
1673778454 188
1673778454 193
1673778454 131
1673778455 146
1673778455 185
1673778455 199
1673778455 159
1673778455 159
1673778456 134
1673778456 189
1673778457 167
1673778457 188
1673778457 104
1673778458 173
1673778459 148
1673778459 140
1673778459 184
1673778459 186
1673778459 190
1673778460 155
1673778460 124
1673778460 189
1673778461 153
1673778462 119
1673778462 147
1673778462 193
1673778463 104
1673778463 199
1673778464 151
1673778464 194
1673778464 101
1673778464 184
1673778464 176
1673778465 164
1673778466 130
1673778466 186
1673778466 161
1673778467 126
1673778468 198
1673778468 116
1673778469 103
1673778469 164
1673778469 181
1673778470 193
1673778470 176
1673778470 112
1673778470 199
1673778471 107
1673778471 152
1673778471 160
1673778472 129
1673778472 165
1673778472 160
1673778472 127
1673778473 200
1673778473 136
1673778474 174
1673778475 105
1673778475 123
1673778476 124
1673778476 129
1673778476 193
1673778477 176
1673778478 131
1673778478 111
1673778478 134
1673778478 160
1673778478 147
1673778478 101
1673778479 116
1673778479 123
1673778479 139
1673778480 134
1673778480 137
1673778480 170
1673778481 117
1673778481 179
1673778483 119
1673778483 190
1673778483 148
1673778483 170
1673778483 152
1673778484 176
1673778484 155
1673778484 191
1673778485 102
1673778486 127
1673778486 146
1673778486 195
1673778487 111
1673778487 196
1673778487 135
1673778487 196
1673778488 178
1673778488 122
1673778489 181
1673778489 144
1673778489 166
1673778489 185
1673778489 162
1673778490 140
1673778490 140
1673778491 111
1673778491 136
1673778491 134
1673778491 107
1673778492 186
1673778493 119
1673778493 118
1673778493 171
1673778493 111
1673778493 119
1673778493 186
1673778494 147
1673778494 152
1673778494 166
1673778495 200
1673778495 190
1673778495 154
1673778496 131
1673778496 146
1673778496 200
1673778497 158
1673778498 162
1673778498 159
1673778498 129
1673778498 114
1673778498 107
1673778498 157
1673778498 127
1673778499 194
1673778499 146
1673778500 185
1673778500 136
1673778501 160
1673778501 163
1673778501 133
1673778502 127
1673778502 178
1673778502 108
1673778503 102
1673778504 125
1673778504 150
1673778504 122
1673778504 103
1673778505 119
1673778505 135
1673778505 119
1673778505 139
1673778505 191
1673778506 197
1673778506 186
1673778506 171
1673778506 111
1673778506 109
1673778506 146
1673778507 186
1673778507 120
1673778507 104
1673778508 135
1673778508 109
1673778509 183
1673778510 121
1673778510 133
1673778510 124
1673778510 137
1673778511 153
1673778512 128
1673778512 192
1673778512 158
1673778512 163
1673778513 178
1673778513 186
1673778514 167
1673778515 149
1673778515 159
1673778515 101
1673778515 182
1673778516 178
1673778516 151
1673778516 131
1673778517 172
1673778517 117
1673778517 158
1673778518 150
1673778519 180
1673778519 152
1673778519 121
1673778520 139
1673778520 125
1673778520 116
1673778522 152
1673778522 123
1673778523 199
1673778523 106
1673778523 115
1673778524 112
1673778524 136
1673778525 137
1673778525 138
1673778525 187
1673778526 155
1673778526 127
1673778527 196
1673778527 162
1673778527 172
1673778528 174
1673778529 121
1673778530 105
1673778530 142
1673778531 112
1673778531 126
1673778531 101
1673778531 175
1673778532 165
1673778532 170
1673778533 144
1673778533 109
1673778534 109
1673778535 171
1673778535 181
1673778535 151
1673778536 116
1673778536 103
1673778536 183
1673778536 188
1673778537 151
1673778538 187
1673778538 169
1673778538 115
1673778539 103
1673778539 154
1673778539 161
1673778540 194
1673778541 181
1673778541 106
1673778542 124
1673778543 192
1673778543 106
1673778543 113
1673778543 139
1673778543 104
1673778544 128
1673778544 135
1673778545 131
1673778546 192
1673778548 166
1673778548 200
1673778549 101
1673778549 153
1673778549 164
1673778550 110
1673778550 124
1673778551 167
1673778551 194
1673778551 126
1673778551 133
1673778551 144
1673778552 138
1673778552 120
1673778552 111
1673778553 118
1673778553 179
1673778554 200
1673778554 101
1673778555 197
1673778555 135
1673778556 190
1673778556 111
1673778556 160
1673778556 113
1673778557 169
1673778557 186
1673778557 102
1673778557 167
1673778558 118
1673778558 106
1673778558 125
1673778558 141
1673778558 193
1673778559 101
1673778559 152
1673778559 101
1673778559 179
1673778560 112
1673778560 196
1673778561 106
1673778561 188
1673778561 134
1673778562 180
1673778562 148
1673778562 111
1673778562 199
1673778563 151
1673778563 184
1673778564 148
1673778564 186
1673778565 127
1673778566 183
1673778566 116
1673778567 132
1673778567 148
1673778567 105
1673778567 169
1673778567 137
1673778568 115
1673778568 171
1673778569 168
1673778569 117
1673778569 131
1673778569 197
1673778569 112
1673778569 105
1673778569 105
1673778570 167
1673778570 183
1673778570 112
1673778571 126
1673778571 153
1673778572 146
1673778572 159
1673778572 101
1673778573 146
1673778574 126
1673778574 116
1673778574 186
1673778575 129
1673778575 189
1673778575 112
1673778575 144
1673778576 185
1673778576 120
1673778576 120
1673778577 196
1673778577 196
1673778578 106
1673778578 142
1673778579 132
1673778579 198
1673778579 107
1673778579 170
1673778580 145
1673778581 197
1673778581 126
1673778581 105
1673778582 107
1673778582 117
1673778583 181
1673778583 125
1673778583 112
1673778584 137
1673778584 125
1673778585 147
1673778586 186
1673778586 187
1673778586 124
1673778587 144
1673778587 173
1673778587 108
1673778588 163
1673778588 196
1673778588 104
1673778588 145
1673778588 166
1673778589 179
1673778589 176
1673778589 152
1673778590 169
1673778590 117
1673778590 180
1673778592 197
1673778592 161
1673778592 158
1673778592 124
1673778593 180
1673778593 131
1673778593 188
1673778594 165
1673778594 111
1673778594 193
1673778595 144
1673778595 156
1673778596 148
1673778596 164
1673778596 170
1673778597 178
1673778598 134
1673778599 113
1673778600 117
1673778600 188
1673778600 192
1673778601 187
1673778601 154
1673778601 115
1673778602 110
1673778603 149
1673778603 135
1673778603 107
1673778604 166
1673778604 110
1673778605 121
1673778605 127
1673778605 172
1673778605 159
1673778606 158
1673778606 140
1673778606 189
1673778606 111
1673778606 172
1673778607 121
1673778607 162
1673778607 179
1673778608 128
1673778609 181
1673778610 157
1673778610 151
1673778611 121
1673778611 130
1673778612 105
1673778612 188
1673778613 104
1673778614 179
1673778614 164
1673778615 130
1673778615 146
1673778615 147
1673778616 117
1673778617 144
1673778617 155
1673778617 198
1673778618 144
1673778618 192
1673778618 120
1673778618 137
1673778619 141
1673778619 101
1673778619 119
1673778620 150
1673778620 137
1673778620 179
1673778621 162
1673778621 132
1673778622 144
1673778622 196
1673778622 115
1673778622 120
1673778622 130
1673778622 174
1673778623 106
1673778624 134
1673778624 163
1673778625 115
1673778625 125
1673778625 195
1673778626 132
1673778627 138
1673778628 101
1673778628 112
1673778629 183
1673778630 149
1673778630 131
1673778630 188
1673778631 142
1673778631 139
1673778632 163
1673778633 112
1673778633 134
1673778633 185
1673778634 154
1673778634 165
1673778635 161
1673778635 155
1673778636 165
1673778636 163
1673778636 132
1673778637 200
1673778637 146
1673778638 198
1673778638 140
1673778638 199
1673778638 111
1673778639 145
1673778639 185
1673778640 172
1673778640 189
1673778641 149
1673778641 109
1673778642 159
1673778642 109
1673778643 104
1673778643 177
1673778644 125
1673778644 137
1673778644 101
1673778644 137
1673778645 101
1673778645 194
1673778646 131
1673778646 172
1673778646 129
1673778646 133
1673778647 106
1673778647 109
1673778647 151
1673778647 140
1673778648 151
1673778648 169
1673778648 112
1673778649 142
1673778649 141
1673778650 131
1673778650 197
1673778651 154
1673778651 128
1673778651 142
1673778651 122
1673778652 117
1673778652 162
1673778653 136
1673778654 174
1673778654 144
1673778654 115
1673778654 140
1673778655 152
1673778655 104
1673778655 151
1673778656 162
1673778656 127
1673778656 138
1673778656 156
1673778656 122
1673778656 191
1673778657 109
1673778658 191
1673778658 170
1673778659 187
1673778660 138
1673778660 180
1673778660 158
1673778661 195
1673778661 159
1673778662 156
1673778663 135
1673778663 105
1673778664 128
1673778664 171
1673778664 193
1673778664 191
1673778665 130
1673778665 101
1673778665 108
1673778666 150
1673778666 163
1673778666 104
1673778666 177
1673778667 117
1673778668 124
1673778669 145
1673778669 188
1673778669 131
1673778670 107
1673778670 163
1673778670 114
1673778670 111
1673778671 114
1673778671 141
1673778671 149
1673778671 146
1673778672 165
1673778672 137
1673778672 181
1673778672 120
1673778673 137
1673778673 107
1673778673 199
1673778673 135
1673778674 110
1673778674 196
1673778675 110
1673778676 193
1673778676 155
1673778676 168
1673778676 106
1673778677 133
1673778677 171
1673778677 106
1673778678 197
1673778678 166
1673778678 195
1673778679 119
1673778680 138
1673778681 103
1673778681 141
1673778681 131
1673778682 130
1673778683 187
1673778683 106
1673778683 124
1673778683 128
1673778684 123
1673778685 146
1673778685 148
1673778686 156
1673778686 185
1673778686 193
1673778687 162
1673778688 153
1673778689 190
1673778689 144
1673778689 152
1673778690 119
1673778690 187
1673778690 148
1673778691 131
1673778692 181
1673778692 139
1673778692 160
1673778692 106
1673778692 106
1673778693 117
1673778693 181
1673778694 170
1673778694 198
1673778695 180
1673778697 184
1673778697 141
1673778698 117
1673778699 170
1673778699 107
1673778699 156
1673778699 159
1673778699 195
1673778701 169
1673778701 199
1673778701 135
1673778702 145
1673778703 148
1673778703 109
1673778703 108
1673778704 174
1673778704 159
1673778704 167
1673778705 182
1673778705 197
1673778705 145
1673778705 160
1673778706 165
1673778706 127
1673778706 117
1673778707 176
1673778707 126
1673778708 189
1673778709 200
1673778709 132
1673778709 166
1673778709 199
1673778710 157
1673778710 185
1673778711 108
1673778711 149
1673778711 156
1673778711 181
1673778711 161
1673778711 117
1673778712 116
1673778713 146
1673778713 135
1673778713 144
1673778714 184
1673778714 108
1673778714 140
1673778715 128
1673778717 175
1673778717 110
1673778717 189
1673778717 141
1673778718 181
1673778718 185
1673778718 138
1673778718 143
1673778719 113
1673778720 124
1673778721 124
1673778721 189
1673778721 152
1673778722 139
1673778723 163
1673778725 175
1673778725 121
1673778726 196
1673778726 151
1673778726 197
1673778726 168
1673778727 122
1673778727 102
1673778727 128
1673778728 177
1673778728 162
1673778728 135
1673778728 140
1673778729 159
1673778729 185
1673778730 178
1673778730 170
1673778730 136
1673778730 157
1673778731 167
1673778731 152
1673778731 132
1673778731 135
1673778731 118
1673778731 198
1673778731 192
1673778732 102
1673778732 177
1673778733 124
1673778733 110
1673778733 139
1673778733 160
1673778733 175
1673778734 167
1673778735 118
1673778735 106
1673778735 109
1673778735 105
1673778736 158
1673778736 158
1673778736 120
1673778736 185
1673778736 188
1673778736 177
1673778736 151
1673778737 105
1673778737 156
1673778738 173
1673778740 178
1673778740 131
1673778741 109
1673778741 148
1673778741 111
1673778741 117
1673778741 159
1673778741 135
1673778741 155
1673778742 181
1673778744 141
1673778744 164
1673778745 128
1673778745 103
1673778746 162
1673778746 169
1673778748 106
1673778748 121
1673778748 196
1673778749 149
1673778749 125
1673778749 158
1673778749 199
1673778749 149
1673778750 135
1673778750 179
1673778751 185
1673778751 179
1673778751 179
1673778751 144
1673778752 115
1673778753 171
1673778754 157
1673778754 172
1673778754 141
1673778755 149
1673778755 193
1673778755 177
1673778755 163
1673778756 111
1673778756 188
1673778756 130
1673778757 176
1673778757 158
1673778757 194
1673778758 117
1673778758 126
1673778758 111
1673778758 134
1673778758 145
1673778758 138
1673778758 155
1673778759 115
1673778759 108
1673778760 141
1673778760 122
1673778760 158
1673778760 140
1673778761 136
1673778761 164
1673778761 155
1673778761 129
1673778761 134
1673778762 101
1673778762 107
1673778762 198
1673778762 135
1673778762 163
1673778763 105
1673778763 106
1673778763 159
1673778764 112
1673778764 172
1673778764 128
1673778764 119
1673778765 133
1673778765 147
1673778766 101
1673778766 176
1673778767 151
1673778768 115
1673778768 103
1673778768 113
1673778768 139
1673778768 154
1673778769 106
1673778770 101
1673778770 109
1673778770 170
1673778770 199
1673778771 163
1673778771 121
1673778771 122
1673778772 153
1673778772 135
1673778772 173
1673778774 142
1673778774 154
1673778774 101
1673778775 199
1673778775 153
1673778775 128
1673778776 160
1673778776 139
1673778776 182
1673778777 134
1673778778 114
1673778778 110
1673778779 147
1673778779 162
1673778779 127
1673778779 141
1673778780 126
1673778780 174
1673778780 192
1673778781 136
1673778781 118
1673778781 138
1673778781 198
1673778782 124
1673778783 188
1673778783 198
1673778783 134
1673778783 118
1673778784 161
1673778784 163
1673778784 104
1673778785 107
1673778785 166
1673778786 166
1673778786 142
1673778787 162
1673778787 111
1673778788 171
1673778789 178
1673778789 191
1673778789 185
1673778789 140
1673778790 183
1673778790 115
1673778790 195
1673778790 162
1673778791 135
1673778791 172
1673778791 147
1673778791 163
1673778792 144
1673778792 162
1673778792 156
1673778793 132
1673778793 168
1673778794 103
1673778794 172
1673778795 178
1673778795 101
1673778796 173
1673778796 183
1673778797 181
1673778797 119
1673778797 108
1673778797 124
1673778797 158
1673778798 125
1673778798 198
1673778798 131
1673778800 106
1673778800 121
1673778800 129
1673778800 117
1673778801 187
1673778802 134
1673778802 183
1673778802 184
1673778803 152
1673778803 154
1673778803 128
1673778804 173
1673778804 157
1673778805 118
1673778805 131
1673778806 158
1673778806 129
1673778807 172
1673778807 133
1673778807 160
1673778807 137
1673778807 195
1673778808 121
1673778808 184
1673778809 181
1673778810 116
1673778810 110
1673778810 116
1673778811 104
1673778811 182
1673778811 105
1673778811 138
1673778812 161
1673778812 108
1673778813 196
1673778813 197
1673778813 150
1673778813 157
1673778813 175
1673778813 134
1673778814 192
1673778814 175
1673778814 174
1673778815 109
1673778815 182
1673778815 181
1673778816 161
1673778816 155
1673778816 109
1673778817 113
1673778818 189
1673778818 163
1673778819 196
1673778819 159
1673778819 145
1673778819 164
1673778820 132
1673778820 176
1673778820 154
1673778821 160
1673778822 185
1673778822 109
1673778822 183
1673778823 105
1673778823 154
1673778823 189
1673778823 167
1673778824 110
1673778824 164
1673778824 200
1673778825 137
1673778825 119
1673778825 102
1673778826 162
1673778826 176
1673778826 190
1673778827 144
1673778827 143
1673778827 127
1673778828 118
1673778828 186
1673778828 188
1673778830 122
1673778830 147
1673778830 144
1673778830 146
1673778832 109
1673778833 116
1673778833 166
1673778833 114
1673778833 113
1673778833 185
1673778834 119
1673778834 200
1673778834 157
1673778834 123
1673778835 121
1673778835 200
1673778837 144
1673778837 143
1673778838 129
1673778838 122
1673778838 140
1673778838 116
1673778839 130
1673778839 180
1673778839 183
1673778840 160
1673778840 161
1673778840 120
1673778840 184
1673778841 135
1673778842 137
1673778842 172
1673778843 153
1673778843 198
1673778843 113
1673778843 141
1673778844 154
1673778844 130
1673778845 131
1673778846 182
1673778846 118
1673778846 164
1673778847 102
1673778847 175
1673778847 137
1673778848 167
1673778849 160
1673778849 171
1673778849 141
1673778850 104
1673778851 171
1673778851 165
1673778851 113
1673778852 163
1673778852 127
1673778853 184
1673778853 166
1673778853 177
1673778853 167
1673778854 129
1673778854 153
1673778855 135
1673778855 186
1673778855 175
1673778856 145
1673778856 114
1673778856 104
1673778857 194
1673778857 109
1673778857 198
1673778857 113
1673778857 147
1673778858 114
1673778858 105
1673778858 168
1673778858 148
1673778859 140
1673778859 103
1673778859 110
1673778859 199
1673778859 111
1673778860 127
1673778860 176
1673778861 175
1673778861 186
1673778861 130
1673778861 104
1673778861 193
1673778862 112
1673778862 185
1673778863 172
1673778863 182
1673778863 112
1673778864 173
1673778864 158
1673778864 179
1673778864 121
1673778865 113
1673778865 130
1673778865 126
1673778865 124
1673778865 151
1673778866 180
1673778866 199
1673778867 153
1673778871 129
1673778871 142
1673778872 155
1673778872 172
1673778872 163
1673778873 135
1673778873 194
1673778873 131
1673778874 120
1673778874 162
1673778875 157
1673778875 176
1673778876 165
1673778876 143
1673778876 156
1673778877 112
1673778878 158
1673778879 179
1673778879 129
1673778879 128
1673778879 181
1673778880 123
1673778880 161
1673778880 122
1673778881 183
1673778881 120
1673778881 178
1673778881 168
1673778881 161
1673778882 197
1673778882 162
1673778882 129
1673778883 137
1673778884 101
1673778884 124
1673778884 116
1673778885 190
1673778887 167
1673778887 187
1673778888 185
1673778888 127
1673778888 173
1673778888 119
1673778889 118
1673778889 170
1673778890 179
1673778890 192
1673778890 133
1673778890 122
1673778890 200
1673778891 155
1673778891 192
1673778891 158
1673778891 163
1673778892 170
1673778893 180
1673778893 176
1673778893 149
1673778894 184
1673778894 200
1673778894 138
1673778894 152
1673778894 119
1673778894 129
1673778895 179
1673778895 146
1673778896 111
1673778896 129
1673778897 159
1673778897 164
1673778897 138
1673778898 132
1673778899 150
1673778899 144
1673778899 151
1673778900 119
1673778900 129
1673778900 123
1673778901 111
1673778901 114
1673778902 129
1673778902 119
1673778902 160
1673778902 149
1673778902 144
1673778902 102
1673778903 184
1673778903 156
1673778903 156
1673778905 162
1673778905 164
1673778906 126
1673778906 199
1673778906 169
1673778907 163
1673778908 158
1673778908 122
1673778908 165
1673778910 182
1673778911 197
1673778911 175
1673778911 171
1673778912 131
1673778913 162
1673778913 141
1673778913 175
1673778914 186
1673778914 195
1673778915 176
1673778916 197
1673778916 184
1673778916 182
1673778916 193
1673778916 195
1673778917 103
1673778917 137
1673778918 140
1673778919 200
1673778919 182
1673778920 200
1673778920 155
1673778921 194
1673778921 123
1673778921 116
1673778922 123
1673778922 125
1673778922 175
1673778923 185
1673778924 120
1673778924 196
1673778924 111
1673778925 147
1673778925 148
1673778925 200
1673778925 118
1673778926 182
1673778927 156
1673778928 167
1673778928 133
1673778928 174
1673778928 120
1673778928 162
1673778929 117
1673778929 180
1673778929 137
1673778930 146
1673778930 183
1673778930 108
1673778932 124
1673778933 146
1673778933 140
1673778933 141
1673778934 135
1673778934 172
1673778934 144
1673778934 170
1673778934 130
1673778935 138
1673778935 138
1673778935 180
1673778935 133
1673778935 108
1673778936 105
1673778936 165
1673778936 186
1673778936 166
1673778937 102
1673778937 127
1673778937 145
1673778938 184
1673778938 182
1673778938 187
1673778938 193
1673778939 189
1673778939 104
1673778939 177
1673778940 191
1673778940 165
1673778940 170
1673778941 147
1673778941 132
1673778941 133
1673778941 140
1673778941 160
1673778941 189
1673778942 175
1673778942 109
1673778943 150
1673778943 190
1673778943 182
1673778943 170
1673778944 114
1673778944 166
1673778945 105
1673778945 163
1673778945 129
1673778946 156
1673778946 128
1673778947 122
1673778948 144
1673778948 163
1673778949 113
1673778950 123
1673778950 187
1673778950 199
1673778950 174
1673778951 142
1673778951 165
1673778953 116
1673778953 197
1673778954 139
1673778955 120
1673778956 195
1673778957 182
1673778957 164
1673778957 126
1673778957 132
1673778958 163
1673778959 156
1673778959 125
1673778959 195
1673778960 176
1673778960 196
1673778960 115
1673778960 187
1673778961 149
1673778961 177
1673778961 127
1673778962 111
1673778962 107
1673778962 139
1673778963 137
1673778963 169
1673778964 200
1673778964 195
1673778964 110
1673778964 157
1673778965 163
1673778965 165
1673778965 175
1673778965 186
1673778965 188
1673778966 133
1673778966 146
1673778967 111
1673778968 107
1673778969 103
1673778969 182
1673778969 105
1673778970 129
1673778970 176
1673778970 190
1673778970 135
1673778970 159
1673778971 111
1673778972 104
1673778972 130
1673778973 197
1673778973 110
1673778975 194
1673778975 101
1673778976 149
1673778976 158
1673778976 172
1673778976 149
1673778977 193
1673778978 124
1673778978 184
1673778979 120
1673778979 156
1673778979 169
1673778980 157
1673778981 146
1673778981 186
1673778981 181
1673778981 178
1673778981 141
1673778982 139
1673778982 144
1673778982 102
1673778983 178
1673778984 107
1673778984 168
1673778984 112
1673778985 165
1673778985 198
1673778986 130
1673778986 160
1673778986 135
1673778987 154
1673778987 192
1673778987 159
1673778988 169
1673778989 104
1673778990 105
1673778990 157
1673778990 161
1673778991 151
1673778991 135
1673778991 125
1673778992 111
1673778992 172
1673778993 184
1673778993 197
1673778993 149
1673778993 137
1673778994 144
1673778994 184
1673778995 136
1673778996 153
1673778996 113
1673778996 118
1673778996 121
1673778997 138
1673778997 103
1673778997 141
1673778997 134
1673778997 173
1673778997 165
1673778997 142
1673778997 191
1673778997 175
1673778998 103
1673778998 141
1673779000 127
1673779000 158
1673779001 190
1673779001 172
1673779001 140
1673779001 116
1673779003 114
1673779003 140
1673779004 144
1673779005 146
1673779005 168
1673779006 133
1673779006 109
1673779006 148
1673779007 118
1673779007 117
1673779007 110
1673779008 109
1673779008 123
1673779008 149
1673779008 175
1673779008 161
1673779009 117
1673779009 177
1673779010 145
1673779010 111
1673779010 182
1673779011 168
1673779012 110
1673779013 169
1673779014 151
1673779014 155
1673779014 101
1673779014 191
1673779015 153
1673779016 162
1673779017 134
1673779017 161
1673779017 108
1673779017 181
1673779017 137
1673779017 105
1673779018 130
1673779018 154
1673779018 156
1673779018 162
1673779019 192
1673779019 166
1673779019 145
1673779019 180
1673779020 115
1673779021 144
1673779022 101
1673779022 185
1673779022 167
1673779022 103
1673779023 104
1673779024 126
1673779024 196
1673779025 119
1673779026 103
1673779026 172
1673779026 163
1673779027 120
1673779027 174
1673779027 127
1673779027 111
1673779028 174
1673779028 102
1673779028 197
1673779030 152
1673779030 126
1673779030 118
1673779031 183
1673779031 126
1673779031 179
1673779031 108
1673779032 198
1673779032 102
1673779033 153
1673779033 179
1673779034 173
1673779034 106
1673779035 153
1673779035 157
1673779035 169
1673779035 194
1673779036 179
1673779038 155
1673779039 188
1673779039 152
1673779039 179
1673779039 119
1673779039 178
1673779039 142
1673779039 192
1673779039 139
1673779040 122
1673779040 164
1673779040 185
1673779040 176
1673779040 164
1673779041 176
1673779041 194
1673779041 165
1673779042 140
1673779042 131
1673779042 132
1673779044 180
1673779044 124
1673779044 115
1673779044 111
1673779045 153
1673779045 164
1673779045 137
1673779046 139
1673779046 179
1673779046 199
1673779046 115
1673779047 146
1673779048 112
1673779048 130
1673779049 130
1673779049 192
1673779049 175
1673779049 182
1673779050 196
1673779050 122
1673779050 128
1673779050 124
1673779051 121
1673779051 148
1673779051 162
1673779052 116
1673779052 185
1673779052 140
1673779053 197
1673779053 129
1673779054 125
1673779054 190
1673779054 156
1673779054 150
1673779054 117
1673779054 171
1673779056 169
1673779056 173
1673779056 142
1673779056 141
1673779057 195
1673779057 119
1673779058 116
1673779059 116
1673779060 200
1673779060 107
1673779060 143
1673779061 143
1673779061 164
1673779062 146
1673779063 114
1673779063 103
1673779063 106
1673779064 140
1673779064 175
1673779065 149
1673779065 184
1673779066 189
1673779066 108
1673779067 124
1673779067 134
1673779067 119
1673779068 144
1673779068 166
1673779069 103
1673779069 180
1673779070 115
1673779070 159
1673779070 146
1673779071 125
1673779071 122
1673779071 197
1673779072 153
1673779073 194
1673779074 131
1673779074 129
1673779074 154
1673779074 156
1673779074 140
1673779074 172
1673779075 112
1673779075 140
1673779075 110
1673779076 147
1673779076 178
1673779077 132
1673779077 130
1673779077 173
1673779077 121
1673779078 114
1673779078 198
1673779078 179
1673779079 192
1673779079 150
1673779080 200
1673779080 112
1673779080 190
1673779081 146
1673779081 142
1673779081 107
1673779081 108
1673779082 184
1673779083 155
1673779083 121
1673779083 182
1673779083 138
1673779085 166
1673779085 137
1673779085 195
1673779085 116
1673779086 155
1673779086 139
1673779086 167
1673779087 147
1673779088 189
1673779088 157
1673779089 153
1673779090 158
1673779090 104
1673779090 137
1673779090 184
1673779091 122
1673779092 116
1673779092 120
1673779092 167
1673779093 122
1673779093 103
1673779093 125
1673779094 108
1673779094 165
1673779095 160
1673779095 157
1673779096 126
1673779096 125
1673779096 152
1673779096 119
1673779096 103
1673779096 107
1673779099 119
1673779100 139
1673779100 109
1673779100 105
1673779101 134
1673779101 147
1673779101 121
1673779102 114
1673779103 118
1673779103 143
1673779103 129
1673779104 167
1673779104 148
1673779104 184
1673779104 150
1673779104 158
1673779105 147
1673779105 192
1673779105 120
1673779105 199
1673779106 177
1673779106 154
1673779106 185
1673779107 165
1673779107 123
1673779107 151
1673779108 108
1673779108 145
1673779108 132
1673779108 174
1673779108 180
1673779108 170
1673779108 142
1673779109 200
1673779109 152
1673779109 114
1673779110 102
1673779110 127
1673779110 114
1673779110 123
1673779110 155
1673779111 136
1673779111 135
1673779111 146
1673779112 115
1673779112 151
1673779112 158
1673779112 144
1673779113 174
1673779113 172
1673779114 191
1673779114 173
1673779114 191
1673779115 151
1673779115 197
1673779115 140
1673779115 175
1673779115 111
1673779115 183
1673779115 105
1673779116 158
1673779117 102
1673779118 195
1673779120 124
1673779120 164
1673779120 192
1673779122 156
1673779123 118
1673779124 120
1673779124 106
1673779124 126
1673779125 108
1673779125 198
1673779125 141
1673779126 162
1673779126 145
1673779126 169
1673779126 107
1673779127 152
1673779127 110
1673779127 110
1673779127 148
1673779127 142
1673779127 105
1673779128 173
1673779128 125
1673779128 158
1673779128 167
1673779129 145
1673779129 137
1673779129 146
1673779130 112
1673779130 135
1673779131 139
1673779131 129
1673779132 108
1673779132 157
1673779132 146
1673779133 131
1673779133 180
1673779134 128
1673779134 181
1673779134 198
1673779134 141
1673779134 116
1673779136 102
1673779136 156
1673779136 174
1673779136 104
1673779137 148
1673779137 174
1673779138 197
1673779138 194
1673779138 196
1673779138 122
1673779138 158
1673779139 152
1673779139 122
1673779139 172
1673779139 112
1673779140 192
1673779141 182
1673779141 199
1673779141 152
1673779142 171
1673779142 108
1673779143 182
1673779144 144
1673779144 181
1673779144 175
1673779145 189
1673779145 189
1673779145 168
1673779145 130
1673779146 119
1673779146 196
1673779146 171
1673779146 161
1673779147 122
1673779147 139
1673779148 179
1673779148 129
1673779150 129
1673779150 119
1673779150 122
1673779151 154
1673779151 126
1673779151 156
1673779152 181
1673779152 137
1673779152 148
1673779153 114
1673779153 162
1673779154 127
1673779156 160
1673779156 130
1673779156 121
1673779157 142
1673779157 108
1673779157 125
1673779157 136
1673779158 103
1673779158 162
1673779158 108
1673779158 108
1673779159 142
1673779159 132
1673779160 116
1673779161 156
1673779161 164
1673779161 200
1673779162 101
1673779162 186
1673779162 176
1673779163 150
1673779163 183
1673779164 120
1673779164 134
1673779165 139
1673779165 108
1673779165 104
1673779166 142
1673779166 172
1673779166 186
1673779167 139
1673779167 197
1673779167 145
1673779168 119
1673779168 153
1673779168 113
1673779168 133
1673779169 123
1673779169 116
1673779170 142
1673779170 162
1673779170 119
1673779171 147
1673779172 200
1673779172 160
1673779172 149
1673779172 137
1673779173 188
1673779173 124
1673779174 194
1673779175 155
1673779175 161
1673779175 170
1673779175 185
1673779176 174
1673779176 156
1673779176 165
1673779176 121
1673779176 156
1673779178 177
1673779179 185
1673779179 124
1673779179 116
1673779179 152
1673779180 105
1673779180 115
1673779181 172
1673779181 148
1673779182 187
1673779182 162
1673779183 182
1673779183 198
1673779184 197
1673779185 178
1673779185 156
1673779185 117
1673779186 146
1673779186 149
1673779187 183
1673779187 137
1673779188 179
1673779188 159
1673779188 162
1673779188 180
1673779188 155
1673779189 194
1673779190 157
1673779190 110
1673779190 198
1673779190 152
1673779190 170
1673779191 172
1673779191 128
1673779191 188
1673779191 107
1673779192 200
1673779192 193
1673779192 145
1673779192 136
1673779192 185
1673779192 163
1673779193 175
1673779193 192
1673779193 107
1673779194 121
1673779194 121
1673779194 195
1673779195 174
1673779195 133
1673779196 168
1673779196 173
1673779196 138
1673779197 170
1673779198 124
1673779198 182
1673779198 128
1673779199 109
1673779199 126
1673779199 180
1673779199 176
1673779200 162
1673779200 195
1673779200 152
1673779200 105
1673779200 154
1673779200 149
1673779201 129
1673779202 187
1673779202 155
1673779202 105
1673779202 119
1673779203 112
1673779203 186
1673779203 114
1673779203 132
1673779204 198
1673779204 153
1673779205 157
1673779205 111
1673779205 194
1673779206 122
1673779206 134
1673779206 167
1673779207 155
1673779208 116
1673779209 168
1673779209 195
1673779209 174
1673779209 170
1673779209 172
1673779209 138
1673779209 174
1673779210 163
1673779210 125
1673779210 131
1673779211 175
1673779211 139
1673779212 162
1673779212 163
1673779212 195
1673779213 135
1673779213 147
1673779213 130
1673779213 106
1673779214 104
1673779214 182
1673779214 195
1673779214 118
1673779215 121
1673779215 154
1673779216 166
1673779216 114
1673779216 134
1673779217 190
1673779218 111
1673779218 103
1673779218 115
1673779218 197
1673779218 196
1673779218 132
1673779219 175
1673779219 105
1673779219 146
1673779220 149
1673779220 107
1673779220 195
1673779220 178
1673779221 116
1673779221 178
1673779222 153
1673779222 105
1673779222 190
1673779222 152
1673779223 188
1673779223 189
1673779224 151
1673779224 131
1673779225 171
1673779225 102
1673779226 112
1673779226 145
1673779226 136
1673779226 125
1673779227 157
1673779227 167
1673779227 185
1673779227 110
1673779227 124
1673779227 179
1673779228 175
1673779228 141
1673779229 188
1673779230 147
1673779230 187
1673779231 120
1673779231 138
1673779232 188
1673779232 176
1673779232 109
1673779232 153
1673779232 119
1673779233 123
1673779233 149
1673779234 106
1673779234 145
1673779234 197
1673779235 196
1673779235 106
1673779235 144
1673779235 102
1673779236 109
1673779237 185
1673779237 149
1673779238 188
1673779239 133
1673779240 187
1673779240 160
1673779240 120
1673779241 112
1673779242 143
1673779242 180
1673779242 198
1673779242 125
1673779243 153
1673779243 116
1673779243 119
1673779243 192
1673779243 196
1673779243 160
1673779244 194
1673779244 181
1673779244 133
1673779245 188
1673779245 127
1673779245 185
1673779246 178
1673779246 120
1673779246 119
1673779246 124
1673779247 182
1673779247 123
1673779248 168
1673779248 103
1673779249 122
1673779249 170
1673779249 110
1673779249 141
1673779249 183
1673779249 137
1673779249 176
1673779250 189
1673779250 142
1673779250 182
1673779250 140
1673779251 190
1673779251 115
1673779252 124
1673779252 111
1673779252 162
1673779253 137
1673779253 199
1673779253 132
1673779254 158
1673779254 107
1673779255 163
1673779255 187
1673779257 156
1673779257 136
1673779258 151
1673779258 191
1673779258 155
1673779259 108
1673779259 147
1673779259 178
1673779259 185
1673779259 136
1673779259 142
1673779260 187
1673779260 107
1673779260 145
1673779260 158
1673779261 178
1673779261 130
1673779261 129
1673779262 191
1673779262 169
1673779263 163
1673779263 150
1673779263 164
1673779263 129
1673779263 134
1673779264 184
1673779264 179
1673779264 116
1673779264 177
1673779264 147
1673779265 191
1673779265 198
1673779265 157
1673779265 179
1673779266 144
1673779266 193
1673779266 194
1673779267 168
1673779267 195
1673779268 111
1673779269 107
1673779271 160
1673779271 111
1673779271 165
1673779272 107
1673779272 107
1673779272 184
1673779273 102
1673779274 118
1673779274 145
1673779274 157
1673779274 139
1673779275 118
1673779275 140
1673779275 154
1673779275 115
1673779275 133
1673779276 118
1673779276 176
1673779276 176
1673779276 199
1673779277 111
1673779277 162
1673779277 175
1673779277 148
1673779277 104
1673779277 117
1673779277 171
1673779277 198
1673779278 171
1673779279 141
1673779279 160
1673779279 117
1673779279 182
1673779280 151
1673779280 143
1673779281 142
1673779281 179
1673779281 134
1673779281 169
1673779281 165
1673779282 129
1673779282 200
1673779282 110
1673779283 173
1673779283 192
1673779284 179
1673779284 183
1673779284 158
1673779285 158
1673779286 189
1673779286 145
1673779287 132
1673779287 130
1673779287 193
1673779287 171
1673779287 171
1673779288 122
1673779288 113
1673779288 189
1673779288 158
1673779289 125
1673779289 193
1673779289 173
1673779290 139
1673779290 172
1673779290 156
