1673776804 129
1673776806 158
1673776807 107
1673776807 130
1673776807 178
1673776808 110
1673776808 108
1673776808 126
1673776809 140
1673776809 133
1673776810 113
1673776810 118
1673776811 140
1673776813 134
1673776813 129
1673776814 160
1673776816 147
1673776817 174
1673776817 134
1673776818 192
1673776820 144
1673776820 148
1673776821 122
1673776823 163
1673776825 139
1673776825 151
1673776826 188
1673776826 129
1673776826 179
1673776827 172
1673776829 120
1673776830 192
1673776831 139
1673776832 151
1673776833 158
1673776837 171
1673776837 149
1673776838 107
1673776838 105
1673776839 132
1673776841 199
1673776842 113
1673776849 177
1673776850 181
1673776850 157
1673776851 120
1673776852 146
1673776853 160
1673776856 138
1673776856 144
1673776858 101
1673776860 137
1673776860 130
1673776861 108
1673776861 166
1673776862 133
1673776862 181
1673776862 196
1673776863 118
1673776863 159
1673776866 174
1673776866 199
1673776866 146
1673776867 188
1673776867 198
1673776869 119
1673776871 136
1673776872 124
1673776873 159
1673776873 157
1673776873 129
1673776874 112
1673776875 175
1673776876 160
1673776876 108
1673776876 171
1673776878 191
1673776879 180
1673776883 182
1673776883 187
1673776883 102
1673776884 198
1673776886 161
1673776886 133
1673776887 141
1673776890 120
1673776890 107
1673776890 144
1673776891 165
1673776891 171
1673776892 165
1673776892 184
1673776892 179
1673776892 187
1673776893 148
1673776895 188
1673776897 107
1673776897 160
1673776897 111
1673776899 146
1673776899 178
1673776899 148
1673776900 129
1673776900 127
1673776900 166
1673776900 126
1673776900 115
1673776901 192
1673776902 145
1673776903 182
1673776903 148
1673776903 107
1673776907 134
1673776908 155
1673776915 120
1673776915 187
1673776917 155
1673776920 115
1673776920 127
1673776922 128
1673776922 179
1673776923 154
1673776924 123
1673776924 114
1673776925 128
1673776925 197
1673776925 144
1673776925 185
1673776925 196
1673776927 126
1673776927 175
1673776928 110
1673776928 136
1673776928 115
1673776928 119
1673776929 155
1673776930 131
1673776930 182
1673776931 181
1673776931 154
1673776932 123
1673776932 162
1673776932 160
1673776933 120
1673776933 125
1673776933 149
1673776934 177
1673776934 198
1673776934 151
1673776935 109
1673776935 125
1673776935 175
1673776936 154
1673776936 166
1673776937 138
1673776938 108
1673776938 180
1673776938 113
1673776938 116
1673776938 172
1673776938 130
1673776939 132
1673776939 149
1673776939 164
1673776941 173
1673776941 113
1673776941 152
1673776941 157
1673776941 125
1673776943 162
1673776944 124
1673776944 189
1673776945 121
1673776945 168
1673776948 175
1673776948 147
1673776949 107
1673776949 119
1673776949 165
1673776950 182
1673776950 134
1673776950 159
1673776951 104
1673776951 194
1673776952 141
1673776952 148
1673776953 163
1673776955 139
1673776955 121
1673776955 194
1673776956 133
1673776956 155
1673776956 121
1673776957 145
1673776957 157
1673776957 105
1673776958 200
1673776958 198
1673776959 112
1673776960 122
1673776960 162
1673776960 162
1673776961 189
1673776961 181
1673776961 145
1673776961 177
1673776961 128
1673776961 162
1673776962 119
1673776962 115
1673776962 118
1673776963 164
1673776963 142
1673776963 108
1673776963 113
1673776963 183
1673776964 112
1673776965 148
1673776965 117
1673776965 199
1673776966 160
1673776966 195
1673776966 153
1673776966 196
1673776966 181
1673776967 173
1673776967 148
1673776967 146
1673776967 139
1673776967 197
1673776968 115
1673776968 118
1673776968 133
1673776968 180
1673776968 150
1673776968 160
1673776968 102
1673776969 147
1673776970 160
1673776970 148
1673776971 159
1673776971 128
1673776971 129
1673776971 123
1673776972 104
1673776972 159
1673776972 147
1673776973 188
1673776973 116
1673776973 158
1673776973 198
1673776974 174
1673776974 117
1673776974 186
1673776975 141
1673776975 192
1673776975 133
1673776975 150
1673776976 116
1673776976 153
1673776976 173
1673776976 102
1673776977 150
1673776978 174
1673776978 177
1673776978 137
1673776979 185
1673776979 140
1673776979 109
1673776980 121
1673776982 149
1673776982 141
1673776983 180
1673776983 136
1673776984 166
1673776984 130
1673776985 102
1673776985 172
1673776986 183
1673776986 122
1673776987 160
1673776987 147
1673776988 171
1673776989 145
1673776990 194
1673776991 149
1673776992 125
1673776993 154
1673776993 200
1673776995 174
1673776996 133
1673776996 125
1673776999 144
1673777000 157
1673777000 163
1673777000 180
1673777000 180
1673777000 111
1673777002 190
1673777002 176
1673777003 137
1673777003 169
1673777004 163
1673777006 150
1673777007 187
1673777007 135
1673777007 198
1673777007 134
1673777008 144
1673777010 126
1673777010 194
1673777011 141
1673777012 197
1673777013 117
1673777013 138
1673777013 164
1673777014 110
1673777014 117
1673777014 151
1673777014 149
1673777015 199
1673777015 121
1673777015 185
1673777017 175
1673777018 125
1673777019 174
1673777020 180
1673777020 176
1673777021 134
1673777022 120
1673777023 112
1673777023 124
1673777023 192
1673777024 183
1673777024 166
1673777024 175
1673777024 128
1673777024 186
1673777024 197
1673777024 192
1673777025 164
1673777025 132
1673777025 146
1673777025 158
1673777026 185
1673777026 190
1673777026 166
1673777026 151
1673777026 132
1673777026 109
1673777027 153
1673777027 165
1673777027 116
1673777027 125
1673777027 161
1673777028 168
1673777028 138
1673777028 147
1673777029 132
1673777030 151
1673777030 191
1673777030 173
1673777030 122
1673777031 186
1673777032 129
1673777032 175
1673777032 199
1673777034 180
1673777035 151
1673777036 129
1673777036 194
1673777036 121
1673777036 176
1673777037 147
1673777037 179
1673777038 126
1673777038 108
1673777038 122
1673777040 119
1673777040 156
1673777040 137
1673777041 176
1673777041 119
1673777043 160
1673777043 127
1673777044 153
1673777045 177
1673777045 160
1673777045 148
1673777045 112
1673777046 138
1673777046 130
1673777048 172
1673777048 178
1673777049 165
1673777049 114
1673777049 174
1673777049 200
1673777050 170
1673777050 109
1673777051 171
1673777051 112
1673777051 170
1673777051 195
1673777051 148
1673777051 113
1673777051 157
1673777052 158
1673777052 125
1673777052 164
1673777052 157
1673777052 115
1673777053 139
1673777053 129
1673777054 178
1673777054 178
1673777055 132
1673777055 155
1673777055 175
1673777056 147
1673777057 189
1673777057 164
1673777057 137
1673777057 197
1673777058 196
1673777058 192
1673777059 155
1673777059 161
1673777059 139
1673777060 156
1673777060 182
1673777061 169
1673777061 134
1673777061 133
1673777061 171
1673777062 195
1673777062 183
1673777063 143
1673777063 151
1673777063 168
1673777063 146
1673777064 122
1673777064 141
1673777064 152
1673777064 163
1673777064 101
1673777064 186
1673777064 161
1673777065 169
1673777065 166
1673777065 193
1673777066 150
1673777066 105
1673777066 175
1673777066 179
1673777067 130
1673777067 114
1673777067 112
1673777067 117
1673777067 111
1673777067 154
1673777067 148
1673777068 114
1673777068 123
1673777068 163
1673777068 146
1673777069 126
1673777069 139
1673777069 179
1673777069 143
1673777069 127
1673777070 148
1673777070 160
1673777070 101
1673777070 173
1673777070 127
1673777071 111
1673777072 160
1673777072 168
1673777072 111
1673777072 151
1673777074 160
1673777075 137
1673777075 108
1673777075 131
1673777076 196
1673777077 131
1673777079 174
1673777079 120
1673777079 124
1673777080 115
1673777080 150
1673777081 186
1673777081 199
1673777081 137
1673777081 183
1673777082 108
1673777082 173
1673777082 183
1673777082 136
1673777082 182
1673777082 109
1673777083 118
1673777083 101
1673777084 186
1673777084 166
1673777085 152
1673777085 167
1673777085 102
1673777086 133
1673777086 146
1673777087 113
1673777087 170
1673777087 129
1673777088 167
1673777088 121
1673777088 103
1673777088 119
1673777088 171
1673777088 159
1673777088 165
1673777089 189
1673777089 129
1673777089 152
1673777090 172
1673777091 150
1673777091 119
1673777091 122
1673777091 190
1673777092 133
1673777093 122
1673777094 186
1673777094 163
1673777095 111
1673777095 159
1673777096 107
1673777096 121
1673777097 177
1673777097 172
1673777098 184
1673777098 109
1673777098 196
1673777098 102
1673777099 183
1673777099 165
1673777100 190
1673777100 136
1673777100 137
1673777101 136
1673777101 165
1673777102 101
1673777102 148
1673777102 102
1673777102 153
1673777102 115
1673777103 126
1673777104 121
1673777104 185
1673777104 140
1673777104 146
1673777104 163
1673777105 159
1673777105 156
1673777105 199
1673777105 110
1673777106 120
1673777106 104
1673777106 161
1673777106 138
1673777106 200
1673777106 134
1673777107 189
1673777107 198
1673777107 127
1673777108 117
1673777108 102
1673777108 146
1673777109 140
1673777109 108
1673777109 124
1673777110 188
1673777110 128
1673777111 144
1673777111 124
1673777112 151
1673777112 148
1673777113 120
1673777113 147
1673777114 131
1673777114 132
1673777114 135
1673777114 111
1673777115 117
1673777115 151
1673777115 164
1673777116 123
1673777117 120
1673777117 180
1673777117 178
1673777117 143
1673777118 181
1673777118 132
1673777118 108
1673777118 110
1673777118 181
1673777118 111
1673777120 189
1673777120 142
1673777120 181
1673777120 150
1673777120 103
1673777120 126
1673777121 180
1673777121 155
1673777122 168
1673777122 156
1673777123 106
1673777123 113
1673777124 173
1673777124 137
1673777124 154
1673777124 166
1673777125 111
1673777125 132
1673777125 188
1673777125 187
1673777125 198
1673777125 170
1673777125 168
1673777126 128
1673777126 164
1673777127 197
1673777128 149
1673777129 105
1673777129 168
1673777129 104
1673777130 160
1673777130 200
1673777131 115
1673777131 134
1673777131 120
1673777131 147
1673777131 126
1673777131 135
1673777131 195
1673777131 138
1673777132 137
1673777132 181
1673777132 158
1673777132 139
1673777133 184
1673777133 137
1673777134 183
1673777134 147
1673777135 112
1673777135 189
1673777135 157
1673777136 138
1673777136 173
1673777137 149
1673777137 138
1673777137 118
1673777137 182
1673777137 105
1673777137 130
1673777138 130
1673777138 167
1673777138 156
1673777138 158
1673777138 176
1673777139 117
1673777139 188
1673777140 113
1673777141 175
1673777141 122
1673777141 136
1673777142 195
1673777142 139
1673777143 154
1673777143 159
1673777143 134
1673777143 106
1673777144 143
1673777144 130
1673777144 135
1673777144 175
1673777144 157
1673777144 174
1673777145 131
1673777145 135
1673777145 190
1673777145 180
1673777145 178
1673777146 104
1673777146 188
1673777147 108
1673777147 108
1673777147 144
1673777147 154
1673777148 162
1673777149 158
1673777149 106
1673777149 118
1673777150 133
1673777150 114
1673777150 187
1673777150 113
1673777151 184
1673777151 148
1673777151 123
1673777151 102
1673777151 112
1673777152 119
1673777152 148
1673777152 142
1673777153 197
1673777153 125
1673777153 196
1673777154 181
1673777154 157
1673777154 171
1673777154 197
1673777154 142
1673777154 129
1673777154 188
1673777154 106
1673777155 138
1673777155 142
1673777156 175
1673777157 105
1673777158 193
1673777158 121
1673777158 113
1673777158 131
1673777158 136
1673777159 122
1673777159 132
1673777159 109
1673777160 163
1673777160 195
1673777161 141
1673777161 160
1673777162 190
1673777162 154
1673777162 106
1673777163 144
1673777163 183
1673777163 159
1673777163 152
1673777164 195
1673777164 143
1673777165 175
1673777165 111
1673777165 104
1673777165 171
1673777166 141
1673777166 166
1673777166 104
1673777167 150
1673777167 133
1673777167 160
1673777167 194
1673777167 109
1673777167 159
1673777167 189
1673777168 191
1673777168 199
1673777168 123
1673777168 176
1673777168 130
1673777169 125
1673777169 175
1673777170 136
1673777171 179
1673777171 184
1673777171 193
1673777172 173
1673777172 109
1673777172 177
1673777172 159
1673777172 161
1673777173 106
1673777173 188
1673777173 126
1673777173 157
1673777173 178
1673777174 155
1673777174 112
1673777174 170
1673777174 187
1673777175 148
1673777175 161
1673777175 122
1673777175 138
1673777176 128
1673777176 198
1673777176 127
1673777176 179
1673777176 113
1673777176 126
1673777176 197
1673777176 149
1673777177 150
1673777177 159
1673777177 152
1673777179 177
1673777179 163
1673777179 147
1673777180 112
1673777180 142
1673777180 158
1673777181 168
1673777181 183
1673777182 198
1673777182 107
1673777182 171
1673777182 137
1673777183 153
1673777183 180
1673777183 130
1673777183 164
1673777183 186
1673777184 124
1673777184 171
1673777184 131
1673777184 196
1673777184 126
1673777184 129
1673777184 163
1673777185 120
1673777185 162
1673777186 187
1673777186 120
1673777186 194
1673777186 168
1673777186 162
1673777186 181
1673777187 141
1673777187 193
1673777188 200
1673777188 138
1673777188 196
1673777188 125
1673777188 118
1673777188 175
1673777189 134
1673777189 132
1673777190 146
1673777191 159
1673777191 194
1673777192 119
1673777192 169
1673777192 169
1673777193 144
1673777193 134
1673777194 185
1673777194 160
1673777194 140
1673777194 200
1673777194 135
1673777195 159
1673777195 182
1673777195 119
1673777195 178
1673777196 157
1673777197 109
1673777197 137
1673777198 160
1673777198 179
1673777198 127
1673777198 188
1673777198 104
1673777199 141
1673777199 159
1673777199 166
1673777199 142
1673777200 192
1673777200 101
1673777200 151
1673777201 185
1673777202 194
1673777202 137
1673777203 171
1673777203 130
1673777203 150
1673777203 191
1673777203 137
1673777204 159
1673777204 133
1673777204 188
1673777204 144
1673777204 191
1673777205 197
1673777205 153
1673777205 160
1673777205 145
1673777205 127
1673777205 156
1673777205 139
1673777206 191
1673777206 133
1673777207 127
1673777208 135
1673777208 200
1673777209 164
1673777209 145
1673777210 139
1673777211 147
1673777211 134
1673777211 196
1673777211 200
1673777212 145
1673777212 196
1673777212 154
1673777212 179
1673777213 112
1673777213 136
1673777213 190
1673777213 117
1673777213 137
1673777213 137
1673777213 192
1673777213 194
1673777214 150
1673777214 167
1673777215 158
1673777215 118
1673777215 114
1673777216 170
1673777216 153
1673777217 108
1673777217 149
1673777217 162
1673777218 128
1673777219 103
1673777219 160
1673777219 184
1673777219 137
1673777220 125
1673777220 161
1673777220 113
1673777221 173
1673777221 138
1673777221 115
1673777221 180
1673777221 172
1673777222 150
1673777222 101
1673777222 133
1673777222 171
1673777222 169
1673777222 141
1673777223 106
1673777224 175
1673777224 173
1673777225 161
1673777226 105
1673777226 173
1673777226 124
1673777228 183
1673777229 197
1673777229 195
1673777229 142
1673777229 132
1673777230 193
1673777232 159
1673777233 153
1673777233 149
1673777233 129
1673777233 191
1673777234 189
1673777235 149
1673777235 135
1673777235 182
1673777236 181
1673777236 128
1673777236 120
1673777236 175
1673777236 101
1673777236 103
1673777236 197
1673777237 153
1673777237 118
1673777237 113
1673777237 178
1673777239 161
1673777239 176
1673777240 130
1673777240 143
1673777241 181
1673777241 164
1673777242 199
1673777243 128
1673777243 161
1673777243 176
1673777244 124
1673777244 168
1673777244 134
1673777246 112
1673777247 144
1673777247 136
1673777247 161
1673777248 191
1673777249 106
1673777250 135
1673777250 127
1673777251 198
1673777251 183
1673777251 132
1673777252 194
1673777252 192
1673777253 157
1673777253 150
1673777253 200
1673777253 106
1673777253 103
1673777254 146
1673777254 112
1673777254 142
1673777254 169
1673777254 181
1673777254 111
1673777254 110
1673777254 109
1673777255 122
1673777255 134
1673777256 106
1673777257 183
1673777257 105
1673777257 115
1673777258 111
1673777258 101
1673777259 183
1673777259 196
1673777260 146
1673777260 192
1673777261 112
1673777261 178
1673777261 141
1673777261 185
1673777262 123
1673777263 111
1673777263 154
1673777265 154
1673777266 150
1673777266 172
1673777266 183
1673777267 120
1673777267 115
1673777267 133
1673777267 112
1673777267 146
1673777268 199
1673777268 155
1673777268 159
1673777268 107
1673777268 179
1673777268 119
1673777269 114
1673777269 109
1673777271 174
1673777271 171
1673777272 123
1673777273 162
1673777273 180
1673777273 190
1673777274 134
1673777274 199
1673777274 193
1673777274 136
1673777276 148
1673777277 187
1673777277 168
1673777277 181
1673777278 186
1673777278 108
1673777278 184
1673777278 149
1673777278 177
1673777279 190
1673777279 171
1673777279 115
1673777279 190
1673777280 133
1673777280 138
1673777280 125
1673777280 117
1673777281 129
1673777281 105
1673777282 160
1673777282 115
1673777282 198
1673777282 149
1673777282 198
1673777283 124
1673777284 145
1673777285 140
1673777285 122
1673777285 154
1673777286 163
1673777286 128
1673777287 169
1673777287 128
1673777287 144
1673777288 162
1673777289 118
1673777289 188
1673777289 123
1673777290 198
1673777290 199
1673777291 190
1673777291 150
1673777291 104
1673777291 133
1673777292 159
1673777292 181
1673777293 176
1673777293 121
1673777294 145
1673777294 170
1673777294 182
1673777295 110
1673777295 178
1673777295 192
1673777295 186
1673777296 186
1673777296 159
1673777296 120
1673777297 122
1673777297 116
1673777297 162
1673777297 180
1673777298 133
1673777298 140
1673777299 179
1673777299 151
1673777299 136
1673777299 188
1673777300 121
1673777301 142
1673777302 140
1673777302 183
1673777302 119
1673777302 134
1673777302 160
1673777303 190
1673777303 153
1673777303 126
1673777304 165
1673777304 143
1673777304 126
1673777305 174
1673777305 192
1673777305 170
1673777305 184
1673777306 111
1673777306 178
1673777307 116
1673777307 167
1673777307 136
1673777307 141
1673777307 150
1673777307 153
1673777308 165
1673777308 152
1673777308 161
1673777309 142
1673777309 158
1673777310 188
1673777310 106
1673777310 123
1673777310 200
1673777310 101
1673777310 193
1673777311 140
1673777311 184
1673777311 189
1673777311 150
1673777311 149
1673777312 183
1673777312 186
1673777312 122
1673777312 160
1673777312 181
1673777312 177
1673777312 176
1673777313 196
1673777314 173
1673777314 147
1673777314 155
1673777314 174
1673777315 114
1673777315 176
1673777315 174
1673777316 131
1673777316 173
1673777317 129
1673777317 182
1673777317 189
1673777317 143
1673777318 135
1673777318 111
1673777319 171
1673777319 105
1673777319 137
1673777319 177
1673777319 112
1673777320 138
1673777320 163
1673777320 178
1673777321 116
1673777322 153
1673777322 158
1673777322 126
1673777322 187
1673777323 184
1673777324 190
1673777324 173
1673777324 117
1673777324 194
1673777325 120
1673777325 143
1673777325 150
1673777325 118
1673777325 113
1673777326 181
1673777326 127
1673777327 161
1673777328 151
1673777329 127
1673777329 104
1673777329 149
1673777329 137
1673777331 153
1673777331 176
1673777333 145
1673777333 171
1673777333 173
1673777334 149
1673777334 145
1673777335 157
1673777335 176
1673777335 170
1673777335 174
1673777335 152
1673777336 149
1673777337 184
1673777337 156
1673777338 119
1673777338 151
1673777338 170
1673777338 176
1673777339 122
1673777339 142
1673777339 193
1673777339 152
1673777339 183
1673777340 125
1673777340 189
1673777340 187
1673777341 173
1673777341 122
1673777341 126
1673777342 194
1673777343 195
1673777343 136
1673777344 124
1673777344 112
1673777344 113
1673777345 159
1673777345 121
1673777346 191
1673777347 132
1673777360 176
1673777360 117
1673777360 134
1673777361 198
1673777361 171
1673777361 200
1673777362 197
1673777363 124
1673777363 145
1673777363 142
1673777364 155
1673777364 105
1673777365 142
1673777365 124
1673777365 158
1673777365 132
1673777366 140
1673777366 107
1673777366 196
1673777367 117
1673777368 113
1673777369 197
1673777370 179
1673777370 183
1673777370 108
1673777371 149
1673777371 136
1673777371 175
1673777371 189
1673777372 171
1673777372 184
1673777373 171
1673777373 105
1673777373 149
1673777373 156
1673777374 108
1673777374 102
1673777374 185
1673777375 159
1673777375 194
1673777375 116
1673777375 139
1673777376 171
1673777376 127
1673777377 179
1673777377 123
1673777378 105
1673777378 145
1673777379 198
1673777379 164
1673777379 126
1673777379 189
1673777380 157
1673777380 135
1673777381 170
1673777381 164
1673777382 154
1673777382 195
1673777382 186
1673777382 115
1673777382 117
1673777384 162
1673777385 152
1673777385 185
1673777386 114
1673777386 109
1673777386 133
1673777387 196
1673777388 125
1673777388 124
1673777388 102
1673777389 107
1673777389 168
1673777389 195
1673777389 116
1673777390 140
1673777390 148
1673777391 147
1673777391 193
1673777392 113
1673777393 171
1673777393 192
1673777394 104
1673777395 196
1673777396 157
1673777396 154
1673777396 180
1673777396 178
1673777397 134
1673777398 187
1673777398 126
1673777399 191
1673777399 164
1673777399 197
1673777400 124
1673777400 140
1673777401 121
1673777401 148
1673777401 120
1673777402 132
1673777402 113
1673777402 194
1673777402 176
1673777403 120
1673777403 168
1673777403 122
1673777404 143
1673777404 165
1673777404 103
1673777405 102
1673777405 111
1673777405 120
1673777406 106
1673777406 193
1673777406 160
1673777407 151
1673777407 138
1673777407 180
1673777407 132
1673777408 138
1673777408 114
1673777410 102
1673777411 151
1673777411 108
1673777412 140
1673777412 119
1673777412 131
1673777413 166
1673777413 172
1673777413 115
1673777414 115
1673777414 173
1673777414 154
1673777415 144
1673777415 190
1673777415 180
1673777415 190
1673777415 101
1673777416 138
1673777418 110
1673777418 119
1673777419 114
1673777419 108
1673777419 138
1673777419 102
1673777419 160
1673777420 189
1673777420 173
1673777420 162
1673777421 167
1673777421 165
1673777421 130
1673777421 104
1673777422 143
1673777423 124
1673777423 138
1673777425 139
1673777426 149
1673777427 142
1673777427 175
1673777428 187
1673777428 113
1673777428 125
1673777429 113
1673777429 154
1673777429 164
1673777429 158
1673777430 113
1673777430 132
1673777430 136
1673777430 119
1673777430 147
1673777430 174
1673777431 108
1673777431 107
1673777432 188
1673777433 124
1673777433 106
1673777433 197
1673777433 101
1673777433 158
1673777434 197
1673777434 125
1673777435 161
1673777435 172
1673777435 118
1673777435 166
1673777435 188
1673777436 156
1673777436 109
1673777436 150
1673777436 192
1673777437 136
1673777438 170
1673777439 189
1673777439 109
1673777439 169
1673777440 109
1673777441 189
1673777441 142
1673777442 194
1673777442 106
1673777443 107
1673777443 185
1673777444 171
1673777444 117
1673777444 148
1673777444 169
1673777445 141
1673777445 133
1673777446 101
1673777446 103
1673777446 120
1673777446 188
1673777446 157
1673777446 144
1673777446 172
1673777447 173
1673777447 127
1673777447 174
1673777447 194
1673777447 139
1673777447 128
1673777448 144
1673777448 181
1673777448 158
1673777448 181
1673777449 194
1673777450 128
1673777450 177
1673777450 122
1673777450 118
1673777450 117
1673777451 123
1673777451 123
1673777452 127
1673777452 150
1673777452 180
1673777452 177
1673777452 182
1673777453 121
1673777453 172
1673777454 108
1673777454 127
1673777454 136
1673777454 160
1673777454 113
1673777454 183
1673777455 160
1673777456 122
1673777456 172
1673777456 176
1673777456 124
1673777457 161
1673777457 117
1673777457 167
1673777457 192
1673777457 192
1673777458 181
1673777458 177
1673777458 150
1673777459 137
1673777459 133
1673777461 178
1673777461 149
1673777461 136
1673777461 188
1673777462 145
1673777463 104
1673777463 190
1673777463 146
1673777464 190
1673777464 167
1673777465 101
1673777465 185
1673777465 138
1673777465 133
1673777465 182
1673777466 145
1673777466 172
1673777466 155
1673777466 108
1673777467 125
1673777467 102
1673777467 128
1673777468 172
1673777468 165
1673777468 184
1673777468 134
1673777468 156
1673777468 197
1673777469 176
1673777470 109
1673777470 162
1673777470 175
1673777471 184
1673777471 199
1673777471 166
1673777471 109
1673777471 128
1673777472 193
1673777472 174
1673777472 188
1673777472 188
1673777472 124
1673777472 169
1673777472 113
1673777473 179
1673777473 102
1673777473 148
1673777474 183
1673777474 158
1673777475 150
1673777476 114
1673777476 142
1673777476 134
1673777477 175
1673777477 134
1673777477 196
1673777478 138
1673777478 110
1673777479 192
1673777479 109
1673777479 197
1673777479 175
1673777480 114
1673777480 124
1673777481 168
1673777481 117
1673777481 179
1673777481 134
1673777481 103
1673777481 185
1673777482 186
1673777483 195
1673777483 172
1673777483 188
1673777483 170
1673777484 165
1673777485 188
1673777485 151
1673777485 172
1673777485 118
1673777485 128
1673777486 129
1673777486 119
1673777486 137
1673777487 136
1673777488 158
1673777488 139
1673777488 131
1673777488 129
1673777488 140
1673777488 154
1673777488 111
1673777489 108
1673777489 197
1673777489 126
1673777489 133
1673777490 178
1673777490 102
1673777490 182
1673777490 172
1673777491 142
1673777491 134
1673777492 197
1673777492 121
1673777492 142
1673777492 176
1673777493 191
1673777493 111
1673777493 145
1673777494 104
1673777494 120
1673777495 115
1673777495 157
1673777495 158
1673777495 168
1673777496 146
1673777496 129
1673777496 133
1673777496 162
1673777496 157
1673777496 153
1673777496 152
1673777498 113
1673777498 138
1673777498 176
1673777498 135
1673777498 188
1673777498 158
1673777499 144
1673777499 158
1673777499 130
1673777499 104
1673777499 145
1673777499 184
1673777500 169
1673777500 192
1673777500 150
1673777500 197
1673777502 143
1673777502 174
1673777502 103
1673777503 183
1673777503 125
1673777503 184
1673777503 158
1673777504 137
1673777505 177
1673777505 171
1673777505 119
1673777505 124
1673777505 169
1673777505 106
1673777506 136
1673777506 184
1673777506 129
1673777506 129
1673777506 132
1673777506 111
1673777506 185
1673777506 186
1673777507 115
1673777507 139
1673777507 186
1673777507 171
1673777508 135
1673777508 141
1673777508 144
1673777509 163
1673777509 169
1673777510 184
1673777510 144
1673777511 156
1673777512 127
1673777512 197
1673777513 193
1673777514 163
1673777514 139
1673777514 147
1673777514 196
1673777515 114
1673777515 108
1673777515 197
1673777515 118
1673777515 172
1673777516 149
1673777516 193
1673777516 165
1673777516 154
1673777516 151
1673777517 159
1673777517 199
1673777518 136
1673777518 175
1673777518 147
1673777518 146
1673777518 168
1673777518 118
1673777519 148
1673777520 118
1673777520 137
1673777521 188
1673777521 177
1673777522 125
1673777522 169
1673777523 189
1673777523 199
1673777524 137
1673777525 107
1673777525 181
1673777525 161
1673777525 186
1673777526 144
1673777526 170
1673777526 179
1673777527 177
1673777527 199
1673777527 187
1673777527 181
1673777528 189
1673777528 184
1673777529 143
1673777529 107
1673777529 167
1673777529 124
1673777529 114
1673777529 108
1673777530 185
1673777530 111
1673777530 103
1673777531 183
1673777531 176
1673777531 177
1673777531 113
1673777531 163
1673777532 192
1673777532 119
1673777532 133
1673777532 112
1673777532 149
1673777533 160
1673777533 190
1673777533 121
1673777534 114
1673777534 175
1673777534 123
1673777534 176
1673777535 183
1673777535 161
1673777536 132
1673777536 139
1673777536 125
1673777537 157
1673777537 110
1673777537 140
1673777538 197
1673777538 103
1673777539 159
1673777540 188
1673777540 156
1673777540 187
1673777541 160
1673777541 138
1673777541 117
1673777541 144
1673777542 180
1673777542 183
1673777542 142
1673777542 119
1673777542 143
1673777543 167
1673777543 133
1673777545 152
1673777545 179
1673777545 112
1673777545 121
1673777545 126
1673777545 115
1673777546 149
1673777546 167
1673777546 182
1673777547 139
1673777548 108
1673777548 116
1673777548 103
1673777548 195
1673777548 139
1673777549 189
1673777549 110
1673777550 166
1673777550 157
1673777550 125
1673777550 184
1673777551 105
1673777551 196
1673777552 191
1673777552 161
1673777552 159
1673777553 153
1673777553 196
1673777553 144
1673777553 199
1673777554 188
1673777554 168
1673777555 158
1673777556 149
1673777556 194
1673777556 130
1673777557 124
1673777557 101
1673777557 140
1673777558 161
1673777559 200
1673777559 155
1673777559 183
1673777559 180
1673777559 191
1673777560 180
1673777560 130
1673777561 133
1673777561 136
1673777561 163
1673777562 117
1673777563 175
1673777563 111
1673777563 102
1673777564 159
1673777565 177
1673777565 197
1673777566 193
1673777566 184
1673777567 191
1673777567 130
1673777568 104
1673777568 156
1673777568 197
1673777569 115
1673777569 102
1673777569 144
1673777570 174
1673777570 131
1673777570 120
1673777570 112
1673777571 157
1673777571 150
1673777571 179
1673777572 170
1673777572 188
1673777573 182
1673777573 149
1673777574 191
1673777574 170
1673777575 180
1673777575 114
1673777575 175
1673777577 106
1673777577 130
1673777577 191
1673777577 147
1673777577 127
1673777578 196
1673777579 163
1673777579 185
1673777579 191
1673777580 170
1673777580 124
1673777580 177
1673777580 149
1673777580 184
1673777580 196
1673777581 187
1673777581 182
1673777581 112
1673777582 186
1673777582 138
1673777582 154
1673777582 186
1673777583 124
1673777583 131
1673777584 171
1673777584 117
1673777584 191
1673777585 183
1673777585 155
1673777585 193
1673777585 109
1673777586 146
1673777586 112
1673777586 103
1673777587 184
1673777587 179
1673777587 123
1673777587 167
1673777588 178
1673777588 122
1673777588 121
1673777589 158
1673777589 188
1673777589 164
1673777589 189
1673777590 188
1673777590 128
1673777590 162
1673777591 137
1673777591 158
1673777592 119
1673777592 189
1673777593 149
1673777593 190
1673777593 169
1673777594 146
1673777594 147
1673777594 144
1673777594 117
1673777595 198
1673777595 145
1673777595 186
1673777596 133
1673777596 156
1673777596 182
1673777597 200
1673777597 110
1673777598 193
1673777598 178
1673777598 117
1673777598 147
1673777598 137
1673777599 153
1673777599 122
1673777599 149
1673777599 167
1673777600 146
1673777600 101
1673777600 158
1673777600 121
1673777600 129
1673777600 111
1673777601 174
1673777603 161
1673777603 175
1673777603 124
1673777603 192
1673777603 162
1673777603 126
1673777604 160
1673777605 152
1673777605 118
1673777606 153
1673777606 117
1673777606 132
1673777606 168
1673777607 128
1673777608 183
1673777608 183
1673777608 140
1673777608 103
1673777609 124
1673777609 134
1673777610 108
1673777610 190
1673777611 168
1673777611 159
1673777611 139
1673777612 117
1673777612 157
1673777613 128
1673777613 156
1673777614 172
1673777614 146
1673777615 149
1673777615 181
1673777615 144
1673777615 197
1673777615 105
1673777616 154
1673777616 106
1673777617 169
1673777617 173
1673777618 197
1673777618 160
1673777618 133
1673777618 170
1673777618 163
1673777618 145
1673777618 151
1673777619 115
1673777619 120
1673777619 110
1673777620 108
1673777620 162
1673777620 157
1673777620 111
1673777621 161
1673777621 190
1673777621 126
1673777621 159
1673777622 198
1673777622 132
1673777622 170
1673777622 130
1673777622 136
1673777623 110
1673777623 144
1673777623 138
1673777624 187
1673777624 160
1673777625 181
1673777625 192
1673777625 170
1673777625 191
1673777625 184
1673777626 133
1673777626 196
1673777627 111
1673777628 184
1673777628 148
1673777628 116
1673777628 159
1673777629 107
1673777629 168
1673777629 164
1673777632 108
1673777634 116
1673777634 124
1673777634 164
1673777634 178
1673777635 116
1673777635 110
1673777635 186
1673777635 158
1673777636 102
1673777636 149
1673777636 102
1673777637 155
1673777638 105
1673777639 191
1673777639 151
1673777639 174
1673777640 153
1673777640 166
1673777640 149
1673777641 157
1673777641 183
1673777641 166
1673777642 117
1673777642 180
1673777644 133
1673777644 108
1673777645 155
1673777645 121
1673777646 183
1673777646 119
1673777648 168
1673777651 150
1673777652 176
1673777657 102
1673777657 160
1673777657 102
1673777657 125
1673777657 190
1673777657 141
1673777657 160
1673777660 191
1673777660 119
1673777660 131
1673777661 138
1673777661 177
1673777663 118
1673777663 115
1673777663 127
1673777663 114
1673777664 145
1673777664 129
1673777666 112
1673777666 168
1673777668 124
1673777669 133
1673777669 182
1673777669 127
1673777670 180
1673777670 196
1673777671 151
1673777671 199
1673777672 110
1673777672 163
1673777672 186
1673777672 124
1673777673 178
1673777673 194
1673777673 138
1673777675 148
1673777676 182
1673777677 153
1673777678 199
1673777678 106
1673777681 121
1673777682 147
1673777682 105
1673777682 158
1673777682 158
1673777683 128
1673777683 175
1673777684 149
1673777687 181
1673777687 120
1673777687 163
1673777687 121
1673777687 107
1673777687 198
1673777688 195
1673777688 114
1673777688 151
1673777689 117
1673777690 164
1673777690 179
1673777690 127
1673777691 106
1673777692 160
1673777693 104
1673777693 118
1673777694 123
1673777694 119
1673777694 133
1673777694 178
1673777695 145
1673777695 167
1673777695 172
1673777696 170
1673777696 182
1673777696 162
1673777698 172
1673777698 151
1673777699 105
1673777699 122
1673777699 130
1673777700 168
1673777701 155
1673777701 174
1673777701 138
1673777701 172
1673777701 128
1673777701 113
1673777703 179
1673777703 176
1673777704 121
1673777704 200
1673777705 141
1673777706 107
1673777707 114
1673777707 185
1673777707 162
1673777708 149
1673777708 136
1673777708 105
1673777716 195
1673777716 157
1673777717 131
1673777717 116
1673777718 151
1673777718 118
1673777718 146
1673777719 156
1673777719 174
1673777719 113
1673777719 117
1673777720 138
1673777721 128
1673777721 143
1673777721 125
1673777721 164
1673777721 169
1673777722 150
1673777722 146
1673777722 141
1673777724 147
1673777724 196
1673777725 197
1673777725 169
1673777725 131
1673777725 180
1673777725 107
1673777726 157
1673777726 182
1673777726 192
1673777726 126
1673777727 154
1673777727 117
1673777727 183
1673777727 148
1673777727 139
1673777729 194
1673777729 130
1673777730 142
1673777730 113
1673777730 130
1673777731 191
1673777731 182
1673777731 152
1673777731 128
1673777731 162
1673777732 191
1673777733 140
1673777734 170
1673777734 126
1673777734 108
1673777734 158
1673777735 136
1673777735 116
1673777735 166
1673777735 144
1673777736 162
1673777736 163
1673777736 121
1673777737 160
1673777737 101
1673777738 181
1673777738 181
1673777738 133
1673777739 179
1673777740 118
1673777740 158
1673777741 183
1673777741 167
1673777741 198
1673777743 107
1673777743 169
1673777743 155
1673777744 138
1673777744 172
1673777744 146
1673777745 179
1673777745 163
1673777745 167
1673777745 196
1673777745 178
1673777746 127
1673777746 151
1673777747 102
1673777747 175
1673777747 156
1673777747 137
1673777748 145
1673777748 108
1673777748 180
1673777748 189
1673777748 132
1673777749 198
1673777749 158
1673777749 130
1673777750 111
1673777751 184
1673777752 132
1673777752 128
1673777752 169
1673777753 139
1673777753 108
1673777753 129
1673777755 179
1673777756 164
1673777757 144
1673777759 181
1673777759 184
1673777759 115
1673777759 158
1673777759 198
1673777760 150
1673777760 197
1673777761 102
1673777761 103
1673777761 137
1673777762 170
1673777762 180
1673777762 188
1673777763 124
1673777765 109
1673777774 112
1673777776 105
1673777776 160
1673777777 174
1673777779 167
1673777782 148
1673777782 187
1673777784 183
1673777785 157
1673777786 185
1673777786 111
1673777787 111
1673777787 135
1673777791 106
1673777802 132
1673777804 107
1673777805 132
1673777806 180
1673777806 153
1673777808 108
1673777808 137
1673777812 189
1673777812 117
1673777815 105
1673777815 172
1673777817 179
1673777817 162
1673777819 130
1673777819 198
1673777820 155
1673777820 118
1673777820 200
1673777822 164
1673777822 120
1673777823 115
1673777833 199
1673777834 193
1673777834 132
1673777835 102
1673777836 149
1673777836 145
1673777836 113
1673777836 116
1673777837 194
1673777838 124
1673777839 179
1673777839 163
1673777839 115
1673777840 163
1673777844 120
1673777844 111
1673777844 166
1673777846 168
1673777846 113
1673777853 133
1673777857 124
1673777857 147
1673777857 198
1673777860 159
1673777860 155
1673777861 143
1673777861 192
1673777866 189
1673777867 149
1673777867 191
1673777869 189
1673777869 184
1673777869 155
1673777871 143
1673777871 161
1673777873 167
1673777875 167
1673777875 139
1673777876 198
1673777876 148
1673777880 129
1673777880 151
1673777881 161
1673777883 187
1673777885 192
1673777886 134
1673777888 128
1673777892 178
1673777902 158
1673777904 191
1673777904 146
1673777905 144
1673777905 110
1673777905 136
1673777908 135
1673777908 149
1673777908 125
1673777908 162
1673777909 194
1673777910 101
1673777910 136
1673777910 175
1673777910 122
1673777911 122
1673777912 130
1673777912 151
1673777912 174
1673777913 162
1673777914 167
1673777915 153
1673777915 159
1673777916 125
1673777917 125
1673777918 160
1673777920 173
1673777920 157
1673777921 182
1673777921 112
1673777923 185
1673777924 172
1673777924 122
1673777924 158
1673777924 168
1673777927 160
1673777927 190
1673777928 113
1673777930 178
1673777930 135
1673777939 154
1673777940 148
1673777940 122
1673777943 193
1673777943 166
1673777943 114
1673777943 178
1673777943 128
1673777944 156
1673777944 181
1673777944 109
1673777944 133
1673777944 151
1673777945 108
1673777945 103
1673777946 160
1673777946 122
1673777947 197
1673777948 137
1673777954 135
1673777955 141
1673777957 114
1673777957 155
1673777957 112
1673777957 102
1673777957 126
1673777959 169
1673777959 137
1673777960 137
1673777960 193
1673777960 160
1673777961 187
1673777964 121
1673777964 153
1673777965 163
1673777968 114
1673777968 186
1673777972 190
1673777972 181
1673777973 195
1673777978 134
1673777979 149
1673777980 158
1673777985 197
1673777986 128
1673777987 143
1673777988 160
1673777996 106
1673777997 141
1673777998 199
1673778001 138
1673778004 115
1673778004 123
1673778004 185
1673778007 125
1673778007 158
1673778007 134
1673778008 136
1673778010 103
1673778010 121
1673778010 126
1673778010 126
1673778011 118
1673778013 157
1673778013 144
1673778014 192
1673778016 136
1673778016 194
1673778018 175
1673778018 146
1673778019 114
1673778027 159
1673778037 169
1673778037 164
1673778038 125
1673778043 112
1673778043 130
1673778043 138
1673778043 112
1673778049 156
1673778053 180
1673778056 126
1673778057 128
1673778057 160
1673778063 187
1673778064 117
1673778064 101
1673778064 177
1673778065 186
1673778066 175
1673778067 125
1673778067 195
1673778068 180
1673778070 132
1673778071 148
1673778071 200
1673778072 163
1673778076 108
1673778078 191
1673778080 141
1673778080 104
1673778083 133
1673778083 105
1673778084 199
1673778084 119
1673778087 156
1673778087 106
1673778095 115
1673778095 191
1673778095 120
1673778099 155
1673778100 196
1673778100 184
1673778100 135
1673778101 169
1673778102 178
1673778107 193
1673778107 196
1673778107 198
1673778109 182
1673778119 187
1673778119 198
1673778120 182
1673778120 115
1673778120 187
1673778122 185
1673778122 136
1673778123 133
1673778124 157
1673778127 186
1673778127 127
1673778129 121
1673778130 127
1673778130 148
1673778130 121
1673778130 179
1673778131 176
1673778138 155
1673778140 114
1673778147 101
1673778148 148
1673778154 106
1673778157 190
1673778157 119
1673778159 143
1673778160 142
1673778160 159
1673778165 133
1673778165 122
1673778168 125
1673778171 166
1673778176 190
1673778177 113
1673778180 111
1673778180 160
1673778188 144
1673778192 117
1673778194 170
1673778195 107
1673778196 187
1673778197 138
1673778197 109
1673778197 195
1673778199 169
1673778199 170
1673778200 153
1673778200 192
1673778201 169
1673778201 102
1673778203 193
1673778203 141
1673778204 148
1673778204 196
1673778207 188
1673778207 141
1673778207 193
1673778207 167
1673778208 112
1673778210 163
1673778211 136
1673778211 102
1673778211 182
1673778212 142
1673778212 137
1673778212 190
1673778214 110
1673778214 177
1673778215 188
1673778215 113
1673778215 127
1673778215 132
1673778215 130
1673778216 116
1673778217 168
1673778217 155
1673778217 105
1673778217 177
1673778217 162
1673778217 185
1673778220 172
1673778221 118
1673778221 115
1673778222 198
1673778222 173
1673778222 178
1673778223 160
1673778223 118
1673778224 114
1673778225 114
1673778225 142
1673778226 137
1673778226 106
1673778226 157
1673778226 192
1673778226 188
1673778226 187
1673778227 143
1673778227 183
1673778227 126
1673778229 168
1673778229 137
1673778231 104
1673778232 101
1673778232 149
1673778232 136
1673778233 110
1673778233 112
1673778233 160
1673778234 122
1673778234 157
1673778234 118
1673778234 142
1673778234 133
1673778235 155
1673778236 175
1673778236 127
1673778236 108
1673778237 184
1673778237 122
1673778238 126
1673778239 148
1673778240 197
1673778240 157
1673778240 139
1673778241 131
1673778241 139
1673778241 197
1673778241 176
1673778242 181
1673778242 128
1673778243 197
1673778243 185
1673778243 124
1673778244 125
1673778245 157
1673778245 182
1673778245 196
1673778246 182
1673778246 186
1673778246 115
1673778247 182
1673778247 198
1673778247 196
1673778247 110
1673778248 166
1673778248 135
1673778248 144
1673778248 130
1673778249 115
1673778249 113
1673778249 196
1673778249 181
1673778250 132
1673778250 121
1673778250 140
1673778250 179
1673778251 184
1673778252 193
1673778252 185
1673778252 194
1673778253 142
1673778253 165
1673778254 146
1673778255 161
1673778256 184
1673778256 104
1673778256 106
1673778256 199
1673778257 130
1673778257 181
1673778258 129
1673778258 161
1673778258 179
1673778259 200
1673778259 123
1673778259 188
1673778260 133
1673778260 106
1673778260 130
1673778260 151
1673778260 182
1673778261 187
1673778261 106
1673778261 157
1673778261 166
1673778261 155
1673778262 196
1673778262 112
1673778262 193
1673778262 187
1673778262 179
1673778263 161
1673778263 151
1673778263 161
1673778263 127
1673778263 136
1673778263 127
1673778263 163
1673778263 151
1673778264 121
1673778264 195
1673778265 173
1673778265 127
1673778265 138
1673778265 188
1673778265 165
1673778265 167
1673778265 129
1673778266 177
1673778267 122
1673778267 161
1673778267 142
1673778268 158
1673778268 114
1673778268 136
1673778268 151
1673778268 176
1673778268 153
1673778268 121
1673778269 153
1673778269 172
1673778269 163
1673778269 107
1673778269 182
1673778270 127
1673778270 136
1673778270 198
1673778270 144
1673778270 154
1673778270 178
1673778270 127
1673778271 108
1673778271 158
1673778272 167
1673778272 148
1673778272 131
1673778273 151
1673778273 187
1673778273 150
1673778273 146
1673778273 169
1673778274 192
1673778274 149
1673778274 176
1673778274 183
1673778275 103
1673778275 169
1673778275 148
1673778276 126
1673778276 120
1673778277 105
1673778277 185
1673778277 175
1673778278 130
1673778278 176
1673778278 180
1673778279 152
1673778279 113
1673778280 183
1673778280 120
1673778280 197
1673778281 131
1673778281 139
1673778282 167
1673778282 129
1673778282 102
1673778282 113
1673778283 183
1673778283 156
1673778283 119
1673778283 174
1673778284 191
1673778284 151
1673778284 163
1673778286 153
1673778286 127
1673778286 150
1673778286 161
1673778287 187
1673778287 143
1673778287 168
1673778288 112
1673778289 140
1673778289 198
1673778289 179
1673778290 147
1673778290 114
1673778290 136
1673778290 157
1673778291 181
1673778291 101
1673778292 120
1673778292 173
1673778293 104
1673778293 197
1673778293 138
1673778294 137
1673778294 172
1673778294 134
1673778294 140
1673778295 109
1673778295 137
1673778295 188
1673778295 171
1673778296 127
1673778296 194
1673778296 200
1673778296 136
1673778296 163
1673778297 127
1673778298 120
1673778298 139
1673778299 136
1673778299 150
1673778299 123
1673778300 103
1673778300 198
1673778300 131
1673778301 199
1673778301 144
1673778302 121
1673778302 165
1673778302 196
1673778303 107
1673778303 153
1673778304 121
1673778304 171
1673778304 122
1673778304 153
1673778304 132
1673778305 183
1673778305 114
1673778306 165
1673778306 111
1673778307 113
1673778307 180
1673778307 136
1673778308 171
1673778308 139
1673778308 140
1673778309 154
1673778309 177
1673778309 191
1673778309 198
1673778310 171
1673778310 149
1673778310 134
1673778310 172
1673778311 179
1673778311 112
1673778311 101
1673778311 124
1673778312 121
1673778312 190
1673778313 178
1673778314 111
1673778314 114
1673778314 195
1673778314 183
1673778314 165
1673778314 145
1673778315 184
1673778315 154
1673778315 170
1673778315 164
1673778316 141
1673778316 129
1673778316 143
1673778316 161
1673778316 165
1673778317 174
1673778318 135
1673778318 176
1673778319 178
1673778319 156
1673778319 169
1673778319 131
1673778319 102
1673778319 127
1673778319 154
1673778319 141
1673778319 185
1673778320 125
1673778320 124
1673778320 160
1673778320 182
1673778320 118
1673778320 180
1673778321 167
1673778321 175
1673778322 130
1673778322 171
1673778322 121
1673778322 186
1673778322 183
1673778323 187
1673778324 144
1673778324 105
1673778324 170
1673778325 193
1673778326 105
1673778326 110
1673778326 154
1673778327 136
1673778327 197
1673778327 134
1673778328 196
1673778328 183
1673778328 132
1673778329 143
1673778329 183
1673778329 133
1673778329 101
1673778330 158
1673778330 150
1673778331 160
1673778331 110
1673778331 110
1673778332 151
1673778332 158
1673778332 175
1673778333 130
1673778335 174
1673778335 185
1673778335 143
1673778336 125
1673778336 116
1673778336 158
1673778336 133
1673778337 134
1673778337 106
1673778337 165
1673778338 135
1673778338 165
1673778338 191
1673778338 128
1673778338 192
1673778338 147
1673778339 159
1673778340 138
1673778340 178
1673778340 173
1673778341 190
1673778341 126
1673778342 149
1673778342 116
1673778342 146
1673778342 127
1673778343 186
1673778343 175
1673778343 200
1673778343 142
1673778343 134
1673778343 143
1673778344 139
1673778344 118
1673778344 167
1673778345 184
1673778345 180
1673778345 157
1673778346 185
1673778346 171
1673778346 123
1673778347 183
1673778347 119
1673778348 136
1673778348 176
1673778349 172
1673778349 171
1673778349 101
1673778350 151
1673778350 137
1673778352 130
1673778355 138
1673778355 172
1673778356 120
1673778356 128
1673778357 116
1673778357 141
1673778357 192
1673778357 147
1673778357 114
1673778357 103
1673778358 156
1673778358 190
1673778358 169
1673778359 185
1673778359 118
1673778359 162
1673778360 147
1673778360 193
1673778360 113
1673778361 146
1673778361 175
1673778361 130
1673778361 154
1673778362 197
1673778363 105
1673778363 123
1673778363 197
1673778363 152
1673778364 157
1673778364 132
1673778364 121
1673778365 108
1673778365 118
1673778365 181
1673778367 138
1673778367 117
1673778368 118
1673778369 191
1673778370 184
1673778370 110
1673778370 162
1673778370 122
1673778370 107
1673778370 119
1673778371 160
1673778371 158
1673778372 152
1673778372 127
1673778372 109
1673778372 127
1673778372 151
1673778372 142
1673778373 154
1673778373 128
1673778374 157
1673778375 198
1673778376 105
1673778376 184
1673778377 121
1673778377 114
1673778377 146
1673778377 118
1673778377 197
1673778378 193
1673778378 173
1673778378 193
1673778379 156
1673778379 108
1673778379 172
1673778379 160
1673778379 109
1673778380 174
1673778381 112
1673778382 142
1673778382 151
1673778382 164
1673778382 157
1673778382 104
1673778383 152
1673778384 188
1673778384 119
1673778384 191
1673778384 176
1673778384 115
1673778385 149
1673778385 165
1673778385 163
1673778385 160
1673778386 160
1673778387 169
1673778387 124
1673778388 115
1673778388 163
1673778388 158
1673778388 131
1673778389 173
1673778389 104
1673778389 147
1673778389 176
1673778390 154
1673778391 148
1673778391 157
1673778391 118
1673778391 200
1673778392 125
1673778392 200
1673778393 123
1673778394 190
1673778394 164
1673778395 131
1673778395 143
1673778395 160
1673778395 113
1673778396 151
1673778397 137
1673778397 118
1673778397 126
1673778398 174
1673778398 192
1673778398 185
1673778398 166
1673778399 190
1673778399 127
1673778399 137
1673778399 120
1673778399 151
1673778400 136
1673778401 169
1673778401 142
1673778401 129
1673778401 130
1673778402 170
1673778402 198
1673778402 147
1673778402 148
1673778402 182
1673778403 188
1673778403 145
1673778403 188
1673778404 114
1673778404 127
1673778405 101
1673778406 107
1673778406 176
1673778406 181
1673778406 117
1673778406 118
1673778407 127
1673778407 107
1673778407 137
1673778408 188
1673778408 134
1673778409 177
1673778409 141
1673778409 149
1673778409 168
1673778410 102
1673778411 182
1673778411 170
1673778411 162
1673778411 158
1673778411 148
1673778411 160
1673778412 102
1673778412 175
1673778412 156
1673778412 162
1673778413 156
1673778414 191
1673778415 150
1673778415 129
1673778415 190
1673778415 103
1673778416 108
1673778416 194
1673778417 186
1673778418 162
1673778418 186
1673778418 150
1673778419 169
1673778419 110
1673778420 149
1673778420 118
1673778420 173
1673778420 134
1673778420 195
1673778420 110
1673778421 151
1673778421 114
1673778421 108
1673778421 146
1673778421 178
1673778422 132
1673778422 200
1673778422 126
1673778422 185
1673778423 155
1673778423 129
1673778424 140
1673778425 112
1673778426 190
1673778427 104
1673778427 148
1673778428 180
1673778428 113
1673778428 189
1673778428 108
1673778428 132
1673778429 184
1673778429 175
1673778429 139
1673778430 166
1673778431 154
1673778431 138
1673778431 181
1673778431 173
1673778431 194
1673778431 176
1673778431 186
1673778433 124
1673778433 168
1673778433 131
1673778433 105
1673778433 194
1673778433 103
1673778435 199
1673778435 135
1673778436 106
1673778436 104
1673778436 188
1673778436 137
1673778437 166
1673778437 171
1673778437 173
1673778437 173
1673778438 129
1673778438 175
1673778438 180
1673778438 177
1673778438 123
1673778439 199
1673778440 147
1673778440 119
1673778440 106
1673778441 173
1673778441 150
1673778442 106
1673778442 115
1673778442 124
1673778443 142
1673778443 115
1673778443 112
1673778443 167
1673778443 106
1673778444 154
1673778445 190
1673778445 122
1673778445 197
1673778446 162
1673778446 116
1673778447 179
1673778447 153
1673778448 193
1673778448 178
1673778448 175
1673778448 174
1673778448 156
1673778448 199
1673778448 115
1673778449 119
1673778449 186
1673778449 177
1673778449 182
1673778449 147
1673778449 158
1673778450 158
1673778450 115
1673778450 181
1673778450 142
1673778450 117
1673778450 133
1673778451 132
1673778451 163
1673778451 156
1673778451 114
1673778451 181
1673778452 195
1673778452 152
1673778452 146
1673778452 119
1673778452 157
1673778453 197
1673778453 165
1673778453 112
1673778453 134
1673778453 119
1673778453 130
1673778454 195
1673778454 160
1673778454 195
1673778455 112
1673778456 184
1673778456 143
1673778457 183
1673778458 134
1673778458 125
1673778459 117
1673778459 181
1673778459 188
1673778460 157
1673778461 129
1673778461 199
1673778462 119
1673778462 109
1673778463 156
1673778463 191
1673778463 112
1673778464 189
1673778465 183
1673778466 146
1673778466 177
1673778467 175
1673778467 109
1673778468 118
1673778468 115
1673778469 122
1673778469 168
1673778470 172
1673778470 161
1673778470 114
1673778470 110
1673778471 142
1673778471 196
1673778471 105
1673778471 167
1673778471 159
1673778471 127
1673778471 177
1673778472 143
1673778472 171
1673778473 126
1673778473 119
1673778474 172
1673778475 160
1673778475 197
1673778476 179
1673778476 120
1673778476 198
1673778476 160
1673778476 196
1673778476 188
1673778476 118
1673778477 102
1673778477 197
1673778478 154
1673778479 109
1673778479 144
1673778479 151
1673778479 103
1673778480 122
1673778480 186
1673778480 189
1673778481 105
1673778481 186
1673778482 102
1673778482 170
1673778482 164
1673778482 120
1673778482 182
1673778482 107
1673778483 172
1673778483 117
1673778484 193
1673778484 198
1673778484 103
1673778485 115
1673778485 129
1673778486 175
1673778486 157
1673778487 148
1673778488 162
1673778488 178
1673778489 172
1673778489 190
1673778489 190
1673778489 114
1673778490 187
1673778490 124
1673778490 163
1673778490 185
1673778490 198
1673778490 191
1673778490 196
1673778491 168
1673778491 144
1673778492 106
1673778492 187
1673778493 175
1673778493 170
1673778493 156
1673778494 195
1673778494 193
1673778494 193
1673778495 175
1673778495 198
1673778495 119
1673778496 105
1673778496 124
1673778496 197
1673778496 113
1673778496 180
1673778496 130
1673778496 133
1673778496 128
1673778497 156
1673778497 143
1673778498 143
1673778498 162
1673778499 140
1673778500 173
1673778500 116
1673778500 142
1673778500 115
1673778500 147
1673778501 128
1673778501 130
1673778501 119
1673778503 164
1673778503 123
1673778503 144
1673778504 135
1673778504 118
1673778505 121
1673778505 200
1673778506 165
1673778506 126
1673778507 188
1673778507 130
1673778507 137
1673778507 118
1673778509 102
1673778509 141
1673778510 106
1673778510 163
1673778511 165
1673778511 190
1673778511 126
1673778511 108
1673778512 120
1673778512 181
1673778512 112
1673778512 169
1673778512 127
1673778513 115
1673778514 200
1673778514 194
1673778514 123
1673778514 158
1673778514 186
1673778515 198
1673778516 115
1673778516 139
1673778516 178
1673778516 173
1673778517 115
1673778517 133
1673778517 179
1673778517 107
1673778517 139
1673778518 169
1673778518 142
1673778518 196
1673778518 190
1673778519 130
1673778519 144
1673778519 135
1673778519 140
1673778519 151
1673778519 130
1673778520 195
1673778521 103
1673778521 155
1673778522 114
1673778522 200
1673778522 189
1673778523 115
1673778523 136
1673778523 146
1673778524 191
1673778524 135
1673778526 165
1673778526 175
1673778526 175
1673778526 111
1673778527 188
1673778527 155
1673778529 159
1673778529 111
1673778530 172
1673778530 159
1673778530 173
1673778531 173
1673778531 179
1673778531 199
1673778531 106
1673778532 183
1673778533 135
1673778533 158
1673778535 153
1673778535 121
1673778535 193
1673778535 196
1673778535 137
1673778535 170
1673778536 126
1673778536 178
1673778536 135
1673778536 132
1673778537 135
1673778537 129
1673778537 121
1673778537 158
1673778538 151
1673778539 168
1673778539 155
1673778540 104
1673778540 197
1673778540 148
1673778540 181
1673778540 187
1673778541 184
1673778541 144
1673778542 170
1673778542 120
1673778543 125
1673778543 131
1673778544 115
1673778544 160
1673778544 149
1673778544 195
1673778544 190
1673778544 158
1673778545 178
1673778545 161
1673778546 171
1673778547 146
1673778547 143
1673778547 157
1673778547 104
1673778547 103
1673778548 200
1673778549 115
1673778549 190
1673778549 167
1673778549 119
1673778549 140
1673778549 105
1673778550 141
1673778550 125
1673778551 173
1673778551 122
1673778552 150
1673778552 110
1673778552 188
1673778552 148
1673778552 158
1673778553 190
1673778553 112
1673778553 165
1673778553 115
1673778553 175
1673778553 179
1673778554 194
1673778554 189
1673778554 170
1673778554 134
1673778554 118
1673778554 162
1673778555 148
1673778555 122
1673778555 159
1673778556 188
1673778556 199
1673778557 148
1673778557 160
1673778558 131
1673778558 136
1673778558 120
1673778559 135
1673778559 121
1673778559 125
1673778559 144
1673778560 159
1673778560 132
1673778560 107
1673778560 102
1673778560 132
1673778562 190
1673778563 142
1673778563 133
1673778564 171
1673778565 107
1673778565 170
1673778565 138
1673778566 179
1673778566 109
1673778566 161
1673778566 114
1673778566 191
1673778567 191
1673778567 139
1673778568 130
1673778568 148
1673778571 184
1673778572 107
1673778572 128
1673778573 134
1673778573 190
1673778573 193
1673778574 146
1673778574 187
1673778574 114
1673778574 196
1673778574 134
1673778575 194
1673778575 121
1673778576 153
1673778576 173
1673778576 169
1673778577 199
1673778577 124
1673778577 133
1673778577 185
1673778578 131
1673778578 116
1673778578 155
1673778578 152
1673778578 164
1673778579 180
1673778579 197
1673778579 171
1673778580 165
1673778580 178
1673778580 110
1673778581 133
1673778581 197
1673778581 125
1673778582 158
1673778582 101
1673778582 180
1673778583 148
1673778583 188
1673778584 149
1673778585 148
1673778585 181
1673778586 148
1673778586 140
1673778586 115
1673778587 115
1673778587 154
1673778587 151
1673778587 151
1673778588 115
1673778588 103
1673778588 142
1673778589 158
1673778589 103
1673778589 197
1673778589 112
1673778590 181
1673778591 177
1673778591 122
1673778591 158
1673778592 200
1673778592 121
1673778593 188
1673778594 117
1673778594 156
1673778594 200
1673778595 127
1673778595 112
1673778596 120
1673778596 116
1673778596 150
1673778597 180
1673778598 177
1673778598 178
1673778599 129
1673778599 185
1673778599 153
1673778599 106
1673778600 119
1673778600 172
1673778601 127
1673778601 112
1673778601 184
1673778601 108
1673778601 111
1673778602 101
1673778602 149
1673778603 120
1673778603 107
1673778603 178
1673778604 185
1673778604 158
1673778605 164
1673778605 199
1673778605 150
1673778605 147
1673778606 196
1673778607 160
1673778607 172
1673778607 181
1673778608 193
1673778608 176
1673778609 132
1673778610 115
1673778610 190
1673778611 150
1673778611 149
1673778611 196
1673778611 157
1673778612 197
1673778612 194
1673778612 162
1673778612 121
1673778613 121
1673778613 175
1673778614 109
1673778614 154
1673778614 189
1673778614 121
1673778614 158
1673778615 118
1673778615 107
1673778615 163
1673778616 196
1673778616 185
1673778616 189
1673778616 115
1673778616 108
1673778616 110
1673778616 177
1673778616 155
1673778617 172
1673778617 112
1673778617 179
1673778618 105
1673778619 163
1673778619 167
1673778620 186
1673778620 190
1673778620 156
1673778621 179
1673778621 131
1673778621 176
1673778621 144
1673778622 168
1673778622 159
1673778622 167
1673778622 188
1673778623 132
1673778623 137
1673778623 165
1673778624 185
1673778624 106
1673778624 186
1673778624 189
1673778625 182
1673778625 183
1673778626 197
1673778626 108
1673778626 171
1673778626 149
1673778626 131
1673778626 182
1673778626 148
1673778626 114
1673778627 176
1673778627 142
1673778627 101
1673778627 129
1673778627 186
1673778628 145
1673778628 131
1673778628 138
1673778628 159
1673778629 188
1673778629 155
1673778630 167
1673778630 158
1673778630 121
1673778631 130
1673778631 154
1673778631 133
1673778631 161
1673778631 197
1673778631 154
1673778632 107
1673778632 111
1673778632 176
1673778633 195
1673778633 159
1673778633 146
1673778633 143
1673778634 166
1673778634 170
1673778634 164
1673778635 181
1673778635 114
1673778635 185
1673778635 179
1673778636 180
1673778636 131
1673778636 188
1673778636 125
1673778636 137
1673778638 118
1673778638 185
1673778638 125
1673778638 138
1673778639 181
1673778641 138
1673778641 183
1673778641 119
1673778641 123
1673778642 132
1673778642 185
1673778642 179
1673778642 123
1673778642 132
1673778644 194
1673778644 178
1673778645 154
1673778645 106
1673778646 174
1673778646 158
1673778646 106
1673778647 187
1673778647 155
1673778647 158
1673778647 119
1673778648 154
1673778648 157
1673778648 175
1673778649 192
1673778650 141
1673778650 120
1673778651 145
1673778652 189
1673778653 137
1673778654 161
1673778654 164
1673778654 183
1673778654 200
1673778655 172
1673778655 123
1673778655 141
1673778655 118
1673778655 117
1673778657 128
1673778657 198
1673778658 184
1673778658 115
1673778658 128
1673778658 158
1673778659 113
1673778659 176
1673778659 155
1673778660 146
1673778660 194
1673778660 169
1673778661 183
1673778661 168
1673778662 146
1673778662 176
1673778663 129
1673778663 176
1673778663 178
1673778663 111
1673778663 112
1673778664 125
1673778664 172
1673778664 173
1673778664 175
1673778665 133
1673778665 104
1673778665 146
1673778665 168
1673778665 184
1673778665 186
1673778665 142
1673778666 139
1673778666 166
1673778666 143
1673778667 141
1673778667 103
1673778667 186
1673778667 144
1673778667 132
1673778668 136
1673778668 197
1673778668 113
1673778668 177
1673778668 147
1673778669 178
1673778669 175
1673778671 114
1673778671 140
1673778671 105
1673778671 116
1673778672 173
1673778673 128
1673778673 115
1673778673 152
1673778673 147
1673778673 152
1673778673 197
1673778674 140
1673778674 117
1673778674 173
1673778675 198
1673778675 134
1673778675 135
1673778675 129
1673778675 176
1673778675 115
1673778676 124
1673778676 197
1673778676 178
1673778676 170
1673778677 173
1673778677 198
1673778677 118
1673778677 140
1673778678 129
1673778679 102
1673778679 200
1673778680 117
1673778681 130
1673778681 105
1673778681 155
1673778681 132
1673778681 159
1673778681 145
1673778682 197
1673778682 115
1673778682 108
1673778683 162
1673778684 186
1673778684 104
1673778684 181
1673778684 101
1673778684 164
1673778684 156
1673778685 162
1673778685 187
1673778685 148
1673778685 173
1673778686 156
1673778686 197
1673778686 193
1673778687 119
1673778687 143
1673778687 142
1673778688 190
1673778688 114
1673778689 186
1673778689 103
1673778689 175
1673778689 190
1673778690 108
1673778690 105
1673778690 110
1673778691 135
1673778692 116
1673778692 136
1673778692 182
1673778692 110
1673778693 193
1673778694 140
1673778694 149
1673778695 159
1673778695 136
1673778695 115
1673778696 105
1673778696 139
1673778696 108
1673778696 135
1673778697 190
1673778697 129
1673778697 138
1673778697 102
1673778697 151
1673778697 158
1673778698 193
1673778698 118
1673778698 178
1673778698 153
1673778699 137
1673778699 186
1673778699 151
1673778699 152
1673778699 125
1673778701 164
1673778701 157
1673778701 179
1673778701 119
1673778702 181
1673778703 172
1673778703 104
1673778703 170
1673778704 139
1673778704 178
1673778704 141
1673778705 106
1673778705 155
1673778705 137
1673778705 163
1673778706 149
1673778706 176
1673778707 134
1673778707 180
1673778707 175
1673778707 113
1673778708 161
1673778709 108
1673778709 160
1673778710 142
1673778710 139
1673778710 129
1673778710 144
1673778710 179
1673778711 164
1673778711 126
1673778711 177
1673778712 133
1673778712 131
1673778712 174
1673778712 121
1673778714 136
1673778714 135
1673778714 195
1673778714 175
1673778714 113
1673778715 122
1673778716 173
1673778716 130
1673778716 112
1673778717 199
1673778717 183
1673778718 167
1673778718 183
1673778719 124
1673778719 130
1673778720 154
1673778720 119
1673778720 115
1673778720 189
1673778720 142
1673778720 181
1673778720 175
1673778721 135
1673778721 140
1673778721 169
1673778722 106
1673778722 159
1673778722 136
1673778722 186
1673778723 126
1673778723 174
1673778723 151
1673778723 117
1673778723 104
1673778724 148
1673778724 129
1673778724 163
1673778724 114
1673778724 174
1673778725 132
1673778725 148
1673778726 187
1673778726 146
1673778727 168
1673778727 109
1673778727 199
1673778727 174
1673778727 112
1673778727 103
1673778728 181
1673778728 159
1673778728 152
1673778729 143
1673778729 188
1673778729 148
1673778730 193
1673778730 190
1673778730 193
1673778730 143
1673778730 199
1673778731 138
1673778731 179
1673778731 193
1673778732 173
1673778732 174
1673778732 128
1673778732 186
1673778733 136
1673778733 103
1673778733 156
1673778734 128
1673778735 150
1673778735 114
1673778735 162
1673778735 184
1673778735 109
1673778736 131
1673778736 114
1673778736 128
1673778736 156
1673778737 169
1673778737 102
1673778738 122
1673778738 136
1673778738 151
1673778739 175
1673778739 183
1673778739 141
1673778739 163
1673778741 104
1673778741 192
1673778741 185
1673778741 105
1673778743 151
1673778744 125
1673778744 186
1673778744 105
1673778745 198
1673778745 188
1673778745 113
1673778745 102
1673778746 172
1673778746 138
1673778748 149
1673778749 179
1673778749 189
1673778749 182
1673778751 174
1673778751 125
1673778752 177
1673778752 177
1673778753 149
1673778753 118
1673778753 200
1673778754 138
1673778754 165
1673778755 140
1673778756 158
1673778757 136
1673778758 164
1673778758 194
1673778759 138
1673778760 103
1673778761 147
1673778761 188
1673778761 194
1673778761 127
1673778761 130
1673778761 167
1673778762 171
1673778762 166
1673778763 120
1673778763 156
1673778763 154
1673778763 162
1673778763 170
1673778764 169
1673778764 144
1673778765 120
1673778765 145
1673778765 107
1673778766 181
1673778766 169
1673778766 134
1673778767 196
1673778767 190
1673778767 147
1673778767 181
1673778768 103
1673778768 150
1673778768 156
1673778769 115
1673778769 122
1673778769 153
1673778769 161
1673778770 108
1673778770 126
1673778770 119
1673778771 140
1673778771 181
1673778771 155
1673778772 193
1673778773 194
1673778773 128
1673778774 121
1673778774 151
1673778775 127
1673778775 195
1673778775 173
1673778776 180
1673778777 105
1673778777 183
1673778777 169
1673778777 164
1673778778 175
1673778778 143
1673778780 128
1673778780 196
1673778782 116
1673778782 197
1673778782 150
1673778783 132
1673778783 188
1673778783 180
1673778783 171
1673778783 161
1673778783 152
1673778784 156
1673778785 192
1673778785 183
1673778785 186
1673778787 179
1673778787 114
1673778787 163
1673778788 140
1673778788 181
1673778788 151
1673778788 141
1673778788 130
1673778789 140
1673778789 164
1673778789 101
1673778790 169
1673778791 134
1673778791 115
1673778792 185
1673778793 184
1673778793 110
1673778794 198
1673778794 181
1673778794 190
1673778794 123
1673778796 118
1673778796 200
1673778796 127
1673778796 163
1673778797 164
1673778797 167
1673778797 140
1673778798 101
1673778798 159
1673778798 101
1673778799 188
1673778799 161
1673778799 189
1673778800 177
1673778800 168
1673778801 161
1673778801 177
1673778801 130
1673778801 186
1673778801 164
1673778801 174
1673778801 112
1673778802 169
1673778803 161
1673778804 117
1673778804 171
1673778804 104
1673778804 199
1673778805 162
1673778805 105
1673778805 145
1673778805 174
1673778805 153
1673778806 130
1673778806 111
1673778806 163
1673778806 183
1673778806 160
1673778806 130
1673778808 163
1673778808 183
1673778808 138
1673778808 163
1673778809 126
1673778809 133
1673778809 163
1673778810 200
1673778810 156
1673778811 129
1673778811 125
1673778811 141
1673778811 150
1673778811 103
1673778811 194
1673778812 131
1673778812 135
1673778813 134
1673778814 171
1673778814 147
1673778814 111
1673778815 133
1673778816 143
1673778816 159
1673778816 192
1673778817 165
1673778818 140
1673778818 153
1673778819 150
1673778819 109
1673778820 194
1673778821 191
1673778821 184
1673778821 113
1673778822 108
1673778823 177
1673778824 145
1673778825 148
1673778826 194
1673778826 117
1673778826 169
1673778826 172
1673778826 158
1673778826 123
1673778827 179
1673778827 123
1673778828 182
1673778829 155
1673778829 191
1673778829 196
1673778830 153
1673778830 119
1673778830 193
1673778830 161
1673778830 138
1673778830 195
1673778831 144
1673778831 167
1673778831 138
1673778831 158
1673778831 165
1673778832 174
1673778832 129
1673778832 132
1673778833 150
1673778833 184
1673778834 187
1673778834 134
1673778834 144
1673778835 192
1673778835 186
1673778835 159
1673778836 162
1673778836 178
1673778836 160
1673778836 105
1673778837 121
1673778837 184
1673778837 107
1673778838 150
1673778839 123
1673778839 131
1673778840 126
1673778840 183
1673778840 127
1673778841 190
1673778841 115
1673778842 112
1673778842 107
1673778842 199
1673778842 126
1673778843 156
1673778843 196
1673778845 132
1673778845 173
1673778845 180
1673778846 106
1673778846 110
1673778847 114
1673778847 111
1673778847 157
1673778847 121
1673778847 179
1673778848 117
1673778848 184
1673778848 119
1673778849 140
1673778849 133
1673778849 164
1673778849 159
1673778849 119
1673778850 176
1673778850 154
1673778850 151
1673778850 200
1673778850 147
1673778851 112
1673778852 124
1673778852 131
1673778852 193
1673778852 110
1673778852 200
1673778852 143
1673778853 122
1673778853 170
1673778853 151
1673778854 158
1673778854 144
1673778854 164
1673778855 170
1673778855 121
1673778856 134
1673778857 197
1673778857 188
1673778857 147
1673778857 126
1673778857 176
1673778858 173
1673778858 178
1673778858 195
1673778858 136
1673778858 134
1673778858 146
1673778859 107
1673778859 198
1673778859 123
1673778859 124
1673778860 168
1673778860 163
1673778861 145
1673778861 145
1673778861 127
1673778861 115
1673778862 147
1673778863 143
1673778863 122
1673778863 106
1673778863 117
1673778864 194
1673778865 101
1673778866 157
1673778866 177
1673778867 137
1673778867 126
1673778867 112
1673778867 183
1673778868 137
1673778870 119
1673778870 178
1673778871 150
1673778871 183
1673778871 148
1673778871 109
1673778871 199
1673778871 160
1673778872 136
1673778873 174
1673778873 174
1673778873 132
1673778873 121
1673778874 119
1673778874 103
1673778875 103
1673778875 152
1673778875 159
1673778875 125
1673778875 176
1673778876 196
1673778876 163
1673778876 103
1673778876 158
1673778876 101
1673778876 125
1673778877 125
1673778877 166
1673778877 135
1673778878 143
1673778878 153
1673778879 147
1673778879 142
1673778879 197
1673778880 116
1673778880 199
1673778881 110
1673778881 164
1673778881 105
1673778882 188
1673778882 157
1673778882 161
1673778883 163
1673778883 152
1673778883 122
1673778884 147
1673778884 187
1673778884 195
1673778885 170
1673778886 160
1673778886 130
1673778887 178
1673778887 161
1673778887 185
1673778887 141
1673778887 130
1673778889 125
1673778890 157
1673778890 135
1673778890 187
1673778890 144
1673778891 132
1673778891 111
1673778891 141
1673778891 195
1673778893 188
1673778893 112
1673778893 132
1673778895 170
1673778895 185
1673778895 106
1673778895 143
1673778896 150
1673778896 103
1673778897 144
1673778897 150
1673778897 120
1673778897 157
1673778898 125
1673778898 181
1673778898 169
1673778898 190
1673778898 134
1673778899 184
1673778899 194
1673778900 151
1673778900 170
1673778900 115
1673778900 110
1673778900 165
1673778900 172
1673778900 127
1673778901 110
1673778901 164
1673778901 136
1673778902 121
1673778902 160
1673778903 125
1673778903 108
1673778903 176
1673778903 151
1673778903 103
1673778903 194
1673778903 198
1673778903 155
1673778904 192
1673778904 160
1673778904 124
1673778905 157
1673778905 124
1673778905 147
1673778905 124
1673778906 138
1673778906 114
1673778907 142
1673778907 127
1673778907 141
1673778907 188
1673778907 125
1673778908 131
1673778908 141
1673778909 166
1673778909 140
1673778910 121
1673778910 148
1673778910 156
1673778911 120
1673778911 196
1673778911 199
1673778912 122
1673778912 198
1673778913 138
1673778913 153
1673778914 180
1673778914 116
1673778914 117
1673778914 198
1673778915 182
1673778915 136
1673778915 196
1673778915 170
1673778915 159
1673778915 161
1673778915 114
1673778916 111
1673778916 161
1673778916 146
1673778917 198
1673778917 135
1673778918 156
1673778919 189
1673778919 120
1673778919 118
1673778920 123
1673778920 114
1673778920 168
1673778920 104
1673778921 152
1673778921 122
1673778921 109
1673778922 137
1673778922 130
1673778922 103
1673778922 144
1673778923 126
1673778923 161
1673778924 151
1673778924 173
1673778925 117
1673778925 113
1673778925 176
1673778925 153
1673778926 181
1673778926 199
1673778926 107
1673778926 174
1673778926 145
1673778926 120
1673778926 178
1673778927 155
1673778928 141
1673778928 172
1673778928 191
1673778929 112
1673778929 184
1673778930 159
1673778930 103
1673778930 170
1673778931 128
1673778931 154
1673778932 128
1673778933 142
1673778933 150
1673778933 154
1673778933 176
1673778933 126
1673778933 139
1673778934 166
1673778934 123
1673778934 147
1673778934 160
1673778934 146
1673778934 119
1673778935 150
1673778935 139
1673778935 140
1673778935 122
1673778936 193
1673778936 177
1673778937 120
1673778938 151
1673778938 126
1673778938 127
1673778938 140
1673778939 145
1673778939 128
1673778939 169
1673778939 190
1673778939 146
1673778940 195
1673778940 114
1673778940 187
1673778940 122
1673778940 164
1673778941 107
1673778941 114
1673778941 162
1673778941 185
1673778941 183
1673778941 176
1673778942 103
1673778942 177
1673778942 148
1673778942 115
1673778943 135
1673778943 109
1673778944 132
1673778944 197
1673778944 126
1673778945 156
1673778945 164
1673778945 169
1673778946 188
1673778946 129
1673778947 143
1673778947 156
1673778948 145
1673778948 164
1673778949 119
1673778949 162
1673778949 158
1673778949 115
1673778950 103
1673778950 106
1673778950 183
1673778950 129
1673778950 135
1673778950 175
1673778951 176
1673778951 174
1673778952 149
1673778952 118
1673778952 103
1673778952 181
1673778953 163
1673778953 106
1673778953 136
1673778953 199
1673778954 129
1673778954 170
1673778954 129
1673778954 146
1673778955 103
1673778955 128
1673778955 130
1673778955 148
1673778956 150
1673778956 132
1673778956 176
1673778956 156
1673778956 197
1673778956 174
1673778956 115
1673778956 108
1673778957 144
1673778957 105
1673778958 176
1673778958 142
1673778959 191
1673778959 122
1673778959 184
1673778961 192
1673778961 149
1673778961 102
1673778962 180
1673778962 166
1673778962 111
1673778962 181
1673778963 186
1673778963 109
1673778964 121
1673778965 159
1673778965 110
1673778965 166
1673778966 199
1673778966 129
1673778966 184
1673778967 183
1673778968 152
1673778968 162
1673778968 148
1673778969 173
1673778970 166
1673778970 146
1673778971 183
1673778971 197
1673778971 190
1673778972 200
1673778973 175
1673778973 142
1673778974 173
1673778975 144
1673778975 185
1673778975 192
1673778976 119
1673778976 194
1673778976 140
1673778977 126
1673778977 199
1673778977 180
1673778978 194
1673778978 171
1673778979 107
1673778979 113
1673778979 104
1673778979 163
1673778980 153
1673778980 161
1673778981 104
1673778982 128
1673778982 173
1673778983 145
1673778983 192
1673778983 119
1673778983 192
1673778984 112
1673778984 155
1673778984 126
1673778984 112
1673778984 193
1673778985 171
1673778985 106
1673778985 128
1673778985 130
1673778986 102
1673778986 160
1673778987 194
1673778987 104
1673778987 125
1673778987 135
1673778987 165
1673778987 183
1673778987 114
1673778987 192
1673778988 119
1673778989 153
1673778989 142
1673778989 116
1673778990 139
1673778990 131
1673778990 186
1673778990 182
1673778990 190
1673778991 150
1673778991 115
1673778991 195
1673778991 183
1673778992 120
1673778992 116
1673778992 113
1673778992 178
1673778992 116
1673778992 197
1673778993 186
1673778993 193
1673778993 140
1673778993 125
1673778994 182
1673778994 183
1673778994 163
1673778994 142
1673778995 157
1673778995 189
1673778995 147
1673778996 121
1673778996 153
1673778997 198
1673778997 134
1673778998 181
1673778999 143
1673778999 190
1673778999 190
1673779000 195
1673779000 129
1673779002 141
1673779002 107
1673779003 167
1673779004 141
1673779004 180
1673779005 199
1673779005 122
1673779005 121
1673779005 169
1673779005 138
1673779006 154
1673779007 137
1673779007 166
1673779008 194
1673779008 144
1673779008 139
1673779008 163
1673779009 165
1673779009 138
1673779009 136
1673779009 147
1673779009 170
1673779010 119
1673779010 115
1673779011 115
1673779011 124
1673779011 116
1673779012 121
1673779012 101
1673779012 140
1673779012 199
1673779013 156
1673779015 154
1673779015 111
1673779015 180
1673779016 190
1673779018 188
1673779018 194
1673779019 161
1673779021 169
1673779021 186
1673779022 185
1673779023 153
1673779023 163
1673779024 153
1673779025 141
1673779025 129
1673779026 143
1673779026 153
1673779026 121
1673779026 108
1673779026 101
1673779026 179
1673779026 183
1673779027 156
1673779027 193
1673779028 155
1673779028 186
1673779028 109
1673779029 198
1673779029 149
1673779029 188
1673779030 139
1673779031 165
1673779031 121
1673779032 193
1673779032 175
1673779032 181
1673779032 146
1673779032 114
1673779035 158
1673779035 188
1673779036 152
1673779036 193
1673779036 174
1673779036 146
1673779036 150
1673779037 172
1673779037 118
1673779037 159
1673779037 196
1673779038 182
1673779038 108
1673779038 161
1673779038 171
1673779039 134
1673779039 137
1673779039 180
1673779039 169
1673779040 105
1673779040 159
1673779041 110
1673779041 146
1673779042 194
1673779043 101
1673779044 168
1673779045 137
1673779045 157
1673779045 135
1673779046 101
1673779046 137
1673779047 142
1673779047 120
1673779047 106
1673779048 106
1673779048 177
1673779048 187
1673779049 153
1673779049 152
1673779050 177
1673779050 187
1673779051 149
1673779051 105
1673779052 180
1673779052 111
1673779052 145
1673779053 169
1673779053 176
1673779053 192
1673779053 115
1673779053 157
1673779054 180
1673779054 159
1673779055 107
1673779055 182
1673779055 118
1673779055 198
1673779055 112
1673779055 177
1673779056 136
1673779056 147
1673779056 155
1673779056 162
1673779056 135
1673779056 128
1673779057 153
1673779057 152
1673779059 162
1673779060 193
1673779060 109
1673779060 106
1673779060 121
1673779061 118
1673779061 194
1673779061 105
1673779062 123
1673779062 176
1673779062 107
1673779062 129
1673779062 134
1673779062 126
1673779062 184
1673779063 147
1673779063 192
1673779063 104
1673779064 181
1673779064 145
1673779065 155
1673779067 182
1673779068 142
1673779068 122
1673779069 123
1673779069 129
1673779069 160
1673779070 181
1673779070 103
1673779070 200
1673779070 144
1673779071 128
1673779071 161
1673779071 101
1673779071 108
1673779072 169
1673779073 104
1673779074 138
1673779074 200
1673779074 150
1673779075 157
1673779075 173
1673779075 120
1673779075 128
1673779075 146
1673779075 174
1673779076 174
1673779076 200
1673779076 190
1673779077 151
1673779077 162
1673779078 120
1673779078 102
1673779078 126
1673779078 123
1673779079 193
1673779080 176
1673779080 134
1673779081 123
1673779081 155
1673779082 123
1673779082 121
1673779083 123
1673779083 182
1673779083 189
1673779084 179
1673779085 156
1673779085 155
1673779085 141
1673779085 171
1673779085 171
1673779085 162
1673779086 115
1673779086 178
1673779087 149
1673779087 107
1673779087 195
1673779087 189
1673779087 117
1673779087 156
1673779088 184
1673779088 106
1673779088 190
1673779090 109
1673779090 180
1673779090 146
1673779090 178
1673779092 191
1673779092 142
1673779093 159
1673779093 150
1673779093 172
1673779093 126
1673779094 185
1673779094 125
1673779094 123
1673779095 124
1673779095 144
1673779095 109
1673779095 148
1673779095 163
1673779095 159
1673779095 181
1673779095 127
1673779096 176
1673779096 107
1673779096 126
1673779097 151
1673779097 103
1673779098 192
1673779098 105
1673779099 173
1673779100 159
1673779100 118
1673779101 180
1673779102 158
1673779102 126
1673779102 124
1673779102 178
1673779103 143
1673779103 163
1673779103 129
1673779104 172
1673779104 141
1673779105 104
1673779106 198
1673779106 124
1673779107 183
1673779107 195
1673779107 141
1673779108 117
1673779109 166
1673779109 104
1673779109 173
1673779111 117
1673779111 132
1673779111 199
1673779111 101
1673779111 189
1673779113 178
1673779113 117
1673779113 200
1673779113 167
1673779113 105
1673779114 110
1673779114 176
1673779114 168
1673779114 121
1673779114 165
1673779114 112
1673779115 114
1673779115 180
1673779115 120
1673779115 155
1673779116 184
1673779116 155
1673779116 154
1673779116 130
1673779116 147
1673779116 197
1673779117 188
1673779117 183
1673779118 123
1673779118 161
1673779118 167
1673779118 102
1673779119 154
1673779119 196
1673779120 176
1673779120 182
1673779120 186
1673779120 180
1673779120 115
1673779121 113
1673779122 184
1673779122 166
1673779122 142
1673779124 104
1673779124 144
1673779124 155
1673779124 142
1673779125 105
1673779125 171
1673779125 192
1673779125 191
1673779125 105
1673779126 187
1673779126 168
1673779126 182
1673779127 200
1673779127 108
1673779128 188
1673779130 178
1673779131 195
1673779131 124
1673779131 149
1673779132 175
1673779132 134
1673779133 157
1673779133 154
1673779134 120
1673779134 102
1673779137 123
1673779137 125
1673779137 125
1673779137 184
1673779138 112
1673779138 137
1673779138 161
1673779138 140
1673779139 179
1673779139 151
1673779139 197
1673779140 153
1673779140 174
1673779140 197
1673779142 197
1673779142 127
1673779143 192
1673779143 148
1673779143 197
1673779144 120
1673779144 166
1673779145 169
1673779147 152
1673779147 140
1673779147 200
1673779148 185
1673779148 162
1673779148 158
1673779148 131
1673779148 132
1673779149 138
1673779149 176
1673779149 186
1673779149 181
1673779150 143
1673779150 167
1673779150 149
1673779150 116
1673779150 173
1673779150 168
1673779151 158
1673779151 134
1673779152 192
1673779153 170
1673779153 173
1673779153 149
1673779154 125
1673779154 151
1673779154 195
1673779154 103
1673779154 102
1673779154 195
1673779155 128
1673779155 149
1673779156 114
1673779156 124
1673779157 126
1673779157 109
1673779157 134
1673779157 124
1673779157 160
1673779158 155
1673779158 117
1673779158 113
1673779158 170
1673779159 168
1673779159 125
1673779159 151
1673779160 124
1673779160 194
1673779161 120
1673779162 154
1673779162 119
1673779163 118
1673779163 118
1673779163 129
1673779164 186
1673779164 126
1673779164 154
1673779165 198
1673779165 162
1673779165 181
1673779166 162
1673779166 191
1673779166 105
1673779167 138
1673779168 166
1673779168 147
1673779169 148
1673779169 167
1673779170 126
1673779170 121
1673779172 190
1673779172 118
1673779172 150
1673779172 165
1673779173 135
1673779173 102
1673779175 166
1673779175 116
1673779175 132
1673779175 108
1673779175 200
1673779175 175
1673779176 132
1673779176 138
1673779176 113
1673779176 115
1673779176 110
1673779179 146
1673779179 173
1673779179 186
1673779180 123
1673779180 139
1673779181 165
1673779182 129
1673779182 104
1673779183 145
1673779183 137
1673779184 129
1673779184 101
1673779185 180
1673779185 176
1673779185 192
1673779185 180
1673779185 155
1673779186 108
1673779186 120
1673779187 159
1673779187 196
1673779187 163
1673779189 104
1673779189 114
1673779189 193
1673779189 115
1673779189 138
1673779190 122
1673779190 146
1673779191 148
1673779191 193
1673779191 126
1673779192 105
1673779192 149
1673779193 177
1673779193 154
1673779193 179
1673779194 159
1673779194 172
1673779194 197
1673779194 137
1673779194 175
1673779194 187
1673779196 126
1673779196 134
1673779197 120
1673779197 146
1673779197 115
1673779197 186
1673779197 101
1673779198 139
1673779198 118
1673779198 189
1673779198 168
1673779198 171
1673779198 171
1673779199 164
1673779199 137
1673779199 191
1673779199 124
1673779199 187
1673779200 154
1673779200 152
1673779200 172
1673779201 117
1673779201 200
1673779202 151
1673779203 111
1673779203 132
1673779204 146
1673779204 177
1673779204 175
1673779205 180
1673779205 103
1673779205 124
1673779205 189
1673779205 190
1673779205 174
1673779205 145
1673779206 188
1673779206 121
1673779207 118
1673779207 170
1673779207 129
1673779208 189
1673779208 103
1673779208 151
1673779208 146
1673779209 200
1673779209 119
1673779209 169
1673779209 147
1673779210 141
1673779210 177
1673779210 117
1673779210 130
1673779210 120
1673779211 109
1673779211 153
1673779212 123
1673779212 108
1673779213 110
1673779213 171
1673779213 104
1673779214 107
1673779214 193
1673779214 142
1673779215 170
1673779216 124
1673779216 168
1673779216 170
1673779216 181
1673779216 197
1673779217 141
1673779217 155
1673779217 137
1673779217 200
1673779217 160
1673779217 167
1673779218 110
1673779219 183
1673779219 157
1673779219 164
1673779220 159
1673779221 182
1673779221 157
1673779221 166
1673779222 194
1673779222 125
1673779222 119
1673779222 186
1673779223 139
1673779223 166
1673779223 154
1673779224 158
1673779224 108
1673779224 191
1673779224 189
1673779225 176
1673779225 128
1673779225 106
1673779226 139
1673779226 134
1673779226 186
1673779226 177
1673779227 149
1673779227 185
1673779227 113
1673779227 154
1673779228 150
1673779229 193
1673779229 187
1673779229 152
1673779230 128
1673779231 161
1673779232 122
1673779232 154
1673779232 152
1673779234 107
1673779235 130
1673779235 102
1673779236 130
1673779236 181
1673779237 125
1673779237 132
1673779237 161
1673779237 141
1673779238 183
1673779238 159
1673779238 169
1673779238 114
1673779239 154
1673779239 157
1673779239 138
1673779240 171
1673779240 151
1673779240 122
1673779240 160
1673779240 122
1673779240 159
1673779241 141
1673779242 107
1673779242 112
1673779243 123
1673779243 123
1673779243 150
1673779243 197
1673779243 151
1673779243 173
1673779244 194
1673779244 178
1673779245 164
1673779245 105
1673779245 158
1673779245 136
1673779245 133
1673779247 118
1673779247 142
1673779248 106
1673779248 183
1673779248 141
1673779249 108
1673779249 189
1673779249 166
1673779249 131
1673779249 141
1673779249 120
1673779250 165
1673779250 133
1673779250 102
1673779250 200
1673779250 193
1673779250 190
1673779250 159
1673779250 139
1673779251 105
1673779251 142
1673779251 158
1673779251 157
1673779251 119
1673779252 200
1673779252 188
1673779254 149
1673779254 135
1673779255 156
1673779255 111
1673779256 198
1673779257 159
1673779257 122
1673779257 134
1673779258 164
1673779258 155
1673779260 127
1673779262 173
1673779262 112
1673779263 127
1673779263 148
1673779263 153
1673779263 129
1673779263 135
1673779264 170
1673779264 119
1673779265 137
1673779265 142
1673779265 169
1673779266 125
1673779268 112
1673779268 166
1673779269 192
1673779269 169
1673779270 196
1673779270 137
1673779270 107
1673779270 200
1673779271 160
1673779272 147
1673779272 177
1673779272 102
1673779272 166
1673779273 125
1673779273 121
1673779273 179
1673779274 109
1673779274 143
1673779274 163
1673779275 124
1673779275 162
1673779275 121
1673779276 153
1673779276 175
1673779276 123
1673779276 183
1673779276 167
1673779276 161
1673779277 116
1673779277 198
1673779277 177
1673779277 152
1673779277 105
1673779278 102
1673779278 157
1673779278 145
1673779278 179
1673779278 114
1673779279 193
1673779280 187
1673779280 121
1673779280 153
1673779280 171
1673779281 140
1673779281 183
1673779281 178
1673779282 193
1673779282 172
1673779284 198
1673779285 146
1673779285 138
1673779286 112
1673779286 133
1673779286 117
1673779286 142
1673779287 160
1673779287 146
1673779287 167
1673779288 148
1673779288 193
1673779290 104
1673779290 185
