1673776802 142
1673776802 119
1673776802 191
1673776802 115
1673776804 101
1673776804 170
1673776806 150
1673776806 135
1673776807 178
1673776807 186
1673776807 157
1673776808 149
1673776808 143
1673776810 189
1673776810 173
1673776811 116
1673776811 128
1673776812 105
1673776813 183
1673776813 182
1673776815 167
1673776815 126
1673776815 119
1673776817 159
1673776820 152
1673776820 133
1673776821 101
1673776821 127
1673776821 187
1673776821 131
1673776822 142
1673776822 128
1673776823 112
1673776823 171
1673776825 115
1673776825 179
1673776827 104
1673776827 147
1673776827 164
1673776828 131
1673776833 166
1673776833 195
1673776833 160
1673776835 148
1673776835 197
1673776835 111
1673776836 139
1673776836 140
1673776837 161
1673776838 163
1673776838 199
1673776839 110
1673776840 171
1673776841 120
1673776844 176
1673776849 155
1673776851 150
1673776851 190
1673776856 197
1673776856 129
1673776858 126
1673776858 150
1673776860 200
1673776861 180
1673776861 146
1673776862 115
1673776863 144
1673776864 163
1673776865 101
1673776866 118
1673776870 142
1673776871 193
1673776872 144
1673776874 120
1673776876 147
1673776876 188
1673776876 187
1673776878 127
1673776878 124
1673776879 174
1673776879 199
1673776879 134
1673776880 197
1673776882 186
1673776882 157
1673776882 164
1673776882 183
1673776882 192
1673776884 120
1673776885 134
1673776887 142
1673776889 193
1673776889 148
1673776893 155
1673776896 124
1673776897 170
1673776897 179
1673776898 178
1673776898 152
1673776898 160
1673776899 135
1673776900 172
1673776900 187
1673776901 114
1673776901 200
1673776901 160
1673776901 170
1673776902 177
1673776903 175
1673776903 188
1673776903 116
1673776904 159
1673776904 189
1673776908 102
1673776912 113
1673776915 194
1673776917 112
1673776920 119
1673776921 146
1673776921 109
1673776922 157
1673776924 162
1673776924 160
1673776925 186
1673776926 103
1673776926 140
1673776927 130
1673776927 115
1673776927 148
1673776928 162
1673776928 186
1673776929 166
1673776929 133
1673776931 146
1673776931 123
1673776931 118
1673776931 147
1673776932 164
1673776933 189
1673776933 160
1673776933 167
1673776934 118
1673776934 162
1673776935 130
1673776935 122
1673776935 116
1673776936 144
1673776936 122
1673776936 168
1673776937 192
1673776938 142
1673776938 196
1673776938 112
1673776938 140
1673776939 197
1673776940 183
1673776941 101
1673776942 133
1673776943 144
1673776944 122
1673776944 112
1673776946 105
1673776946 188
1673776947 151
1673776947 178
1673776947 128
1673776947 183
1673776947 148
1673776947 133
1673776948 162
1673776949 173
1673776949 124
1673776949 161
1673776949 159
1673776950 109
1673776950 150
1673776950 135
1673776950 115
1673776950 197
1673776950 151
1673776951 109
1673776951 107
1673776951 169
1673776952 134
1673776954 194
1673776954 114
1673776955 102
1673776955 194
1673776957 130
1673776958 124
1673776959 122
1673776959 101
1673776959 159
1673776959 139
1673776960 130
1673776960 108
1673776960 171
1673776961 142
1673776961 136
1673776961 185
1673776962 106
1673776963 188
1673776963 134
1673776963 119
1673776963 147
1673776963 151
1673776964 113
1673776964 142
1673776964 143
1673776964 131
1673776966 142
1673776967 170
1673776967 151
1673776968 110
1673776968 138
1673776970 183
1673776970 127
1673776970 161
1673776970 103
1673776970 117
1673776970 176
1673776971 154
1673776972 131
1673776972 117
1673776973 156
1673776973 193
1673776973 166
1673776974 158
1673776974 108
1673776974 173
1673776974 168
1673776975 103
1673776975 144
1673776975 144
1673776975 194
1673776975 133
1673776976 126
1673776976 102
1673776976 104
1673776976 121
1673776976 147
1673776977 119
1673776977 129
1673776978 116
1673776978 193
1673776979 121
1673776979 197
1673776979 182
1673776979 198
1673776979 186
1673776980 115
1673776980 139
1673776981 148
1673776981 103
1673776981 116
1673776981 181
1673776982 180
1673776983 137
1673776983 109
1673776983 124
1673776985 167
1673776985 133
1673776986 190
1673776986 166
1673776986 107
1673776986 164
1673776987 140
1673776987 161
1673776988 197
1673776988 103
1673776991 167
1673776991 130
1673776995 132
1673776996 116
1673776997 139
1673776997 192
1673776997 144
1673776998 117
1673776998 184
1673776999 110
1673776999 153
1673776999 187
1673776999 134
1673777000 106
1673777000 182
1673777002 126
1673777002 154
1673777002 113
1673777002 104
1673777002 140
1673777003 136
1673777003 187
1673777003 157
1673777003 193
1673777004 117
1673777005 120
1673777005 118
1673777006 121
1673777007 164
1673777007 182
1673777007 164
1673777007 113
1673777008 114
1673777009 121
1673777010 123
1673777010 187
1673777011 166
1673777012 138
1673777012 200
1673777012 106
1673777012 173
1673777013 183
1673777013 106
1673777013 140
1673777014 160
1673777015 164
1673777015 140
1673777015 171
1673777017 169
1673777017 123
1673777018 105
1673777018 167
1673777018 121
1673777018 118
1673777019 165
1673777021 117
1673777022 111
1673777022 170
1673777022 157
1673777022 130
1673777022 101
1673777023 116
1673777023 175
1673777024 139
1673777024 151
1673777024 177
1673777024 142
1673777025 141
1673777025 142
1673777026 155
1673777026 197
1673777027 126
1673777027 111
1673777027 187
1673777027 190
1673777027 114
1673777027 109
1673777027 189
1673777028 186
1673777028 110
1673777028 104
1673777029 196
1673777029 155
1673777029 186
1673777030 194
1673777030 111
1673777030 101
1673777031 168
1673777031 165
1673777031 157
1673777032 122
1673777032 134
1673777033 186
1673777034 145
1673777034 139
1673777034 183
1673777034 196
1673777034 164
1673777034 128
1673777035 148
1673777035 194
1673777035 106
1673777035 172
1673777036 151
1673777036 169
1673777036 149
1673777036 133
1673777036 128
1673777037 176
1673777037 171
1673777037 135
1673777037 157
1673777037 183
1673777037 120
1673777038 182
1673777038 135
1673777038 156
1673777039 194
1673777040 191
1673777040 195
1673777041 130
1673777042 102
1673777042 144
1673777043 167
1673777043 194
1673777043 128
1673777043 189
1673777043 159
1673777044 112
1673777044 103
1673777044 164
1673777044 114
1673777044 114
1673777044 164
1673777044 125
1673777045 168
1673777046 180
1673777046 181
1673777046 119
1673777047 151
1673777047 123
1673777047 131
1673777048 120
1673777048 181
1673777048 124
1673777048 155
1673777048 162
1673777048 118
1673777049 199
1673777050 113
1673777050 114
1673777051 135
1673777051 134
1673777052 194
1673777052 165
1673777053 171
1673777053 101
1673777053 116
1673777054 141
1673777054 121
1673777054 169
1673777055 163
1673777055 131
1673777056 173
1673777056 184
1673777056 135
1673777056 110
1673777057 192
1673777057 198
1673777058 148
1673777058 146
1673777058 166
1673777058 158
1673777058 114
1673777058 143
1673777059 176
1673777059 199
1673777060 137
1673777060 108
1673777060 107
1673777060 112
1673777060 152
1673777061 112
1673777061 124
1673777062 114
1673777063 126
1673777063 164
1673777064 140
1673777064 135
1673777064 199
1673777065 103
1673777065 186
1673777065 106
1673777066 171
1673777066 159
1673777066 193
1673777067 142
1673777067 131
1673777068 137
1673777068 158
1673777068 156
1673777068 159
1673777068 165
1673777068 148
1673777068 159
1673777069 189
1673777069 149
1673777069 186
1673777069 189
1673777069 126
1673777070 147
1673777070 172
1673777070 156
1673777071 147
1673777071 200
1673777071 158
1673777071 190
1673777072 148
1673777072 175
1673777072 182
1673777072 126
1673777072 140
1673777072 118
1673777072 197
1673777073 161
1673777073 172
1673777074 150
1673777074 109
1673777074 101
1673777075 122
1673777075 195
1673777076 156
1673777076 188
1673777076 183
1673777076 149
1673777077 132
1673777077 130
1673777077 121
1673777078 175
1673777078 111
1673777078 196
1673777078 179
1673777079 119
1673777079 169
1673777079 163
1673777080 164
1673777080 200
1673777080 112
1673777081 151
1673777081 179
1673777081 125
1673777082 173
1673777082 126
1673777082 188
1673777082 193
1673777083 183
1673777083 154
1673777083 123
1673777084 134
1673777084 104
1673777084 163
1673777085 156
1673777085 132
1673777085 179
1673777085 116
1673777086 163
1673777087 188
1673777087 192
1673777087 199
1673777088 192
1673777089 174
1673777089 120
1673777089 188
1673777090 132
1673777090 173
1673777090 108
1673777091 191
1673777091 116
1673777091 176
1673777092 199
1673777092 119
1673777092 103
1673777093 118
1673777093 127
1673777093 130
1673777094 143
1673777094 101
1673777094 145
1673777094 158
1673777094 134
1673777095 194
1673777095 126
1673777096 139
1673777098 114
1673777098 119
1673777098 162
1673777099 110
1673777099 148
1673777100 131
1673777101 170
1673777101 173
1673777101 123
1673777101 143
1673777102 179
1673777103 110
1673777103 137
1673777104 170
1673777104 134
1673777104 198
1673777104 189
1673777105 151
1673777105 124
1673777105 129
1673777106 195
1673777106 184
1673777106 111
1673777106 117
1673777106 145
1673777106 162
1673777106 167
1673777107 112
1673777107 116
1673777107 145
1673777107 144
1673777107 190
1673777108 198
1673777109 196
1673777109 112
1673777109 123
1673777109 159
1673777109 182
1673777110 134
1673777110 113
1673777110 130
1673777111 149
1673777112 178
1673777112 135
1673777112 185
1673777112 200
1673777112 168
1673777113 144
1673777114 195
1673777114 199
1673777114 179
1673777115 188
1673777115 169
1673777115 187
1673777116 152
1673777116 172
1673777116 132
1673777116 165
1673777116 149
1673777116 122
1673777117 159
1673777117 141
1673777117 122
1673777118 128
1673777118 147
1673777119 182
1673777119 114
1673777119 177
1673777120 167
1673777120 126
1673777120 181
1673777120 114
1673777121 163
1673777121 120
1673777121 153
1673777122 115
1673777122 143
1673777123 124
1673777123 165
1673777124 113
1673777124 114
1673777125 115
1673777125 121
1673777125 146
1673777126 200
1673777127 171
1673777127 161
1673777127 123
1673777127 158
1673777127 131
1673777128 198
1673777128 199
1673777129 116
1673777129 130
1673777129 129
1673777129 181
1673777130 166
1673777130 171
1673777130 146
1673777130 116
1673777130 126
1673777130 155
1673777130 185
1673777130 116
1673777131 190
1673777131 193
1673777132 175
1673777132 187
1673777133 124
1673777133 175
1673777133 132
1673777133 195
1673777133 179
1673777133 112
1673777133 199
1673777134 126
1673777134 183
1673777134 184
1673777134 110
1673777135 116
1673777135 128
1673777135 155
1673777135 165
1673777136 127
1673777136 167
1673777136 183
1673777136 197
1673777137 115
1673777137 157
1673777137 114
1673777137 181
1673777138 176
1673777138 109
1673777139 170
1673777139 166
1673777139 172
1673777139 187
1673777139 114
1673777140 161
1673777141 126
1673777142 179
1673777142 133
1673777143 124
1673777143 137
1673777143 157
1673777143 200
1673777143 190
1673777144 139
1673777144 123
1673777145 137
1673777145 154
1673777145 185
1673777145 123
1673777146 144
1673777146 195
1673777146 127
1673777146 109
1673777147 196
1673777148 129
1673777148 186
1673777148 130
1673777149 112
1673777149 188
1673777149 134
1673777150 161
1673777151 171
1673777151 123
1673777152 142
1673777152 103
1673777152 144
1673777153 129
1673777153 153
1673777153 144
1673777153 122
1673777154 176
1673777154 129
1673777154 129
1673777156 124
1673777156 127
1673777156 119
1673777156 166
1673777157 119
1673777157 120
1673777157 180
1673777158 150
1673777158 185
1673777158 112
1673777159 195
1673777159 113
1673777159 189
1673777159 172
1673777159 102
1673777160 116
1673777160 110
1673777161 116
1673777161 123
1673777162 117
1673777162 165
1673777162 153
1673777163 189
1673777164 198
1673777164 130
1673777164 128
1673777164 137
1673777164 141
1673777165 177
1673777165 199
1673777165 192
1673777165 117
1673777165 176
1673777166 113
1673777166 115
1673777166 184
1673777166 144
1673777167 161
1673777167 185
1673777167 166
1673777168 108
1673777169 127
1673777169 181
1673777170 200
1673777170 189
1673777170 160
1673777171 156
1673777172 146
1673777172 161
1673777172 190
1673777172 195
1673777173 183
1673777173 175
1673777173 150
1673777174 102
1673777174 105
1673777174 128
1673777175 166
1673777175 119
1673777175 198
1673777175 140
1673777175 136
1673777175 142
1673777176 115
1673777177 113
1673777177 158
1673777177 183
1673777177 187
1673777177 157
1673777178 129
1673777178 141
1673777178 168
1673777179 177
1673777179 130
1673777179 147
1673777180 167
1673777180 104
1673777180 176
1673777180 140
1673777180 103
1673777180 191
1673777180 136
1673777180 190
1673777180 155
1673777182 125
1673777182 119
1673777183 182
1673777183 175
1673777183 140
1673777183 119
1673777183 184
1673777184 176
1673777184 155
1673777184 198
1673777185 122
1673777185 154
1673777185 168
1673777185 117
1673777186 129
1673777186 168
1673777186 118
1673777186 173
1673777187 106
1673777187 165
1673777188 156
1673777188 186
1673777189 126
1673777189 190
1673777189 156
1673777189 131
1673777189 183
1673777189 178
1673777189 149
1673777189 139
1673777190 122
1673777190 169
1673777190 167
1673777192 196
1673777193 200
1673777193 137
1673777193 191
1673777194 106
1673777194 198
1673777194 165
1673777194 145
1673777195 157
1673777195 109
1673777195 169
1673777195 173
1673777196 166
1673777196 124
1673777196 133
1673777196 154
1673777196 149
1673777197 138
1673777197 126
1673777197 122
1673777197 117
1673777198 129
1673777198 178
1673777198 103
1673777198 111
1673777199 128
1673777199 149
1673777199 121
1673777199 172
1673777199 101
1673777199 108
1673777200 138
1673777201 148
1673777201 189
1673777201 111
1673777202 133
1673777202 171
1673777202 144
1673777202 123
1673777202 146
1673777202 114
1673777202 124
1673777202 140
1673777203 169
1673777203 197
1673777203 126
1673777205 191
1673777205 186
1673777205 108
1673777205 173
1673777206 194
1673777206 194
1673777206 178
1673777206 131
1673777206 148
1673777206 132
1673777206 134
1673777206 113
1673777206 151
1673777207 197
1673777207 195
1673777207 157
1673777207 189
1673777207 164
1673777208 177
1673777208 121
1673777209 147
1673777209 192
1673777209 105
1673777209 179
1673777209 198
1673777210 195
1673777211 197
1673777212 126
1673777213 127
1673777213 125
1673777213 126
1673777214 132
1673777214 111
1673777214 151
1673777214 175
1673777215 169
1673777215 113
1673777215 114
1673777215 134
1673777215 117
1673777216 102
1673777216 186
1673777217 167
1673777217 117
1673777218 186
1673777218 168
1673777219 183
1673777219 147
1673777219 163
1673777219 126
1673777219 197
1673777220 192
1673777220 192
1673777220 138
1673777221 134
1673777221 130
1673777222 103
1673777222 107
1673777222 137
1673777222 108
1673777223 115
1673777224 110
1673777224 134
1673777224 193
1673777224 200
1673777225 175
1673777225 171
1673777225 161
1673777226 147
1673777226 102
1673777226 152
1673777228 143
1673777228 112
1673777229 103
1673777229 180
1673777233 149
1673777233 197
1673777233 140
1673777234 151
1673777234 101
1673777236 170
1673777236 136
1673777236 123
1673777236 121
1673777237 160
1673777237 102
1673777237 119
1673777238 167
1673777239 114
1673777239 138
1673777240 178
1673777241 111
1673777241 117
1673777241 199
1673777242 143
1673777242 120
1673777243 158
1673777244 175
1673777245 168
1673777247 160
1673777247 117
1673777248 181
1673777248 153
1673777249 104
1673777249 103
1673777249 186
1673777249 104
1673777250 112
1673777250 163
1673777250 108
1673777250 177
1673777250 182
1673777252 189
1673777252 193
1673777252 150
1673777252 183
1673777254 157
1673777255 181
1673777255 196
1673777255 167
1673777255 156
1673777256 153
1673777257 190
1673777257 156
1673777257 152
1673777258 109
1673777258 125
1673777258 199
1673777258 101
1673777259 196
1673777259 180
1673777260 110
1673777260 147
1673777260 169
1673777260 128
1673777261 107
1673777261 102
1673777261 141
1673777261 139
1673777261 134
1673777261 121
1673777262 116
1673777262 178
1673777263 142
1673777263 181
1673777264 161
1673777264 192
1673777264 180
1673777265 195
1673777265 161
1673777265 141
1673777265 112
1673777266 147
1673777266 145
1673777267 167
1673777267 149
1673777268 174
1673777268 159
1673777268 143
1673777269 145
1673777269 119
1673777269 102
1673777269 176
1673777270 161
1673777270 152
1673777270 193
1673777271 176
1673777272 109
1673777272 154
1673777273 195
1673777273 156
1673777273 107
1673777273 127
1673777274 126
1673777275 149
1673777275 200
1673777275 154
1673777275 115
1673777275 128
1673777275 116
1673777276 150
1673777276 104
1673777276 120
1673777277 173
1673777277 152
1673777278 124
1673777278 136
1673777279 111
1673777279 158
1673777279 198
1673777280 184
1673777280 126
1673777280 133
1673777281 131
1673777281 166
1673777281 151
1673777281 189
1673777282 185
1673777283 193
1673777283 127
1673777284 104
1673777285 159
1673777285 189
1673777285 133
1673777285 119
1673777286 106
1673777286 119
1673777287 110
1673777287 134
1673777287 189
1673777289 140
1673777289 179
1673777290 172
1673777290 164
1673777290 190
1673777290 189
1673777291 169
1673777291 180
1673777291 178
1673777292 120
1673777292 157
1673777293 195
1673777293 146
1673777293 124
1673777293 121
1673777295 139
1673777296 164
1673777296 105
1673777296 132
1673777296 168
1673777296 147
1673777296 133
1673777297 106
1673777297 184
1673777297 127
1673777297 119
1673777298 163
1673777299 125
1673777299 167
1673777300 186
1673777300 134
1673777300 122
1673777300 174
1673777300 183
1673777301 186
1673777301 125
1673777301 115
1673777302 112
1673777302 165
1673777303 134
1673777303 168
1673777303 124
1673777304 106
1673777304 156
1673777304 130
1673777305 144
1673777305 106
1673777306 199
1673777306 107
1673777307 133
1673777308 113
1673777308 154
1673777308 114
1673777309 147
1673777309 115
1673777309 124
1673777309 128
1673777309 140
1673777309 170
1673777310 178
1673777310 175
1673777310 139
1673777310 136
1673777311 172
1673777312 106
1673777313 127
1673777314 119
1673777314 175
1673777314 132
1673777315 194
1673777315 126
1673777316 115
1673777318 151
1673777318 164
1673777318 177
1673777319 166
1673777319 196
1673777320 123
1673777320 177
1673777321 183
1673777322 105
1673777322 108
1673777322 116
1673777322 199
1673777322 138
1673777325 127
1673777325 155
1673777326 149
1673777326 171
1673777326 199
1673777326 171
1673777326 147
1673777326 167
1673777326 175
1673777327 173
1673777327 182
1673777327 186
1673777327 176
1673777328 175
1673777328 138
1673777328 108
1673777328 196
1673777328 109
1673777329 131
1673777330 151
1673777330 130
1673777331 140
1673777331 135
1673777332 167
1673777333 167
1673777333 172
1673777334 132
1673777334 115
1673777335 136
1673777335 122
1673777335 195
1673777335 144
1673777336 177
1673777336 147
1673777337 113
1673777337 150
1673777337 106
1673777338 108
1673777339 124
1673777339 189
1673777339 181
1673777339 183
1673777340 146
1673777340 131
1673777341 146
1673777341 116
1673777341 148
1673777341 119
1673777342 108
1673777343 169
1673777343 183
1673777343 188
1673777343 173
1673777343 185
1673777344 166
1673777345 148
1673777346 163
1673777346 144
1673777347 136
1673777360 163
1673777361 176
1673777361 121
1673777361 105
1673777362 125
1673777362 134
1673777362 148
1673777363 173
1673777363 107
1673777363 156
1673777364 102
1673777364 191
1673777364 103
1673777365 152
1673777365 193
1673777366 169
1673777366 134
1673777366 183
1673777367 148
1673777368 138
1673777368 131
1673777368 200
1673777370 138
1673777370 143
1673777370 172
1673777370 101
1673777371 116
1673777371 135
1673777371 107
1673777372 182
1673777373 115
1673777373 166
1673777373 186
1673777373 105
1673777373 185
1673777374 172
1673777374 138
1673777376 119
1673777376 157
1673777377 111
1673777377 136
1673777377 107
1673777377 139
1673777377 121
1673777378 151
1673777378 147
1673777378 114
1673777378 190
1673777379 196
1673777379 173
1673777379 109
1673777379 158
1673777379 187
1673777379 105
1673777379 119
1673777380 167
1673777381 118
1673777381 194
1673777381 168
1673777381 110
1673777381 191
1673777381 176
1673777381 135
1673777382 181
1673777382 158
1673777382 175
1673777383 138
1673777383 192
1673777383 182
1673777383 168
1673777383 122
1673777383 115
1673777384 186
1673777384 146
1673777385 161
1673777386 128
1673777386 186
1673777386 111
1673777387 175
1673777387 187
1673777387 169
1673777388 103
1673777389 175
1673777389 110
1673777389 132
1673777390 138
1673777390 180
1673777390 151
1673777390 169
1673777391 184
1673777392 144
1673777392 128
1673777392 184
1673777393 151
1673777393 174
1673777394 182
1673777394 169
1673777395 157
1673777395 182
1673777395 134
1673777395 119
1673777396 111
1673777396 197
1673777396 177
1673777396 176
1673777396 156
1673777397 191
1673777398 194
1673777398 193
1673777399 168
1673777399 125
1673777400 145
1673777400 156
1673777400 179
1673777401 113
1673777401 164
1673777402 120
1673777402 135
1673777402 121
1673777403 146
1673777403 139
1673777403 116
1673777403 191
1673777403 184
1673777403 111
1673777404 113
1673777404 139
1673777404 110
1673777404 190
1673777404 128
1673777405 168
1673777405 181
1673777405 149
1673777405 114
1673777406 138
1673777406 195
1673777407 182
1673777408 190
1673777409 136
1673777409 130
1673777409 110
1673777410 171
1673777411 190
1673777412 107
1673777413 103
1673777414 152
1673777414 114
1673777414 137
1673777414 120
1673777414 141
1673777414 112
1673777415 133
1673777415 179
1673777415 146
1673777415 156
1673777416 180
1673777416 198
1673777416 107
1673777417 168
1673777418 164
1673777418 188
1673777418 104
1673777418 108
1673777419 118
1673777419 192
1673777420 137
1673777420 122
1673777421 101
1673777421 116
1673777421 184
1673777422 116
1673777422 106
1673777422 182
1673777422 105
1673777423 122
1673777423 189
1673777423 182
1673777423 152
1673777424 111
1673777424 129
1673777424 123
1673777424 148
1673777425 136
1673777425 195
1673777425 106
1673777426 154
1673777426 133
1673777426 162
1673777426 145
1673777427 152
1673777428 169
1673777428 126
1673777429 134
1673777429 167
1673777429 125
1673777429 190
1673777430 186
1673777430 191
1673777430 188
1673777430 175
1673777430 158
1673777431 139
1673777431 167
1673777431 169
1673777432 150
1673777432 190
1673777432 119
1673777432 196
1673777433 111
1673777433 144
1673777433 161
1673777434 108
1673777434 117
1673777434 107
1673777434 155
1673777434 105
1673777435 127
1673777435 184
1673777436 126
1673777436 102
1673777436 108
1673777436 104
1673777436 145
1673777436 131
1673777437 197
1673777437 169
1673777438 163
1673777438 101
1673777438 127
1673777438 191
1673777438 170
1673777438 142
1673777438 105
1673777439 155
1673777439 170
1673777440 116
1673777440 161
1673777440 141
1673777441 128
1673777441 196
1673777441 173
1673777442 183
1673777442 137
1673777442 134
1673777443 131
1673777444 127
1673777444 149
1673777444 173
1673777445 148
1673777445 147
1673777445 117
1673777446 144
1673777446 128
1673777447 170
1673777447 172
1673777448 173
1673777449 132
1673777449 151
1673777449 109
1673777450 158
1673777450 184
1673777450 179
1673777451 144
1673777451 171
1673777453 186
1673777453 112
1673777453 165
1673777454 145
1673777454 163
1673777454 199
1673777456 192
1673777456 115
1673777457 113
1673777457 145
1673777457 137
1673777457 141
1673777458 104
1673777458 187
1673777458 142
1673777459 188
1673777459 145
1673777460 149
1673777460 197
1673777460 116
1673777460 129
1673777461 130
1673777461 158
1673777462 126
1673777462 146
1673777462 187
1673777463 176
1673777463 182
1673777463 153
1673777464 129
1673777464 111
1673777464 144
1673777465 195
1673777466 110
1673777466 195
1673777466 175
1673777467 147
1673777468 173
1673777468 133
1673777468 139
1673777468 140
1673777468 141
1673777469 119
1673777469 173
1673777469 147
1673777469 179
1673777469 159
1673777470 145
1673777470 144
1673777470 193
1673777471 149
1673777472 152
1673777472 142
1673777473 166
1673777474 184
1673777474 130
1673777474 152
1673777474 170
1673777474 190
1673777475 129
1673777475 112
1673777475 177
1673777475 131
1673777475 183
1673777475 106
1673777476 183
1673777476 101
1673777476 140
1673777476 187
1673777476 135
1673777477 127
1673777477 191
1673777477 116
1673777478 197
1673777478 150
1673777478 163
1673777478 162
1673777478 118
1673777479 115
1673777479 126
1673777479 111
1673777479 200
1673777479 114
1673777480 183
1673777480 113
1673777480 150
1673777481 120
1673777481 108
1673777481 105
1673777482 174
1673777482 197
1673777483 184
1673777483 138
1673777483 185
1673777483 152
1673777483 135
1673777483 113
1673777484 117
1673777484 197
1673777484 177
1673777484 156
1673777484 128
1673777484 129
1673777485 185
1673777485 197
1673777485 122
1673777485 143
1673777485 179
1673777485 125
1673777485 147
1673777485 113
1673777486 137
1673777486 183
1673777487 199
1673777488 127
1673777488 122
1673777488 182
1673777488 179
1673777489 154
1673777489 152
1673777489 157
1673777489 137
1673777490 178
1673777490 154
1673777490 133
1673777490 186
1673777491 139
1673777491 144
1673777491 199
1673777492 105
1673777492 149
1673777492 192
1673777493 103
1673777493 147
1673777493 161
1673777493 156
1673777493 162
1673777494 184
1673777495 114
1673777496 107
1673777496 175
1673777496 187
1673777496 182
1673777497 146
1673777497 133
1673777497 150
1673777497 183
1673777497 159
1673777498 163
1673777499 125
1673777499 147
1673777499 154
1673777499 188
1673777500 151
1673777500 149
1673777500 145
1673777500 126
1673777501 195
1673777501 140
1673777501 120
1673777501 106
1673777502 189
1673777502 119
1673777502 175
1673777503 119
1673777503 124
1673777503 143
1673777504 180
1673777504 154
1673777504 171
1673777504 133
1673777505 200
1673777505 171
1673777506 108
1673777506 128
1673777506 181
1673777506 151
1673777506 109
1673777507 137
1673777507 134
1673777508 179
1673777509 128
1673777509 125
1673777509 183
1673777509 188
1673777509 196
1673777510 111
1673777510 110
1673777510 143
1673777511 175
1673777512 197
1673777512 109
1673777512 191
1673777512 186
1673777513 184
1673777513 146
1673777513 195
1673777514 108
1673777514 124
1673777514 156
1673777515 184
1673777515 128
1673777515 122
1673777515 149
1673777515 200
1673777516 153
1673777516 147
1673777516 167
1673777517 126
1673777517 172
1673777517 164
1673777518 110
1673777519 173
1673777519 126
1673777519 120
1673777520 146
1673777520 168
1673777520 197
1673777520 145
1673777521 172
1673777521 152
1673777521 166
1673777521 130
1673777521 138
1673777521 140
1673777522 128
1673777522 134
1673777522 121
1673777523 181
1673777523 153
1673777523 166
1673777523 199
1673777524 197
1673777524 181
1673777524 108
1673777524 106
1673777525 152
1673777525 181
1673777525 159
1673777525 122
1673777525 134
1673777525 188
1673777525 118
1673777525 186
1673777525 190
1673777526 106
1673777526 181
1673777526 132
1673777527 178
1673777527 143
1673777527 185
1673777528 186
1673777528 181
1673777528 149
1673777529 158
1673777529 199
1673777529 135
1673777530 127
1673777530 199
1673777530 169
1673777530 156
1673777530 121
1673777531 190
1673777531 133
1673777532 147
1673777532 144
1673777533 150
1673777533 107
1673777533 167
1673777534 134
1673777534 125
1673777535 108
1673777535 165
1673777535 125
1673777536 140
1673777536 157
1673777536 124
1673777536 168
1673777536 111
1673777536 189
1673777537 103
1673777537 172
1673777537 116
1673777537 130
1673777538 125
1673777539 195
1673777539 143
1673777539 198
1673777539 176
1673777539 152
1673777539 166
1673777540 194
1673777540 199
1673777540 127
1673777541 108
1673777541 176
1673777542 173
1673777542 159
1673777542 130
1673777542 123
1673777543 187
1673777543 186
1673777544 165
1673777544 110
1673777544 135
1673777545 171
1673777545 193
1673777545 189
1673777546 173
1673777546 157
1673777546 135
1673777547 192
1673777547 190
1673777547 150
1673777547 179
1673777548 110
1673777548 104
1673777548 177
1673777548 123
1673777549 104
1673777549 186
1673777549 148
1673777550 137
1673777550 115
1673777550 118
1673777551 133
1673777551 112
1673777551 120
1673777552 119
1673777552 186
1673777552 192
1673777553 116
1673777553 199
1673777554 118
1673777554 184
1673777554 154
1673777554 125
1673777554 105
1673777555 192
1673777556 105
1673777556 172
1673777556 113
1673777557 183
1673777557 162
1673777557 187
1673777557 189
1673777557 145
1673777557 107
1673777558 178
1673777558 197
1673777558 159
1673777558 152
1673777558 142
1673777559 197
1673777559 160
1673777560 189
1673777560 139
1673777561 199
1673777561 157
1673777561 141
1673777561 125
1673777562 192
1673777562 121
1673777562 179
1673777563 130
1673777563 133
1673777563 156
1673777564 187
1673777564 171
1673777565 173
1673777566 169
1673777567 163
1673777568 155
1673777569 135
1673777569 120
1673777569 145
1673777569 146
1673777570 150
1673777570 107
1673777570 156
1673777570 170
1673777571 171
1673777572 119
1673777573 190
1673777573 101
1673777573 196
1673777573 105
1673777573 101
1673777574 159
1673777575 124
1673777575 140
1673777577 195
1673777577 148
1673777577 168
1673777578 107
1673777578 139
1673777578 189
1673777580 114
1673777580 148
1673777580 185
1673777580 160
1673777581 121
1673777581 146
1673777582 104
1673777583 114
1673777584 163
1673777584 166
1673777584 190
1673777585 171
1673777585 133
1673777585 123
1673777586 178
1673777586 192
1673777586 184
1673777587 129
1673777587 120
1673777588 156
1673777588 113
1673777589 117
1673777589 113
1673777589 197
1673777590 181
1673777591 125
1673777591 186
1673777591 195
1673777591 112
1673777591 168
1673777591 110
1673777592 165
1673777592 132
1673777593 106
1673777593 150
1673777593 118
1673777593 180
1673777594 114
1673777595 190
1673777595 157
1673777595 187
1673777595 158
1673777596 142
1673777596 108
1673777596 175
1673777596 179
1673777596 102
1673777596 168
1673777596 164
1673777596 152
1673777598 177
1673777598 116
1673777598 176
1673777598 200
1673777598 189
1673777598 117
1673777599 102
1673777599 111
1673777599 149
1673777599 117
1673777599 123
1673777600 117
1673777600 198
1673777601 144
1673777601 165
1673777602 112
1673777602 181
1673777602 116
1673777602 124
1673777602 117
1673777603 136
1673777603 127
1673777604 106
1673777604 141
1673777605 150
1673777605 102
1673777605 197
1673777605 157
1673777606 154
1673777606 172
1673777606 189
1673777608 135
1673777608 182
1673777608 169
1673777608 159
1673777609 132
1673777609 171
1673777609 108
1673777609 162
1673777610 154
1673777610 109
1673777610 161
1673777610 184
1673777611 136
1673777611 116
1673777612 138
1673777612 119
1673777612 150
1673777613 156
1673777613 118
1673777613 132
1673777613 147
1673777613 147
1673777614 151
1673777615 119
1673777616 173
1673777616 111
1673777616 198
1673777616 108
1673777616 102
1673777617 136
1673777617 129
1673777617 160
1673777617 145
1673777617 126
1673777617 142
1673777618 121
1673777618 125
1673777619 101
1673777619 135
1673777620 176
1673777620 137
1673777620 149
1673777620 148
1673777621 104
1673777621 166
1673777621 121
1673777622 118
1673777622 117
1673777622 196
1673777622 131
1673777623 107
1673777623 158
1673777623 138
1673777623 143
1673777623 102
1673777624 128
1673777624 152
1673777624 170
1673777625 176
1673777625 194
1673777625 158
1673777626 149
1673777626 194
1673777626 162
1673777627 194
1673777627 175
1673777627 105
1673777628 141
1673777628 186
1673777629 156
1673777630 192
1673777631 178
1673777632 174
1673777632 143
1673777632 193
1673777632 153
1673777632 154
1673777633 124
1673777634 105
1673777634 147
1673777634 192
1673777634 151
1673777634 123
1673777635 110
1673777635 152
1673777635 182
1673777635 145
1673777636 126
1673777636 122
1673777637 135
1673777637 163
1673777637 198
1673777637 101
1673777637 109
1673777638 190
1673777638 103
1673777638 118
1673777638 200
1673777639 102
1673777639 123
1673777639 135
1673777640 151
1673777640 174
1673777640 160
1673777641 158
1673777642 177
1673777642 113
1673777642 148
1673777642 136
1673777642 197
1673777642 181
1673777643 190
1673777643 194
1673777644 182
1673777644 137
1673777645 163
1673777645 131
1673777645 101
1673777647 191
1673777648 119
1673777648 102
1673777650 191
1673777651 118
1673777652 126
1673777654 111
1673777655 154
1673777655 107
1673777655 180
1673777657 116
1673777657 196
1673777660 198
1673777661 194
1673777662 165
1673777663 147
1673777663 190
1673777664 129
1673777665 157
1673777666 130
1673777666 172
1673777669 118
1673777669 194
1673777670 142
1673777670 177
1673777670 184
1673777670 114
1673777671 195
1673777672 153
1673777672 158
1673777672 139
1673777672 149
1673777673 142
1673777674 121
1673777675 184
1673777677 105
1673777677 189
1673777677 160
1673777681 192
1673777681 194
1673777681 197
1673777681 186
1673777681 178
1673777682 116
1673777682 135
1673777682 175
1673777682 106
1673777682 191
1673777684 189
1673777684 110
1673777684 162
1673777684 117
1673777684 154
1673777686 119
1673777687 149
1673777687 186
1673777687 123
1673777688 179
1673777688 130
1673777689 137
1673777690 189
1673777691 151
1673777692 182
1673777693 180
1673777694 200
1673777694 176
1673777695 188
1673777695 158
1673777695 182
1673777696 125
1673777696 124
1673777696 174
1673777697 127
1673777697 184
1673777697 128
1673777698 180
1673777699 164
1673777699 191
1673777700 125
1673777700 148
1673777700 157
1673777702 135
1673777703 199
1673777703 107
1673777705 103
1673777705 123
1673777705 193
1673777705 171
1673777705 125
1673777707 116
1673777707 120
1673777708 159
1673777708 180
1673777716 164
1673777716 141
1673777716 157
1673777717 105
1673777717 101
1673777718 132
1673777719 158
1673777719 174
1673777719 130
1673777719 185
1673777719 135
1673777719 180
1673777720 134
1673777720 180
1673777720 168
1673777721 189
1673777721 121
1673777721 127
1673777722 160
1673777722 113
1673777722 127
1673777723 174
1673777723 140
1673777723 115
1673777723 140
1673777724 128
1673777724 131
1673777725 109
1673777725 138
1673777725 148
1673777726 147
1673777726 102
1673777726 135
1673777726 189
1673777726 118
1673777727 135
1673777727 144
1673777727 173
1673777728 195
1673777729 181
1673777729 126
1673777729 110
1673777729 181
1673777730 165
1673777730 156
1673777730 175
1673777731 112
1673777732 103
1673777732 137
1673777732 181
1673777732 135
1673777732 144
1673777732 161
1673777733 128
1673777733 162
1673777733 186
1673777733 125
1673777733 112
1673777734 128
1673777734 198
1673777734 168
1673777734 114
1673777734 145
1673777735 171
1673777735 115
1673777735 145
1673777735 181
1673777735 115
1673777736 193
1673777736 139
1673777736 147
1673777736 147
1673777736 118
1673777736 176
1673777736 121
1673777737 147
1673777737 199
1673777737 147
1673777737 193
1673777738 150
1673777738 117
1673777739 176
1673777739 160
1673777740 119
1673777740 116
1673777740 128
1673777740 136
1673777741 101
1673777741 145
1673777741 191
1673777741 128
1673777742 134
1673777742 172
1673777742 115
1673777742 164
1673777742 176
1673777743 117
1673777743 150
1673777743 158
1673777744 119
1673777744 142
1673777744 129
1673777744 164
1673777745 108
1673777746 132
1673777746 107
1673777746 156
1673777747 123
1673777747 158
1673777747 182
1673777747 175
1673777747 183
1673777747 155
1673777747 172
1673777748 173
1673777748 164
1673777749 105
1673777749 196
1673777750 104
1673777750 188
1673777751 191
1673777751 196
1673777751 120
1673777751 151
1673777751 171
1673777752 139
1673777753 200
1673777753 132
1673777753 128
1673777753 145
1673777753 167
1673777754 194
1673777754 157
1673777754 149
1673777754 145
1673777755 181
1673777756 151
1673777756 198
1673777756 156
1673777757 114
1673777757 134
1673777757 121
1673777757 148
1673777757 115
1673777758 150
1673777758 169
1673777758 157
1673777759 146
1673777759 104
1673777760 170
1673777760 197
1673777761 187
1673777761 187
1673777761 187
1673777761 147
1673777761 151
1673777762 151
1673777762 105
1673777763 161
1673777763 151
1673777773 138
1673777775 193
1673777775 123
1673777775 157
1673777775 169
1673777776 167
1673777778 176
1673777782 130
1673777782 144
1673777784 114
1673777786 115
1673777786 118
1673777786 133
1673777787 102
1673777787 127
1673777787 141
1673777787 130
1673777787 154
1673777788 123
1673777795 187
1673777800 128
1673777800 186
1673777800 138
1673777802 128
1673777805 150
1673777805 181
1673777805 196
1673777805 185
1673777807 191
1673777807 155
1673777808 134
1673777810 157
1673777811 147
1673777812 153
1673777819 158
1673777823 151
1673777827 129
1673777832 169
1673777832 174
1673777833 132
1673777834 148
1673777834 142
1673777836 185
1673777836 115
1673777838 156
1673777844 106
1673777844 154
1673777845 177
1673777846 154
1673777847 190
1673777849 145
1673777851 122
1673777854 183
1673777855 184
1673777857 174
1673777857 130
1673777859 122
1673777860 138
1673777860 139
1673777860 187
1673777860 196
1673777861 175
1673777866 107
1673777867 109
1673777867 131
1673777869 189
1673777872 164
1673777873 163
1673777873 191
1673777873 149
1673777873 115
1673777873 186
1673777875 158
1673777875 104
1673777875 143
1673777876 173
1673777876 139
1673777876 163
1673777876 153
1673777880 191
1673777880 178
1673777883 147
1673777891 197
1673777902 127
1673777908 128
1673777909 101
1673777909 129
1673777909 183
1673777909 182
1673777910 193
1673777910 123
1673777910 189
1673777911 104
1673777911 181
1673777912 146
1673777913 191
1673777913 147
1673777914 171
1673777914 150
1673777915 189
1673777920 138
1673777920 112
1673777921 112
1673777921 195
1673777925 139
1673777925 183
1673777927 115
1673777927 110
1673777927 111
1673777927 184
1673777927 123
1673777928 149
1673777928 113
1673777928 149
1673777929 120
1673777929 102
1673777931 156
1673777933 129
1673777933 199
1673777935 157
1673777935 124
1673777935 194
1673777936 101
1673777936 139
1673777936 155
1673777936 190
1673777937 125
1673777937 155
1673777937 172
1673777937 165
1673777938 164
1673777938 133
1673777938 200
1673777939 179
1673777939 195
1673777939 127
1673777939 153
1673777939 189
1673777939 118
1673777940 195
1673777940 194
1673777941 171
1673777941 111
1673777941 195
1673777941 151
1673777944 136
1673777944 151
1673777944 185
1673777946 131
1673777947 178
1673777947 147
1673777947 158
1673777947 115
1673777947 137
1673777947 148
1673777947 122
1673777947 153
1673777948 185
1673777954 178
1673777957 177
1673777957 161
1673777958 136
1673777960 109
1673777961 136
1673777963 161
1673777965 187
1673777967 184
1673777968 195
1673777968 197
1673777971 122
1673777971 112
1673777972 155
1673777973 120
1673777974 111
1673777982 102
1673777984 189
1673777985 176
1673777985 160
1673777985 151
1673777986 126
1673777986 126
1673777986 146
1673777987 189
1673777988 159
1673777991 140
1673777991 113
1673778005 178
1673778005 144
1673778005 167
1673778005 109
1673778007 136
1673778007 140
1673778007 124
1673778009 148
1673778010 127
1673778011 126
1673778011 171
1673778012 189
1673778012 190
1673778012 171
1673778013 185
1673778013 182
1673778013 177
1673778016 129
1673778016 105
1673778016 136
1673778016 135
1673778017 173
1673778017 101
1673778017 147
1673778017 147
1673778018 141
1673778018 178
1673778018 153
1673778019 144
1673778024 164
1673778026 104
1673778026 133
1673778026 111
1673778027 113
1673778027 188
1673778027 101
1673778027 190
1673778028 181
1673778030 149
1673778034 101
1673778038 178
1673778038 177
1673778048 104
1673778050 186
1673778050 115
1673778056 108
1673778056 134
1673778056 136
1673778067 194
1673778071 191
1673778071 123
1673778072 172
1673778072 107
1673778073 130
1673778078 103
1673778078 200
1673778080 182
1673778086 132
1673778086 165
1673778094 179
1673778094 198
1673778094 198
1673778100 122
1673778101 158
1673778101 109
1673778102 152
1673778102 189
1673778107 127
1673778119 139
1673778119 127
1673778120 137
1673778121 146
1673778122 194
1673778122 132
1673778122 134
1673778123 169
1673778124 119
1673778124 197
1673778124 166
1673778127 103
1673778127 180
1673778127 127
1673778128 145
1673778129 108
1673778130 156
1673778131 101
1673778131 155
1673778131 130
1673778133 113
1673778134 174
1673778134 118
1673778139 193
1673778140 160
1673778140 198
1673778143 166
1673778144 183
1673778144 107
1673778147 187
1673778149 108
1673778155 121
1673778157 196
1673778157 135
1673778159 146
1673778160 182
1673778160 153
1673778161 147
1673778164 111
1673778164 128
1673778164 183
1673778165 153
1673778165 170
1673778169 160
1673778169 138
1673778171 161
1673778171 165
1673778176 199
1673778176 118
1673778176 116
1673778176 122
1673778177 193
1673778177 136
1673778177 108
1673778180 156
1673778182 112
1673778188 145
1673778188 109
1673778190 154
1673778190 137
1673778192 128
1673778196 162
1673778196 198
1673778197 145
1673778197 126
1673778197 181
1673778197 107
1673778200 133
1673778201 140
1673778204 121
1673778204 144
1673778205 122
1673778205 103
1673778207 110
1673778207 130
1673778208 200
1673778208 130
1673778208 107
1673778208 147
1673778208 186
1673778212 158
1673778212 143
1673778212 133
1673778213 126
1673778214 200
1673778215 107
1673778215 167
1673778215 146
1673778216 185
1673778216 200
1673778217 118
1673778217 172
1673778220 183
1673778221 181
1673778221 163
1673778221 130
1673778222 134
1673778222 178
1673778222 148
1673778222 142
1673778222 177
1673778223 157
1673778223 129
1673778224 153
1673778225 155
1673778225 124
1673778225 156
1673778226 156
1673778226 133
1673778227 163
1673778228 110
1673778228 182
1673778229 182
1673778229 118
1673778234 179
1673778234 106
1673778235 199
1673778235 122
1673778236 141
1673778237 106
1673778237 140
1673778237 126
1673778238 138
1673778238 174
1673778238 135
1673778239 177
1673778239 153
1673778240 184
1673778240 196
1673778240 168
1673778240 128
1673778241 145
1673778241 126
1673778241 121
1673778242 172
1673778242 191
1673778243 166
1673778243 167
1673778243 166
1673778243 134
1673778244 149
1673778244 103
1673778244 126
1673778244 150
1673778245 162
1673778245 103
1673778246 174
1673778246 159
1673778246 160
1673778247 163
1673778247 186
1673778248 163
1673778248 146
1673778248 152
1673778248 173
1673778248 106
1673778248 116
1673778248 179
1673778248 193
1673778249 131
1673778249 137
1673778249 136
1673778250 118
1673778251 192
1673778251 131
1673778253 114
1673778253 135
1673778253 154
1673778253 169
1673778254 114
1673778255 121
1673778255 168
1673778255 164
1673778255 106
1673778255 125
1673778256 165
1673778256 111
1673778256 166
1673778258 124
1673778258 154
1673778259 196
1673778259 189
1673778260 142
1673778260 177
1673778260 133
1673778260 166
1673778261 195
1673778263 107
1673778263 134
1673778264 164
1673778264 167
1673778264 179
1673778265 161
1673778265 118
1673778265 108
1673778266 178
1673778266 116
1673778266 142
1673778266 112
1673778267 153
1673778267 178
1673778267 103
1673778267 113
1673778267 160
1673778268 115
1673778268 140
1673778269 102
1673778269 111
1673778270 142
1673778270 121
1673778271 103
1673778271 198
1673778271 167
1673778271 154
1673778271 178
1673778272 132
1673778272 181
1673778272 194
1673778273 108
1673778273 199
1673778274 189
1673778274 200
1673778274 200
1673778275 199
1673778275 188
1673778275 116
1673778276 180
1673778277 116
1673778277 189
1673778277 181
1673778277 176
1673778278 171
1673778278 115
1673778278 140
1673778278 170
1673778278 129
1673778279 137
1673778279 181
1673778279 139
1673778280 153
1673778281 136
1673778282 199
1673778283 109
1673778283 187
1673778283 130
1673778283 164
1673778283 109
1673778283 139
1673778284 115
1673778284 110
1673778284 111
1673778285 173
1673778285 101
1673778285 187
1673778286 114
1673778286 119
1673778286 109
1673778287 160
1673778287 171
1673778287 172
1673778287 190
1673778288 106
1673778288 198
1673778288 130
1673778289 104
1673778289 151
1673778289 121
1673778290 155
1673778290 116
1673778291 120
1673778291 189
1673778291 128
1673778291 180
1673778291 109
1673778292 174
1673778292 135
1673778292 106
1673778293 192
1673778293 147
1673778294 170
1673778295 154
1673778295 153
1673778295 144
1673778295 138
1673778295 144
1673778296 192
1673778296 169
1673778296 111
1673778296 138
1673778297 178
1673778297 133
1673778298 128
1673778299 109
1673778299 164
1673778299 164
1673778299 184
1673778299 159
1673778299 169
1673778299 104
1673778299 173
1673778300 176
1673778300 152
1673778301 147
1673778301 183
1673778301 159
1673778302 112
1673778302 101
1673778302 133
1673778303 163
1673778303 110
1673778303 147
1673778303 134
1673778304 131
1673778305 178
1673778305 199
1673778305 108
1673778305 149
1673778305 163
1673778306 172
1673778306 104
1673778306 108
1673778306 143
1673778307 111
1673778308 166
1673778308 171
1673778309 137
1673778310 146
1673778310 105
1673778310 125
1673778310 105
1673778310 132
1673778310 181
1673778311 101
1673778311 158
1673778311 186
1673778311 159
1673778312 200
1673778312 151
1673778314 148
1673778314 184
1673778315 145
1673778316 103
1673778317 141
1673778317 134
1673778317 106
1673778317 198
1673778317 181
1673778317 162
1673778318 179
1673778318 138
1673778318 177
1673778318 156
1673778318 149
1673778319 193
1673778319 119
1673778319 116
1673778320 166
1673778320 139
1673778321 159
1673778321 114
1673778322 191
1673778322 170
1673778322 199
1673778322 136
1673778323 177
1673778323 157
1673778324 101
1673778324 106
1673778324 113
1673778324 156
1673778325 170
1673778325 179
1673778325 109
1673778326 114
1673778326 134
1673778327 109
1673778327 131
1673778328 129
1673778328 104
1673778328 178
1673778329 193
1673778329 117
1673778330 173
1673778331 137
1673778332 142
1673778332 171
1673778332 113
1673778332 180
1673778332 137
1673778333 121
1673778333 152
1673778333 109
1673778334 108
1673778334 170
1673778334 133
1673778334 194
1673778334 123
1673778334 189
1673778336 129
1673778336 113
1673778336 170
1673778337 107
1673778337 177
1673778337 192
1673778338 176
1673778339 171
1673778340 112
1673778340 144
1673778340 160
1673778340 196
1673778340 153
1673778341 159
1673778341 107
1673778342 129
1673778342 186
1673778342 189
1673778342 192
1673778342 103
1673778343 153
1673778343 136
1673778343 145
1673778343 102
1673778343 117
1673778344 163
1673778344 108
1673778344 158
1673778344 136
1673778344 117
1673778345 164
1673778345 124
1673778345 118
1673778346 130
1673778346 152
1673778347 183
1673778347 157
1673778347 103
1673778348 139
1673778348 110
1673778349 193
1673778349 137
1673778349 137
1673778349 175
1673778350 149
1673778350 191
1673778350 189
1673778351 174
1673778351 106
1673778351 119
1673778351 133
1673778351 148
1673778351 150
1673778352 172
1673778352 190
1673778353 190
1673778353 160
1673778353 147
1673778353 199
1673778354 146
1673778355 112
1673778355 145
1673778355 130
1673778355 166
1673778355 139
1673778356 152
1673778356 162
1673778357 123
1673778357 146
1673778357 114
1673778357 128
1673778358 101
1673778358 101
1673778358 148
1673778358 109
1673778359 115
1673778359 151
1673778359 199
1673778359 122
1673778359 191
1673778360 131
1673778360 198
1673778360 131
1673778361 134
1673778361 145
1673778361 171
1673778361 171
1673778361 181
1673778361 140
1673778362 127
1673778362 132
1673778362 137
1673778362 101
1673778362 186
1673778363 128
1673778363 115
1673778364 125
1673778364 168
1673778364 132
1673778365 145
1673778365 136
1673778365 109
1673778365 144
1673778365 192
1673778365 117
1673778366 116
1673778366 158
1673778366 109
1673778366 137
1673778366 126
1673778366 132
1673778366 125
1673778367 152
1673778367 166
1673778368 142
1673778368 108
1673778369 114
1673778369 146
1673778369 131
1673778369 173
1673778369 183
1673778370 109
1673778370 130
1673778370 192
1673778370 183
1673778371 131
1673778371 104
1673778371 128
1673778372 157
1673778373 123
1673778373 186
1673778373 185
1673778374 154
1673778375 131
1673778375 112
1673778375 137
1673778375 137
1673778376 175
1673778376 149
1673778376 110
1673778377 152
1673778377 185
1673778377 166
1673778378 102
1673778378 154
1673778379 134
1673778379 133
1673778379 104
1673778379 182
1673778380 188
1673778380 192
1673778380 162
1673778381 115
1673778381 196
1673778381 147
1673778382 199
1673778382 148
1673778383 128
1673778384 139
1673778385 102
1673778385 173
1673778385 166
1673778385 139
1673778386 161
1673778386 150
1673778386 133
1673778387 142
1673778387 144
1673778387 164
1673778387 107
1673778387 106
1673778388 127
1673778389 136
1673778389 187
1673778389 156
1673778390 108
1673778391 146
1673778391 159
1673778391 124
1673778392 157
1673778392 167
1673778392 190
1673778393 167
1673778393 132
1673778393 145
1673778393 115
1673778393 103
1673778394 195
1673778394 167
1673778394 179
1673778394 174
1673778395 107
1673778395 169
1673778395 161
1673778396 106
1673778396 162
1673778397 125
1673778397 127
1673778397 185
1673778397 109
1673778398 149
1673778398 101
1673778399 132
1673778399 125
1673778399 117
1673778399 198
1673778400 182
1673778400 194
1673778400 171
1673778400 105
1673778400 183
1673778402 191
1673778402 126
1673778402 159
1673778402 195
1673778402 177
1673778402 132
1673778403 172
1673778404 106
1673778404 176
1673778404 167
1673778405 130
1673778405 165
1673778405 102
1673778406 194
1673778406 175
1673778406 110
1673778406 115
1673778407 156
1673778407 179
1673778408 105
1673778408 177
1673778409 189
1673778409 128
1673778409 171
1673778410 128
1673778410 200
1673778411 136
1673778411 178
1673778412 109
1673778412 168
1673778413 171
1673778413 186
1673778413 118
1673778413 129
1673778414 174
1673778414 104
1673778414 118
1673778414 110
1673778414 156
1673778414 158
1673778415 180
1673778415 159
1673778415 155
1673778416 149
1673778416 119
1673778416 196
1673778416 147
1673778417 108
1673778417 157
1673778417 153
1673778418 119
1673778418 107
1673778418 185
1673778418 136
1673778418 109
1673778418 171
1673778418 158
1673778419 130
1673778419 104
1673778419 104
1673778420 110
1673778420 138
1673778420 181
1673778420 139
1673778421 172
1673778421 188
1673778421 179
1673778422 162
1673778422 195
1673778422 122
1673778422 181
1673778423 149
1673778423 129
1673778424 164
1673778424 184
1673778424 152
1673778425 167
1673778425 107
1673778425 149
1673778426 116
1673778426 149
1673778426 144
1673778426 193
1673778426 157
1673778426 130
1673778428 157
1673778429 178
1673778429 103
1673778429 149
1673778431 112
1673778432 154
1673778432 132
1673778432 149
1673778433 105
1673778433 181
1673778433 135
1673778433 199
1673778434 132
1673778434 130
1673778434 150
1673778435 144
1673778435 155
1673778435 114
1673778435 174
1673778436 138
1673778436 156
1673778436 176
1673778436 131
1673778436 196
1673778436 127
1673778436 123
1673778436 123
1673778437 191
1673778437 113
1673778437 197
1673778437 111
1673778438 103
1673778438 184
1673778438 120
1673778438 167
1673778438 125
1673778439 120
1673778440 105
1673778440 116
1673778441 198
1673778442 168
1673778442 107
1673778442 124
1673778442 137
1673778443 149
1673778443 159
1673778443 108
1673778444 123
1673778444 144
1673778445 105
1673778445 118
1673778445 140
1673778445 112
1673778446 189
1673778446 136
1673778446 177
1673778447 191
1673778448 147
1673778448 196
1673778449 176
1673778449 197
1673778450 171
1673778450 165
1673778450 107
1673778450 186
1673778450 166
1673778450 142
1673778450 165
1673778450 136
1673778450 154
1673778450 114
1673778451 147
1673778451 196
1673778451 123
1673778451 167
1673778451 109
1673778451 188
1673778452 149
1673778452 159
1673778454 161
1673778454 122
1673778454 165
1673778454 149
1673778455 196
1673778455 102
1673778456 152
1673778456 107
1673778456 145
1673778457 154
1673778457 177
1673778457 191
1673778458 183
1673778458 102
1673778458 175
1673778459 120
1673778459 176
1673778459 126
1673778459 131
1673778459 113
1673778459 150
1673778460 177
1673778460 150
1673778460 114
1673778460 134
1673778460 116
1673778460 187
1673778462 111
1673778463 105
1673778463 154
1673778463 122
1673778463 184
1673778463 147
1673778463 193
1673778464 170
1673778464 117
1673778464 133
1673778465 108
1673778465 105
1673778465 159
1673778465 191
1673778465 112
1673778465 136
1673778466 175
1673778466 186
1673778466 188
1673778467 185
1673778467 195
1673778467 107
1673778467 120
1673778467 123
1673778467 118
1673778468 155
1673778468 182
1673778468 124
1673778469 159
1673778469 162
1673778469 197
1673778469 127
1673778470 145
1673778470 157
1673778470 115
1673778471 141
1673778472 115
1673778472 138
1673778472 152
1673778472 146
1673778473 128
1673778473 135
1673778473 135
1673778473 188
1673778475 181
1673778475 117
1673778475 123
1673778475 128
1673778475 175
1673778476 116
1673778477 136
1673778478 121
1673778480 155
1673778480 176
1673778481 179
1673778481 153
1673778482 169
1673778482 169
1673778482 181
1673778482 152
1673778482 127
1673778482 162
1673778482 180
1673778483 185
1673778483 125
1673778483 112
1673778484 173
1673778484 186
1673778484 176
1673778484 121
1673778484 102
1673778484 167
1673778484 137
1673778485 148
1673778485 160
1673778486 137
1673778486 199
1673778486 136
1673778486 140
1673778487 189
1673778489 110
1673778489 149
1673778489 156
1673778489 140
1673778489 186
1673778490 151
1673778490 191
1673778491 143
1673778491 185
1673778492 109
1673778492 199
1673778493 108
1673778493 181
1673778494 169
1673778495 129
1673778495 179
1673778495 136
1673778496 149
1673778496 163
1673778496 182
1673778497 186
1673778497 132
1673778498 194
1673778498 171
1673778499 135
1673778499 106
1673778499 186
1673778499 139
1673778499 143
1673778499 143
1673778500 172
1673778500 177
1673778500 172
1673778500 141
1673778500 196
1673778501 170
1673778502 161
1673778502 131
1673778503 188
1673778503 182
1673778504 153
1673778504 166
1673778504 157
1673778504 134
1673778505 193
1673778506 155
1673778506 145
1673778506 106
1673778506 164
1673778507 197
1673778507 178
1673778507 127
1673778508 190
1673778508 172
1673778509 104
1673778509 161
1673778509 123
1673778509 195
1673778510 141
1673778510 107
1673778510 197
1673778511 192
1673778511 159
1673778511 170
1673778511 120
1673778511 142
1673778512 118
1673778513 145
1673778514 196
1673778514 114
1673778514 146
1673778515 144
1673778515 139
1673778515 155
1673778515 155
1673778516 198
1673778516 129
1673778517 158
1673778518 126
1673778518 135
1673778518 175
1673778518 159
1673778518 118
1673778519 109
1673778519 106
1673778520 196
1673778520 182
1673778521 121
1673778521 174
1673778521 143
1673778523 144
1673778523 187
1673778523 128
1673778523 124
1673778523 143
1673778523 174
1673778523 151
1673778524 178
1673778524 110
1673778525 181
1673778526 133
1673778526 192
1673778526 192
1673778527 195
1673778527 181
1673778527 200
1673778527 106
1673778528 186
1673778528 200
1673778529 111
1673778529 122
1673778530 191
1673778530 120
1673778530 122
1673778530 133
1673778530 199
1673778530 103
1673778531 161
1673778531 170
1673778531 168
1673778531 188
1673778532 134
1673778533 164
1673778533 146
1673778533 169
1673778534 153
1673778534 188
1673778534 152
1673778534 152
1673778534 118
1673778534 128
1673778535 130
1673778535 129
1673778536 133
1673778536 139
1673778536 179
1673778537 196
1673778537 138
1673778538 185
1673778538 151
1673778539 110
1673778540 154
1673778540 191
1673778541 148
1673778541 122
1673778541 144
1673778541 142
1673778541 185
1673778542 188
1673778542 122
1673778543 112
1673778544 102
1673778544 114
1673778544 155
1673778544 199
1673778545 129
1673778545 165
1673778546 189
1673778546 191
1673778546 170
1673778546 175
1673778547 143
1673778547 155
1673778548 176
1673778548 153
1673778548 116
1673778548 143
1673778549 189
1673778550 165
1673778550 159
1673778550 141
1673778551 161
1673778551 101
1673778551 190
1673778551 195
1673778551 173
1673778551 198
1673778552 126
1673778553 189
1673778554 144
1673778554 124
1673778554 157
1673778555 133
1673778555 109
1673778556 164
1673778556 150
1673778557 158
1673778557 104
1673778557 152
1673778558 163
1673778559 157
1673778559 119
1673778559 129
1673778559 133
1673778560 138
1673778560 180
1673778560 178
1673778560 110
1673778561 152
1673778561 176
1673778562 170
1673778563 116
1673778563 115
1673778564 101
1673778564 172
1673778564 122
1673778564 129
1673778564 187
1673778565 176
1673778565 183
1673778565 170
1673778565 112
1673778565 144
1673778566 155
1673778566 115
1673778566 196
1673778566 147
1673778567 163
1673778568 110
1673778568 128
1673778568 181
1673778568 111
1673778569 186
1673778569 173
1673778569 109
1673778570 120
1673778570 171
1673778570 112
1673778571 146
1673778572 138
1673778572 110
1673778572 146
1673778573 130
1673778573 116
1673778573 103
1673778573 105
1673778574 125
1673778574 148
1673778574 102
1673778574 183
1673778575 181
1673778575 151
1673778575 186
1673778575 127
1673778576 126
1673778576 114
1673778576 108
1673778576 109
1673778576 151
1673778576 123
1673778576 115
1673778577 168
1673778577 112
1673778578 149
1673778578 102
1673778578 145
1673778579 191
1673778579 192
1673778579 146
1673778579 161
1673778579 173
1673778580 170
1673778580 140
1673778580 198
1673778581 182
1673778582 131
1673778582 168
1673778583 159
1673778584 181
1673778584 176
1673778584 164
1673778585 152
1673778585 114
1673778585 171
1673778585 175
1673778586 130
1673778586 187
1673778586 146
1673778587 173
1673778587 180
1673778589 110
1673778589 104
1673778589 112
1673778589 192
1673778589 197
1673778590 175
1673778590 194
1673778591 129
1673778591 190
1673778591 163
1673778592 130
1673778592 143
1673778592 181
1673778593 106
1673778593 108
1673778593 163
1673778593 178
1673778593 199
1673778593 141
1673778594 129
1673778595 146
1673778596 102
1673778596 126
1673778597 131
1673778598 110
1673778599 101
1673778600 101
1673778601 135
1673778601 179
1673778602 192
1673778602 127
1673778603 176
1673778603 141
1673778603 121
1673778603 172
1673778604 136
1673778604 164
1673778604 112
1673778604 177
1673778604 101
1673778604 153
1673778605 120
1673778605 192
1673778606 172
1673778606 193
1673778606 177
1673778607 177
1673778607 181
1673778607 158
1673778608 142
1673778608 162
1673778609 160
1673778609 102
1673778609 115
1673778610 180
1673778610 138
1673778610 122
1673778612 155
1673778612 146
1673778612 143
1673778612 106
1673778613 127
1673778613 149
1673778613 171
1673778613 133
1673778614 134
1673778614 158
1673778614 119
1673778614 198
1673778614 194
1673778615 134
1673778615 185
1673778615 139
1673778615 143
1673778616 151
1673778616 149
1673778616 144
1673778617 112
1673778617 117
1673778617 117
1673778617 164
1673778617 177
1673778617 168
1673778618 183
1673778618 145
1673778618 136
1673778619 113
1673778619 182
1673778619 129
1673778620 135
1673778621 122
1673778621 123
1673778621 175
1673778622 127
1673778622 138
1673778622 105
1673778623 158
1673778623 182
1673778623 192
1673778623 190
1673778624 135
1673778624 125
1673778624 142
1673778624 196
1673778625 118
1673778626 154
1673778626 139
1673778627 158
1673778627 152
1673778628 108
1673778628 119
1673778628 134
1673778629 127
1673778629 142
1673778629 146
1673778629 111
1673778629 123
1673778629 116
1673778630 123
1673778631 120
1673778631 165
1673778632 132
1673778632 119
1673778633 200
1673778633 145
1673778634 171
1673778635 157
1673778635 161
1673778635 118
1673778636 182
1673778637 102
1673778637 130
1673778637 141
1673778638 134
1673778639 127
1673778639 192
1673778639 199
1673778640 161
1673778640 181
1673778640 149
1673778641 104
1673778642 121
1673778642 124
1673778642 101
1673778643 105
1673778643 163
1673778643 169
1673778643 134
1673778644 151
1673778644 183
1673778644 115
1673778644 161
1673778645 142
1673778645 166
1673778646 144
1673778646 152
1673778647 176
1673778647 181
1673778647 147
1673778648 148
1673778648 169
1673778648 141
1673778648 110
1673778648 151
1673778649 187
1673778649 172
1673778649 179
1673778650 174
1673778651 196
1673778651 182
1673778652 127
1673778652 189
1673778652 155
1673778652 154
1673778652 115
1673778653 124
1673778653 131
1673778653 165
1673778653 127
1673778654 152
1673778655 109
1673778655 196
1673778656 192
1673778656 176
1673778657 104
1673778657 112
1673778657 195
1673778658 124
1673778658 122
1673778658 103
1673778659 153
1673778659 189
1673778659 116
1673778659 197
1673778659 118
1673778659 115
1673778660 127
1673778660 193
1673778661 127
1673778661 149
1673778661 156
1673778661 174
1673778661 134
1673778661 190
1673778661 102
1673778662 184
1673778662 149
1673778663 138
1673778663 116
1673778664 124
1673778664 172
1673778664 109
1673778665 106
1673778665 146
1673778666 193
1673778666 195
1673778667 138
1673778667 104
1673778667 153
1673778667 116
1673778668 180
1673778668 173
1673778668 183
1673778668 177
1673778669 104
1673778669 131
1673778669 199
1673778669 189
1673778669 182
1673778670 104
1673778670 113
1673778670 101
1673778670 192
1673778670 159
1673778671 108
1673778671 198
1673778671 154
1673778671 142
1673778672 155
1673778672 132
1673778672 117
1673778672 172
1673778672 111
1673778672 133
1673778673 138
1673778673 138
1673778673 166
1673778674 188
1673778674 143
1673778674 176
1673778675 152
1673778675 104
1673778675 189
1673778675 127
1673778676 137
1673778676 195
1673778677 166
1673778677 126
1673778677 161
1673778677 165
1673778678 153
1673778679 182
1673778679 139
1673778679 196
1673778679 102
1673778680 197
1673778680 160
1673778681 183
1673778681 168
1673778681 156
1673778681 105
1673778681 121
1673778682 113
1673778682 139
1673778682 153
1673778682 194
1673778682 129
1673778683 105
1673778684 182
1673778684 164
1673778684 103
1673778684 120
1673778686 175
1673778686 165
1673778686 175
1673778686 162
1673778686 168
1673778686 121
1673778687 155
1673778687 163
1673778688 103
1673778688 109
1673778688 133
1673778689 168
1673778690 192
1673778690 190
1673778690 175
1673778691 184
1673778691 109
1673778691 116
1673778692 113
1673778692 182
1673778693 129
1673778693 196
1673778693 137
1673778693 116
1673778694 132
1673778694 198
1673778694 103
1673778695 133
1673778695 134
1673778695 126
1673778695 123
1673778696 111
1673778696 183
1673778697 119
1673778698 120
1673778698 115
1673778698 187
1673778698 194
1673778699 192
1673778700 121
1673778700 104
1673778701 165
1673778701 184
1673778701 184
1673778702 102
1673778702 172
1673778702 168
1673778702 199
1673778702 137
1673778702 188
1673778702 116
1673778702 143
1673778703 154
1673778703 199
1673778703 173
1673778704 199
1673778704 135
1673778704 150
1673778705 112
1673778705 156
1673778705 110
1673778705 182
1673778706 184
1673778706 139
1673778706 136
1673778707 153
1673778707 124
1673778707 163
1673778708 145
1673778708 143
1673778709 135
1673778709 173
1673778710 179
1673778710 135
1673778710 145
1673778711 150
1673778712 158
1673778712 161
1673778712 198
1673778712 155
1673778713 182
1673778713 174
1673778713 171
1673778714 194
1673778714 157
1673778714 160
1673778714 136
1673778715 189
1673778715 152
1673778715 169
1673778715 149
1673778716 113
1673778716 105
1673778717 109
1673778717 147
1673778718 122
1673778718 196
1673778718 168
1673778718 101
1673778719 169
1673778719 162
1673778719 171
1673778719 161
1673778719 123
1673778719 175
1673778719 178
1673778719 120
1673778720 165
1673778721 115
1673778721 109
1673778722 179
1673778722 186
1673778722 182
1673778722 188
1673778722 180
1673778724 163
1673778724 156
1673778724 128
1673778724 126
1673778726 149
1673778728 159
1673778728 157
1673778729 108
1673778729 146
1673778729 139
1673778729 130
1673778730 196
1673778730 103
1673778730 199
1673778730 128
1673778730 105
1673778730 103
1673778731 152
1673778732 157
1673778732 111
1673778733 129
1673778733 184
1673778734 180
1673778735 147
1673778735 149
1673778735 168
1673778736 170
1673778736 131
1673778736 156
1673778736 178
1673778736 167
1673778737 122
1673778737 127
1673778737 154
1673778738 125
1673778738 145
1673778738 109
1673778738 189
1673778738 156
1673778738 160
1673778739 158
1673778739 107
1673778739 122
1673778739 117
1673778739 147
1673778739 136
1673778739 182
1673778740 160
1673778740 129
1673778740 119
1673778741 184
1673778741 178
1673778742 150
1673778742 188
1673778742 106
1673778743 186
1673778743 174
1673778744 184
1673778744 108
1673778744 193
1673778745 112
1673778745 142
1673778745 177
1673778746 195
1673778746 159
1673778746 143
1673778747 190
1673778747 143
1673778747 131
1673778748 187
1673778748 158
1673778748 125
1673778749 163
1673778749 200
1673778749 153
1673778749 158
1673778749 183
1673778750 127
1673778750 136
1673778750 124
1673778751 149
1673778751 190
1673778751 157
1673778751 159
1673778752 187
1673778753 130
1673778753 117
1673778754 176
1673778755 104
1673778755 173
1673778755 139
1673778755 151
1673778755 140
1673778756 168
1673778757 170
1673778757 117
1673778757 112
1673778757 128
1673778757 172
1673778758 119
1673778758 146
1673778758 166
1673778759 126
1673778759 176
1673778759 127
1673778759 199
1673778759 187
1673778759 112
1673778761 179
1673778761 107
1673778761 122
1673778761 181
1673778761 106
1673778762 140
1673778762 111
1673778762 111
1673778762 195
1673778762 177
1673778763 198
1673778763 159
1673778763 154
1673778763 176
1673778763 159
1673778765 126
1673778766 180
1673778766 108
1673778766 123
1673778766 192
1673778767 159
1673778767 106
1673778767 190
1673778767 102
1673778768 187
1673778769 138
1673778769 148
1673778769 143
1673778769 193
1673778769 119
1673778770 138
1673778770 106
1673778770 195
1673778770 184
1673778770 127
1673778771 157
1673778771 107
1673778771 195
1673778771 193
1673778772 125
1673778773 193
1673778773 132
1673778773 162
1673778773 131
1673778773 104
1673778774 152
1673778774 112
1673778775 122
1673778775 186
1673778775 166
1673778776 116
1673778776 147
1673778777 142
1673778777 109
1673778777 162
1673778778 171
1673778778 141
1673778779 120
1673778779 120
1673778779 167
1673778780 158
1673778781 160
1673778781 181
1673778781 112
1673778781 146
1673778781 164
1673778782 196
1673778782 187
1673778782 148
1673778783 112
1673778783 138
1673778783 139
1673778784 171
1673778784 185
1673778784 196
1673778784 103
1673778785 141
1673778785 105
1673778785 198
1673778785 181
1673778785 182
1673778785 194
1673778786 116
1673778786 182
1673778786 111
1673778787 193
1673778787 110
1673778787 147
1673778788 149
1673778788 139
1673778789 164
1673778789 118
1673778790 191
1673778790 171
1673778791 166
1673778791 125
1673778791 149
1673778792 136
1673778792 141
1673778792 200
1673778793 136
1673778793 179
1673778793 103
1673778793 143
1673778793 140
1673778794 138
1673778794 149
1673778795 171
1673778795 130
1673778795 126
1673778796 151
1673778796 116
1673778797 161
1673778797 148
1673778797 191
1673778798 129
1673778798 159
1673778798 118
1673778798 192
1673778800 124
1673778800 102
1673778800 144
1673778800 167
1673778801 136
1673778803 141
1673778803 172
1673778803 168
1673778803 159
1673778804 166
1673778805 189
1673778806 106
1673778806 170
1673778806 127
1673778807 134
1673778807 118
1673778808 171
1673778809 111
1673778809 103
1673778809 175
1673778810 118
1673778811 154
1673778812 151
1673778812 177
1673778812 189
1673778812 179
1673778813 170
1673778813 186
1673778813 134
1673778813 149
1673778813 196
1673778813 126
1673778814 113
1673778814 121
1673778814 159
1673778815 143
1673778815 183
1673778815 107
1673778815 101
1673778815 180
1673778817 197
1673778817 146
1673778817 106
1673778817 172
1673778818 169
1673778818 130
1673778818 193
1673778818 117
1673778819 162
1673778819 149
1673778820 128
1673778820 158
1673778820 119
1673778820 103
1673778820 138
1673778821 170
1673778821 108
1673778822 124
1673778822 160
1673778822 150
1673778822 181
1673778823 103
1673778823 114
1673778823 158
1673778823 102
1673778824 185
1673778824 118
1673778824 144
1673778825 145
1673778825 177
1673778826 150
1673778826 119
1673778827 180
1673778828 173
1673778829 126
1673778829 131
1673778830 116
1673778830 131
1673778830 131
1673778830 131
1673778830 145
1673778830 178
1673778830 114
1673778831 133
1673778831 118
1673778832 106
1673778832 169
1673778833 134
1673778833 122
1673778833 118
1673778834 198
1673778834 180
1673778834 175
1673778835 169
1673778835 140
1673778836 182
1673778836 170
1673778836 193
1673778836 177
1673778837 177
1673778837 147
1673778837 174
1673778837 172
1673778838 137
1673778839 145
1673778839 184
1673778839 193
1673778839 166
1673778840 164
1673778840 118
1673778840 116
1673778840 195
1673778840 173
1673778841 183
1673778842 169
1673778842 178
1673778842 141
1673778843 199
1673778843 182
1673778843 116
1673778844 167
1673778844 146
1673778844 182
1673778845 127
1673778845 119
1673778846 110
1673778846 191
1673778846 170
1673778847 153
1673778847 118
1673778847 112
1673778848 155
1673778849 170
1673778849 104
1673778849 168
1673778850 162
1673778850 144
1673778850 128
1673778851 115
1673778851 117
1673778851 121
1673778852 122
1673778852 172
1673778852 186
1673778852 109
1673778853 110
1673778853 184
1673778854 166
1673778854 108
1673778854 154
1673778855 174
1673778855 106
1673778856 153
1673778856 182
1673778856 170
1673778857 102
1673778857 172
1673778857 131
1673778859 139
1673778859 192
1673778859 159
1673778859 108
1673778860 125
1673778860 175
1673778860 149
1673778861 110
1673778861 141
1673778861 186
1673778861 174
1673778861 174
1673778863 170
1673778863 149
1673778864 180
1673778864 196
1673778864 159
1673778864 101
1673778864 149
1673778865 109
1673778865 155
1673778865 111
1673778866 136
1673778867 200
1673778867 129
1673778867 112
1673778867 135
1673778867 122
1673778867 157
1673778867 109
1673778868 156
1673778868 186
1673778869 136
1673778869 163
1673778869 172
1673778869 122
1673778869 112
1673778870 153
1673778870 164
1673778870 178
1673778871 103
1673778871 136
1673778871 136
1673778872 137
1673778872 120
1673778873 153
1673778873 176
1673778873 154
1673778874 141
1673778874 107
1673778874 123
1673778875 140
1673778875 164
1673778875 139
1673778876 184
1673778876 182
1673778877 137
1673778878 188
1673778878 108
1673778878 157
1673778879 116
1673778879 120
1673778879 149
1673778879 161
1673778880 192
1673778880 171
1673778881 196
1673778883 109
1673778884 153
1673778884 111
1673778885 180
1673778886 142
1673778886 135
1673778886 133
1673778886 153
1673778886 110
1673778886 111
1673778887 160
1673778888 144
1673778888 137
1673778888 119
1673778889 132
1673778889 110
1673778889 163
1673778889 141
1673778890 155
1673778890 169
1673778890 116
1673778890 156
1673778891 143
1673778891 196
1673778891 176
1673778892 101
1673778892 128
1673778892 102
1673778892 114
1673778892 111
1673778893 121
1673778893 106
1673778893 144
1673778893 132
1673778893 160
1673778893 173
1673778893 101
1673778894 157
1673778895 110
1673778895 167
1673778896 158
1673778896 130
1673778897 157
1673778897 110
1673778898 142
1673778898 185
1673778898 130
1673778898 115
1673778899 172
1673778900 109
1673778900 170
1673778900 118
1673778900 162
1673778902 176
1673778902 144
1673778904 133
1673778904 188
1673778904 173
1673778904 109
1673778905 188
1673778905 199
1673778905 200
1673778905 159
1673778905 103
1673778905 133
1673778906 181
1673778906 117
1673778906 145
1673778906 145
1673778906 134
1673778907 146
1673778908 161
1673778908 187
1673778908 168
1673778908 171
1673778909 119
1673778909 121
1673778910 131
1673778910 182
1673778911 150
1673778911 117
1673778911 176
1673778912 122
1673778912 181
1673778913 178
1673778914 170
1673778914 186
1673778914 200
1673778915 101
1673778916 194
1673778916 152
1673778916 170
1673778917 127
1673778917 148
1673778917 155
1673778917 194
1673778917 124
1673778917 111
1673778918 125
1673778918 190
1673778918 187
1673778918 188
1673778918 146
1673778919 151
1673778919 124
1673778919 160
1673778919 152
1673778920 147
1673778921 106
1673778921 127
1673778922 194
1673778922 107
1673778922 155
1673778923 175
1673778924 132
1673778924 116
1673778924 110
1673778924 189
1673778924 181
1673778925 102
1673778926 150
1673778926 164
1673778926 111
1673778926 185
1673778927 162
1673778928 186
1673778929 131
1673778929 192
1673778929 174
1673778929 122
1673778930 185
1673778930 169
1673778931 170
1673778932 128
1673778932 106
1673778933 130
1673778933 197
1673778933 142
1673778933 112
1673778933 179
1673778933 104
1673778934 155
1673778934 157
1673778935 172
1673778935 117
1673778935 127
1673778936 121
1673778936 149
1673778936 132
1673778937 119
1673778938 146
1673778939 138
1673778939 146
1673778939 164
1673778939 125
1673778939 156
1673778940 155
1673778940 179
1673778942 137
1673778943 119
1673778943 171
1673778944 180
1673778944 128
1673778944 199
1673778946 171
1673778946 105
1673778946 190
1673778946 171
1673778947 134
1673778947 159
1673778947 196
1673778947 119
1673778947 183
1673778949 134
1673778949 138
1673778950 135
1673778951 139
1673778951 117
1673778951 139
1673778951 180
1673778952 133
1673778952 165
1673778952 156
1673778953 189
1673778953 179
1673778953 164
1673778954 135
1673778954 127
1673778955 108
1673778956 120
1673778956 125
1673778956 132
1673778956 176
1673778957 193
1673778957 175
1673778957 144
1673778957 143
1673778959 101
1673778959 157
1673778959 171
1673778960 166
1673778960 125
1673778960 164
1673778961 123
1673778961 164
1673778961 128
1673778961 162
1673778962 144
1673778963 190
1673778963 131
1673778963 166
1673778963 164
1673778964 144
1673778964 145
1673778965 162
1673778965 200
1673778965 195
1673778966 150
1673778966 161
1673778967 124
1673778967 165
1673778967 142
1673778967 116
1673778968 196
1673778968 107
1673778968 148
1673778968 141
1673778968 139
1673778969 105
1673778969 176
1673778969 134
1673778969 121
1673778969 117
1673778970 180
1673778971 112
1673778972 191
1673778972 170
1673778972 114
1673778972 176
1673778973 113
1673778973 153
1673778973 129
1673778974 111
1673778975 103
1673778975 199
1673778975 106
1673778975 152
1673778975 136
1673778976 113
1673778977 124
1673778977 193
1673778977 141
1673778977 138
1673778977 149
1673778978 115
1673778978 121
1673778979 166
1673778980 162
1673778980 196
1673778980 154
1673778980 128
1673778981 197
1673778981 131
1673778981 136
1673778981 198
1673778981 161
1673778982 134
1673778984 196
1673778984 180
1673778984 107
1673778985 140
1673778986 170
1673778986 193
1673778987 162
1673778987 124
1673778988 188
1673778988 137
1673778988 104
1673778988 190
1673778989 182
1673778989 157
1673778989 126
1673778990 200
1673778990 148
1673778990 149
1673778990 125
1673778991 161
1673778991 159
1673778991 197
1673778991 119
1673778991 168
1673778992 188
1673778992 144
1673778993 189
1673778994 120
1673778995 141
1673778996 194
1673778996 160
1673778997 131
1673778997 192
1673778997 159
1673778997 162
1673778997 114
1673778997 129
1673778998 194
1673778998 146
1673778998 197
1673778998 170
1673778998 110
1673778999 174
1673778999 110
1673778999 168
1673779000 190
1673779000 134
1673779000 196
1673779000 142
1673779000 134
1673779001 122
1673779001 126
1673779002 156
1673779002 187
1673779003 146
1673779003 153
1673779004 119
1673779004 163
1673779004 169
1673779005 105
1673779006 182
1673779006 158
1673779006 154
1673779006 164
1673779006 160
1673779006 108
1673779006 104
1673779007 123
1673779007 136
1673779007 124
1673779007 191
1673779008 104
1673779008 169
1673779009 192
1673779011 130
1673779012 125
1673779012 153
1673779013 114
1673779013 167
1673779014 196
1673779015 122
1673779015 107
1673779016 198
1673779017 195
1673779017 180
1673779017 141
1673779017 141
1673779017 116
1673779018 195
1673779018 182
1673779019 122
1673779019 182
1673779020 146
1673779020 189
1673779021 179
1673779022 108
1673779022 130
1673779022 144
1673779023 109
1673779023 149
1673779023 143
1673779024 172
1673779024 185
1673779024 154
1673779025 134
1673779025 133
1673779025 114
1673779026 125
1673779026 104
1673779027 125
1673779027 130
1673779027 157
1673779027 126
1673779028 197
1673779028 172
1673779028 122
1673779028 158
1673779029 153
1673779029 196
1673779029 150
1673779030 180
1673779030 165
1673779031 141
1673779031 173
1673779031 167
1673779031 132
1673779031 111
1673779031 121
1673779032 129
1673779032 152
1673779032 148
1673779032 165
1673779033 196
1673779033 166
1673779034 164
1673779034 136
1673779034 147
1673779035 170
1673779035 115
1673779035 132
1673779036 146
1673779036 167
1673779037 127
1673779037 160
1673779037 156
1673779038 146
1673779038 134
1673779038 155
1673779039 147
1673779039 145
1673779039 178
1673779039 111
1673779039 131
1673779039 113
1673779039 183
1673779040 147
1673779040 139
1673779040 117
1673779040 159
1673779041 124
1673779042 121
1673779042 122
1673779043 172
1673779043 101
1673779043 125
1673779044 101
1673779044 129
1673779045 104
1673779045 174
1673779045 176
1673779046 128
1673779046 186
1673779046 146
1673779046 116
1673779047 105
1673779047 147
1673779047 156
1673779048 112
1673779048 108
1673779049 169
1673779050 111
1673779050 196
1673779050 165
1673779051 140
1673779052 193
1673779052 196
1673779053 112
1673779053 129
1673779054 195
1673779054 148
1673779054 163
1673779054 195
1673779054 136
1673779055 148
1673779055 146
1673779055 169
1673779056 102
1673779056 148
1673779057 148
1673779057 123
1673779057 125
1673779057 104
1673779057 161
1673779057 181
1673779058 102
1673779058 162
1673779058 158
1673779058 148
1673779059 159
1673779059 125
1673779059 133
1673779059 116
1673779061 124
1673779061 196
1673779061 142
1673779061 191
1673779061 125
1673779062 158
1673779062 191
1673779062 158
1673779062 128
1673779062 173
1673779062 145
1673779062 177
1673779064 128
1673779064 173
1673779064 163
1673779065 145
1673779065 173
1673779065 154
1673779066 109
1673779066 179
1673779066 131
1673779066 171
1673779067 174
1673779067 117
1673779067 127
1673779067 123
1673779067 148
1673779068 169
1673779068 108
1673779068 131
1673779068 191
1673779068 167
1673779068 131
1673779069 144
1673779069 130
1673779069 121
1673779070 180
1673779070 172
1673779070 166
1673779071 167
1673779071 136
1673779071 160
1673779071 195
1673779071 134
1673779072 181
1673779072 103
1673779073 115
1673779073 188
1673779073 167
1673779073 182
1673779073 122
1673779073 119
1673779074 147
1673779075 140
1673779075 200
1673779075 198
1673779075 171
1673779076 109
1673779077 116
1673779078 139
1673779078 157
1673779079 192
1673779079 138
1673779081 189
1673779081 156
1673779081 102
1673779082 145
1673779083 185
1673779084 184
1673779084 185
1673779086 148
1673779086 152
1673779087 194
1673779087 139
1673779087 108
1673779087 156
1673779087 190
1673779087 187
1673779088 161
1673779088 200
1673779088 162
1673779088 165
1673779088 113
1673779088 113
1673779088 190
1673779089 157
1673779090 181
1673779090 181
1673779090 190
1673779090 110
1673779091 152
1673779092 156
1673779093 165
1673779093 173
1673779093 119
1673779094 108
1673779095 118
1673779095 117
1673779095 165
1673779095 120
1673779096 195
1673779096 127
1673779096 116
1673779097 130
1673779097 173
1673779098 189
1673779098 106
1673779098 195
1673779099 146
1673779099 146
1673779099 108
1673779099 147
1673779100 130
1673779100 149
1673779100 132
1673779100 159
1673779101 156
1673779101 183
1673779102 158
1673779102 159
1673779103 168
1673779103 153
1673779104 182
1673779104 178
1673779106 104
1673779106 192
1673779106 111
1673779106 117
1673779107 116
1673779107 153
1673779107 103
1673779107 157
1673779108 197
1673779108 130
1673779108 130
1673779108 174
1673779108 198
1673779108 135
1673779109 188
1673779109 168
1673779109 148
1673779110 108
1673779110 111
1673779111 148
1673779111 149
1673779111 151
1673779111 192
1673779112 105
1673779112 126
1673779112 183
1673779112 120
1673779113 200
1673779113 166
1673779113 162
1673779114 148
1673779114 123
1673779114 200
1673779114 121
1673779115 149
1673779116 165
1673779116 172
1673779116 117
1673779116 145
1673779116 183
1673779117 144
1673779117 187
1673779117 112
1673779117 184
1673779117 194
1673779118 139
1673779118 174
1673779118 173
1673779119 156
1673779119 120
1673779119 166
1673779119 153
1673779119 141
1673779119 122
1673779119 108
1673779120 154
1673779120 144
1673779120 138
1673779121 189
1673779121 102
1673779121 108
1673779122 167
1673779122 156
1673779122 134
1673779123 143
1673779123 154
1673779123 175
1673779124 196
1673779124 171
1673779124 161
1673779124 174
1673779125 109
1673779125 115
1673779125 111
1673779126 131
1673779126 159
1673779127 146
1673779128 180
1673779128 103
1673779128 131
1673779128 106
1673779129 188
1673779129 166
1673779129 121
1673779129 188
1673779131 120
1673779132 171
1673779132 112
1673779132 155
1673779132 102
1673779133 149
1673779133 120
1673779133 140
1673779133 197
1673779134 168
1673779134 169
1673779134 143
1673779134 192
1673779134 188
1673779134 140
1673779135 123
1673779136 189
1673779136 108
1673779136 189
1673779136 129
1673779137 175
1673779137 112
1673779137 104
1673779137 182
1673779137 179
1673779137 115
1673779138 191
1673779138 109
1673779138 166
1673779139 105
1673779139 179
1673779140 184
1673779140 137
1673779140 119
1673779140 177
1673779141 182
1673779141 145
1673779142 126
1673779142 114
1673779142 129
1673779142 129
1673779143 195
1673779144 153
1673779144 139
1673779144 188
1673779146 127
1673779146 116
1673779146 145
1673779146 110
1673779146 124
1673779146 115
1673779147 188
1673779147 105
1673779147 153
1673779148 104
1673779148 180
1673779149 191
1673779149 105
1673779149 132
1673779149 194
1673779150 140
1673779151 116
1673779151 182
1673779152 140
1673779153 165
1673779154 138
1673779154 151
1673779155 153
1673779155 164
1673779155 157
1673779155 143
1673779156 194
1673779156 176
1673779157 178
1673779158 198
1673779158 195
1673779159 102
1673779159 129
1673779159 121
1673779159 169
1673779159 198
1673779160 158
1673779160 106
1673779160 183
1673779160 142
1673779160 116
1673779162 176
1673779163 173
1673779163 190
1673779163 139
1673779164 148
1673779164 123
1673779164 106
1673779165 122
1673779166 114
1673779166 186
1673779167 128
1673779167 177
1673779167 151
1673779168 167
1673779168 166
1673779169 154
1673779169 108
1673779169 125
1673779169 196
1673779169 165
1673779170 197
1673779170 101
1673779170 115
1673779171 199
1673779171 133
1673779171 101
1673779171 190
1673779171 149
1673779172 139
1673779172 148
1673779172 128
1673779172 164
1673779172 192
1673779172 186
1673779173 191
1673779173 116
1673779174 105
1673779175 147
1673779175 144
1673779175 153
1673779176 126
1673779176 129
1673779176 119
1673779177 116
1673779177 126
1673779177 169
1673779177 160
1673779178 109
1673779179 112
1673779179 152
1673779181 198
1673779181 155
1673779182 130
1673779182 168
1673779182 172
1673779183 165
1673779183 185
1673779184 169
1673779184 165
1673779184 187
1673779184 176
1673779185 183
1673779185 197
1673779185 106
1673779186 127
1673779186 130
1673779186 166
1673779186 128
1673779186 182
1673779186 177
1673779187 105
1673779188 137
1673779188 166
1673779189 120
1673779189 126
1673779190 120
1673779190 148
1673779190 190
1673779190 113
1673779190 184
1673779191 142
1673779192 135
1673779193 172
1673779193 121
1673779193 187
1673779193 198
1673779194 135
1673779194 150
1673779195 175
1673779195 122
1673779195 180
1673779196 130
1673779196 107
1673779196 141
1673779196 193
1673779196 120
1673779197 123
1673779197 111
1673779197 112
1673779197 131
1673779197 125
1673779198 191
1673779198 115
1673779198 180
1673779198 199
1673779198 154
1673779198 136
1673779199 133
1673779199 132
1673779199 158
1673779199 151
1673779200 186
1673779200 113
1673779201 121
1673779201 124
1673779201 146
1673779202 112
1673779203 124
1673779204 113
1673779204 111
1673779204 114
1673779204 177
1673779204 150
1673779205 113
1673779205 161
1673779205 188
1673779205 195
1673779206 163
1673779207 164
1673779207 178
1673779208 189
1673779208 116
1673779208 172
1673779209 114
1673779209 125
1673779210 111
1673779210 200
1673779212 114
1673779212 182
1673779213 115
1673779213 138
1673779213 174
1673779214 162
1673779214 156
1673779214 115
1673779214 135
1673779214 142
1673779214 164
1673779215 188
1673779215 174
1673779215 169
1673779216 143
1673779216 147
1673779217 168
1673779218 139
1673779219 107
1673779219 154
1673779220 148
1673779220 167
1673779220 186
1673779221 171
1673779221 120
1673779221 141
1673779221 187
1673779221 189
1673779221 146
1673779222 184
1673779222 171
1673779222 131
1673779223 106
1673779223 163
1673779224 188
1673779224 106
1673779225 117
1673779225 135
1673779225 103
1673779226 193
1673779226 198
1673779227 119
1673779227 107
1673779227 127
1673779227 170
1673779228 155
1673779228 128
1673779228 167
1673779229 177
1673779229 160
1673779229 122
1673779229 132
1673779229 196
1673779229 198
1673779230 160
1673779230 170
1673779230 178
1673779231 200
1673779231 178
1673779231 169
1673779231 156
1673779231 189
1673779231 181
1673779232 114
1673779232 179
1673779232 197
1673779232 186
1673779233 200
1673779233 189
1673779233 134
1673779233 178
1673779234 119
1673779234 196
1673779234 189
1673779234 124
1673779234 125
1673779236 156
1673779236 174
1673779237 183
1673779237 167
1673779238 161
1673779238 109
1673779238 176
1673779238 178
1673779238 139
1673779239 168
1673779239 151
1673779240 166
1673779241 161
1673779241 127
1673779241 173
1673779242 140
1673779242 114
1673779243 177
1673779243 187
1673779243 147
1673779243 182
1673779243 112
1673779244 200
1673779244 132
1673779244 194
1673779244 198
1673779245 157
1673779245 134
1673779245 178
1673779245 198
1673779246 164
1673779246 144
1673779246 130
1673779248 116
1673779248 166
1673779248 119
1673779248 133
1673779249 112
1673779249 123
1673779250 182
1673779250 126
1673779250 165
1673779250 137
1673779250 138
1673779252 106
1673779252 157
1673779252 181
1673779252 174
1673779253 187
1673779253 164
1673779254 182
1673779254 156
1673779254 172
1673779254 168
1673779255 198
1673779255 199
1673779255 124
1673779255 195
1673779256 148
1673779256 108
1673779257 170
1673779257 187
1673779257 123
1673779259 165
1673779259 124
1673779261 191
1673779261 199
1673779261 102
1673779261 190
1673779262 126
1673779262 174
1673779262 131
1673779262 109
1673779263 146
1673779263 101
1673779263 155
1673779263 113
1673779263 179
1673779264 173
1673779264 174
1673779264 129
1673779264 120
1673779264 115
1673779265 102
1673779265 200
1673779265 117
1673779266 130
1673779266 103
1673779266 153
1673779267 141
1673779267 170
1673779267 152
1673779267 151
1673779267 147
1673779267 144
1673779268 198
1673779268 164
1673779270 155
1673779270 103
1673779270 103
1673779270 134
1673779270 175
1673779270 138
1673779271 152
1673779271 162
1673779271 122
1673779272 138
1673779272 141
1673779273 105
1673779273 120
1673779273 136
1673779274 127
1673779274 196
1673779274 169
1673779274 143
1673779274 131
1673779274 192
1673779275 128
1673779275 176
1673779275 101
1673779275 184
1673779275 184
1673779276 150
1673779276 166
1673779277 104
1673779278 110
1673779278 148
1673779278 111
1673779279 184
1673779279 112
1673779279 172
1673779280 178
1673779280 113
1673779281 175
1673779281 130
1673779283 149
1673779283 145
1673779283 183
1673779283 168
1673779284 162
1673779284 132
1673779284 178
1673779284 125
1673779285 107
1673779286 151
1673779286 198
1673779286 156
1673779286 102
1673779286 106
1673779287 167
1673779287 170
1673779287 149
1673779287 175
1673779287 133
1673779287 191
1673779287 119
1673779288 116
1673779289 153
1673779289 173
1673779289 147
1673779289 195
1673779289 101
1673779290 132
1673779290 164
1673779291 125
