1673776803 109
1673776803 135
1673776804 152
1673776807 135
1673776807 107
1673776808 155
1673776809 157
1673776809 183
1673776809 167
1673776810 135
1673776815 189
1673776816 145
1673776816 116
1673776817 111
1673776819 103
1673776819 138
1673776820 127
1673776820 135
1673776820 140
1673776822 102
1673776822 126
1673776823 148
1673776823 138
1673776825 168
1673776825 191
1673776827 136
1673776828 129
1673776828 118
1673776828 181
1673776829 194
1673776829 163
1673776829 199
1673776829 191
1673776830 107
1673776831 155
1673776832 166
1673776832 166
1673776834 143
1673776834 168
1673776835 123
1673776836 200
1673776836 162
1673776837 192
1673776842 124
1673776844 138
1673776849 169
1673776851 139
1673776851 134
1673776853 128
1673776856 153
1673776856 194
1673776857 193
1673776857 148
1673776857 176
1673776859 187
1673776860 171
1673776860 162
1673776861 127
1673776861 164
1673776861 136
1673776861 136
1673776861 115
1673776863 185
1673776863 132
1673776863 110
1673776863 141
1673776863 108
1673776863 176
1673776863 164
1673776863 137
1673776866 101
1673776867 148
1673776870 182
1673776870 103
1673776871 102
1673776872 193
1673776872 149
1673776873 189
1673776873 154
1673776876 158
1673776877 125
1673776879 182
1673776879 135
1673776879 144
1673776880 167
1673776881 138
1673776882 106
1673776882 144
1673776882 192
1673776884 143
1673776885 141
1673776885 189
1673776885 115
1673776887 112
1673776888 178
1673776888 105
1673776888 141
1673776889 196
1673776889 110
1673776890 200
1673776890 105
1673776891 152
1673776892 166
1673776895 122
1673776897 147
1673776898 159
1673776898 174
1673776899 111
1673776899 142
1673776899 183
1673776899 193
1673776900 102
1673776900 183
1673776900 180
1673776900 149
1673776902 167
1673776903 191
1673776903 160
1673776903 128
1673776903 129
1673776903 167
1673776904 164
1673776904 168
1673776904 150
1673776904 178
1673776906 190
1673776907 107
1673776913 164
1673776917 195
1673776921 178
1673776921 114
1673776922 106
1673776923 124
1673776924 105
1673776924 195
1673776925 180
1673776926 106
1673776927 142
1673776927 101
1673776928 102
1673776928 115
1673776928 141
1673776928 191
1673776929 119
1673776930 176
1673776930 183
1673776931 116
1673776931 117
1673776931 117
1673776932 149
1673776932 154
1673776932 119
1673776932 154
1673776933 186
1673776934 157
1673776934 158
1673776934 145
1673776934 173
1673776934 176
1673776934 174
1673776935 157
1673776935 131
1673776935 197
1673776936 170
1673776936 194
1673776936 182
1673776936 133
1673776937 125
1673776937 195
1673776937 149
1673776939 142
1673776939 171
1673776939 199
1673776940 126
1673776940 147
1673776941 161
1673776945 178
1673776945 129
1673776946 169
1673776946 146
1673776947 154
1673776948 143
1673776949 184
1673776949 130
1673776949 123
1673776949 162
1673776950 196
1673776950 171
1673776950 159
1673776950 111
1673776950 161
1673776951 152
1673776954 170
1673776956 123
1673776956 119
1673776958 193
1673776958 164
1673776959 102
1673776959 163
1673776959 142
1673776960 186
1673776960 149
1673776961 176
1673776961 105
1673776961 128
1673776962 191
1673776962 142
1673776962 118
1673776963 153
1673776963 134
1673776964 138
1673776964 140
1673776965 101
1673776967 108
1673776968 193
1673776969 115
1673776969 130
1673776969 164
1673776969 172
1673776970 198
1673776970 160
1673776971 102
1673776971 132
1673776971 132
1673776972 136
1673776972 159
1673776972 104
1673776972 169
1673776972 181
1673776973 162
1673776973 111
1673776973 194
1673776974 151
1673776974 112
1673776974 178
1673776974 190
1673776975 120
1673776975 119
1673776976 186
1673776976 155
1673776977 123
1673776978 104
1673776978 138
1673776979 153
1673776980 123
1673776980 188
1673776981 147
1673776981 128
1673776981 148
1673776982 105
1673776982 105
1673776982 193
1673776985 161
1673776986 103
1673776986 128
1673776987 197
1673776987 177
1673776988 163
1673776988 142
1673776988 176
1673776988 103
1673776989 143
1673776989 184
1673776991 160
1673776991 160
1673776992 115
1673776992 170
1673776995 188
1673776996 135
1673776996 138
1673776996 152
1673776996 156
1673776997 151
1673776997 138
1673776998 123
1673776998 149
1673776998 120
1673776999 181
1673777000 136
1673777000 141
1673777001 154
1673777001 103
1673777001 156
1673777002 116
1673777002 149
1673777003 118
1673777003 179
1673777004 150
1673777004 139
1673777006 148
1673777006 123
1673777007 155
1673777007 136
1673777007 149
1673777007 106
1673777008 137
1673777008 120
1673777009 189
1673777009 171
1673777009 127
1673777011 101
1673777011 196
1673777011 121
1673777012 136
1673777014 172
1673777014 174
1673777015 124
1673777016 107
1673777016 161
1673777016 124
1673777016 132
1673777016 189
1673777017 113
1673777017 154
1673777017 182
1673777017 154
1673777018 193
1673777020 185
1673777020 195
1673777021 200
1673777021 180
1673777021 109
1673777022 102
1673777024 108
1673777024 197
1673777024 195
1673777025 169
1673777025 118
1673777025 174
1673777026 142
1673777026 135
1673777026 166
1673777026 172
1673777027 175
1673777028 165
1673777028 184
1673777029 116
1673777029 103
1673777029 161
1673777030 161
1673777030 148
1673777030 162
1673777030 149
1673777031 168
1673777032 133
1673777033 118
1673777033 116
1673777034 200
1673777034 174
1673777034 152
1673777035 179
1673777036 183
1673777036 105
1673777036 111
1673777037 179
1673777037 153
1673777038 115
1673777038 178
1673777039 115
1673777039 193
1673777040 140
1673777040 139
1673777041 158
1673777041 189
1673777041 183
1673777041 155
1673777041 117
1673777041 135
1673777042 120
1673777042 193
1673777042 156
1673777042 154
1673777042 124
1673777043 192
1673777044 122
1673777044 117
1673777044 112
1673777045 134
1673777045 127
1673777045 187
1673777045 133
1673777045 141
1673777045 168
1673777045 160
1673777046 157
1673777047 189
1673777047 191
1673777047 155
1673777048 177
1673777048 145
1673777048 187
1673777049 169
1673777049 139
1673777049 104
1673777050 190
1673777050 189
1673777050 180
1673777050 114
1673777050 155
1673777050 116
1673777051 168
1673777051 172
1673777051 107
1673777052 193
1673777052 132
1673777053 186
1673777053 191
1673777054 110
1673777054 186
1673777054 165
1673777054 163
1673777054 111
1673777055 101
1673777055 107
1673777055 157
1673777056 128
1673777057 156
1673777057 156
1673777057 139
1673777057 164
1673777058 111
1673777058 197
1673777059 154
1673777059 199
1673777059 121
1673777060 183
1673777061 159
1673777061 146
1673777061 118
1673777061 166
1673777061 107
1673777061 185
1673777061 197
1673777061 186
1673777062 152
1673777062 142
1673777062 198
1673777062 124
1673777062 159
1673777062 158
1673777063 153
1673777063 190
1673777063 138
1673777063 174
1673777063 119
1673777063 199
1673777064 186
1673777064 175
1673777065 193
1673777065 123
1673777066 120
1673777066 186
1673777066 125
1673777066 111
1673777066 168
1673777067 131
1673777067 102
1673777067 171
1673777068 194
1673777068 148
1673777068 197
1673777069 184
1673777069 123
1673777069 121
1673777070 115
1673777071 193
1673777071 121
1673777071 117
1673777072 163
1673777072 136
1673777073 122
1673777073 181
1673777073 134
1673777073 125
1673777074 110
1673777074 134
1673777074 178
1673777074 115
1673777075 117
1673777075 143
1673777075 185
1673777076 151
1673777077 178
1673777077 131
1673777078 131
1673777079 180
1673777080 180
1673777080 194
1673777080 104
1673777080 122
1673777080 158
1673777082 180
1673777082 148
1673777082 112
1673777083 123
1673777083 157
1673777084 151
1673777084 167
1673777085 148
1673777086 194
1673777086 167
1673777087 200
1673777087 190
1673777088 155
1673777088 147
1673777089 109
1673777089 138
1673777089 166
1673777090 153
1673777090 102
1673777090 106
1673777091 104
1673777091 152
1673777091 162
1673777092 139
1673777092 147
1673777092 119
1673777093 132
1673777093 199
1673777093 169
1673777093 102
1673777094 174
1673777094 131
1673777094 109
1673777094 190
1673777094 118
1673777095 146
1673777095 104
1673777096 138
1673777096 120
1673777096 168
1673777097 135
1673777098 112
1673777098 137
1673777098 153
1673777100 124
1673777100 197
1673777101 171
1673777102 175
1673777102 115
1673777102 156
1673777102 128
1673777102 129
1673777103 120
1673777103 178
1673777103 156
1673777104 132
1673777104 161
1673777104 178
1673777105 155
1673777105 165
1673777105 153
1673777106 124
1673777106 126
1673777106 184
1673777107 172
1673777107 112
1673777108 129
1673777108 101
1673777108 134
1673777109 127
1673777109 105
1673777109 159
1673777109 178
1673777109 121
1673777110 151
1673777110 153
1673777110 132
1673777111 182
1673777111 156
1673777111 171
1673777111 111
1673777111 195
1673777112 191
1673777112 104
1673777112 151
1673777112 128
1673777113 180
1673777113 109
1673777113 165
1673777113 112
1673777114 192
1673777114 114
1673777114 110
1673777115 172
1673777115 134
1673777116 154
1673777116 163
1673777116 112
1673777116 120
1673777116 110
1673777116 182
1673777117 146
1673777117 181
1673777118 165
1673777119 140
1673777119 162
1673777119 114
1673777119 149
1673777120 178
1673777120 151
1673777120 183
1673777121 161
1673777121 133
1673777121 125
1673777121 126
1673777122 163
1673777122 168
1673777123 141
1673777123 167
1673777123 116
1673777123 163
1673777124 130
1673777125 183
1673777125 115
1673777125 137
1673777125 170
1673777126 176
1673777127 151
1673777127 154
1673777127 152
1673777127 193
1673777128 179
1673777128 119
1673777128 108
1673777128 199
1673777129 103
1673777130 132
1673777130 185
1673777131 134
1673777131 104
1673777132 183
1673777132 112
1673777132 133
1673777132 161
1673777133 112
1673777133 157
1673777133 147
1673777134 195
1673777134 171
1673777134 108
1673777135 195
1673777135 156
1673777135 130
1673777136 160
1673777136 157
1673777137 148
1673777137 163
1673777137 113
1673777138 118
1673777138 167
1673777138 165
1673777138 177
1673777139 200
1673777139 173
1673777139 153
1673777139 172
1673777139 156
1673777140 200
1673777140 143
1673777140 157
1673777140 190
1673777140 101
1673777140 110
1673777140 143
1673777140 146
1673777141 195
1673777141 171
1673777141 122
1673777142 124
1673777142 147
1673777143 113
1673777143 161
1673777143 105
1673777144 169
1673777144 143
1673777145 111
1673777145 137
1673777146 200
1673777146 163
1673777146 187
1673777146 180
1673777147 128
1673777147 140
1673777147 124
1673777147 132
1673777147 150
1673777148 108
1673777148 184
1673777149 157
1673777149 146
1673777149 130
1673777149 105
1673777150 135
1673777150 138
1673777150 154
1673777150 151
1673777151 137
1673777151 124
1673777151 137
1673777152 109
1673777152 196
1673777152 146
1673777152 198
1673777153 138
1673777153 173
1673777154 179
1673777154 132
1673777154 190
1673777154 109
1673777155 126
1673777156 110
1673777156 162
1673777156 199
1673777157 132
1673777157 138
1673777157 117
1673777157 143
1673777157 198
1673777157 192
1673777157 154
1673777158 110
1673777158 158
1673777158 166
1673777158 191
1673777158 190
1673777159 130
1673777159 186
1673777159 186
1673777159 101
1673777160 122
1673777160 193
1673777160 173
1673777161 128
1673777161 194
1673777161 142
1673777161 110
1673777162 188
1673777162 140
1673777162 135
1673777163 154
1673777163 125
1673777163 181
1673777165 190
1673777165 177
1673777165 108
1673777166 135
1673777166 132
1673777166 115
1673777167 151
1673777167 147
1673777167 187
1673777167 173
1673777167 112
1673777168 120
1673777168 190
1673777169 102
1673777169 116
1673777169 181
1673777169 108
1673777169 171
1673777170 112
1673777170 111
1673777170 146
1673777170 111
1673777171 156
1673777172 134
1673777172 130
1673777172 129
1673777172 129
1673777172 168
1673777172 162
1673777172 164
1673777173 101
1673777173 163
1673777173 136
1673777173 108
1673777173 140
1673777173 175
1673777174 167
1673777174 146
1673777174 145
1673777174 191
1673777175 169
1673777175 190
1673777175 157
1673777176 170
1673777177 189
1673777177 128
1673777178 111
1673777178 175
1673777179 108
1673777179 193
1673777179 151
1673777180 106
1673777180 165
1673777180 144
1673777180 190
1673777180 166
1673777180 119
1673777181 142
1673777182 188
1673777182 181
1673777182 198
1673777183 196
1673777183 106
1673777183 198
1673777184 194
1673777184 189
1673777184 175
1673777184 129
1673777184 157
1673777185 143
1673777185 117
1673777185 105
1673777185 188
1673777185 122
1673777186 187
1673777186 145
1673777186 158
1673777187 189
1673777187 157
1673777187 116
1673777187 127
1673777187 171
1673777188 150
1673777188 176
1673777188 192
1673777189 172
1673777189 192
1673777190 132
1673777190 150
1673777190 138
1673777191 186
1673777191 159
1673777191 116
1673777191 192
1673777192 106
1673777192 143
1673777192 162
1673777192 189
1673777193 180
1673777193 118
1673777193 181
1673777193 195
1673777194 169
1673777195 102
1673777195 186
1673777195 120
1673777195 108
1673777195 182
1673777196 140
1673777196 116
1673777196 164
1673777196 135
1673777197 144
1673777197 153
1673777197 104
1673777197 118
1673777198 198
1673777198 177
1673777199 102
1673777199 137
1673777199 196
1673777199 118
1673777199 110
1673777200 152
1673777201 107
1673777201 178
1673777202 199
1673777203 173
1673777203 199
1673777203 107
1673777203 181
1673777204 137
1673777204 176
1673777205 168
1673777205 194
1673777206 197
1673777206 104
1673777206 149
1673777206 185
1673777207 194
1673777207 143
1673777207 181
1673777207 176
1673777208 148
1673777208 176
1673777209 134
1673777209 197
1673777209 193
1673777210 115
1673777210 142
1673777210 114
1673777210 142
1673777211 184
1673777211 148
1673777211 175
1673777211 135
1673777211 140
1673777212 181
1673777213 104
1673777214 133
1673777214 185
1673777214 164
1673777215 195
1673777215 174
1673777216 200
1673777217 127
1673777217 145
1673777217 192
1673777217 163
1673777218 129
1673777219 191
1673777219 114
1673777219 154
1673777220 110
1673777220 188
1673777221 181
1673777221 197
1673777221 137
1673777221 133
1673777221 110
1673777222 191
1673777222 103
1673777222 164
1673777224 171
1673777224 129
1673777225 136
1673777226 171
1673777226 111
1673777226 111
1673777226 140
1673777227 112
1673777228 111
1673777229 114
1673777229 175
1673777229 158
1673777229 185
1673777229 124
1673777229 200
1673777232 171
1673777233 154
1673777233 120
1673777233 116
1673777234 158
1673777234 136
1673777235 195
1673777238 161
1673777238 147
1673777238 125
1673777238 142
1673777239 108
1673777239 160
1673777240 137
1673777240 177
1673777240 170
1673777241 125
1673777242 142
1673777243 170
1673777243 152
1673777243 143
1673777244 105
1673777244 162
1673777245 118
1673777247 191
1673777247 195
1673777247 142
1673777248 122
1673777248 159
1673777249 185
1673777249 128
1673777249 101
1673777250 173
1673777250 123
1673777250 160
1673777251 145
1673777252 164
1673777252 200
1673777252 153
1673777254 175
1673777255 112
1673777255 146
1673777255 118
1673777255 180
1673777255 193
1673777255 141
1673777256 179
1673777256 193
1673777256 121
1673777257 156
1673777257 144
1673777257 186
1673777258 163
1673777258 198
1673777258 134
1673777259 122
1673777259 182
1673777260 186
1673777260 167
1673777260 141
1673777260 104
1673777261 126
1673777261 110
1673777261 179
1673777261 130
1673777262 156
1673777262 183
1673777262 187
1673777262 142
1673777262 180
1673777262 147
1673777262 148
1673777263 107
1673777263 182
1673777263 191
1673777264 176
1673777264 117
1673777265 153
1673777265 181
1673777265 117
1673777265 107
1673777266 102
1673777266 141
1673777267 184
1673777267 193
1673777267 189
1673777267 171
1673777267 164
1673777268 178
1673777268 128
1673777268 185
1673777269 127
1673777269 156
1673777269 157
1673777269 117
1673777269 134
1673777269 156
1673777270 171
1673777270 141
1673777271 169
1673777272 198
1673777272 183
1673777272 178
1673777273 134
1673777273 105
1673777273 114
1673777273 139
1673777274 127
1673777275 168
1673777275 187
1673777276 189
1673777276 145
1673777277 123
1673777277 115
1673777277 120
1673777277 181
1673777277 200
1673777278 181
1673777278 177
1673777278 180
1673777278 157
1673777278 128
1673777278 174
1673777279 146
1673777280 108
1673777281 116
1673777281 139
1673777281 113
1673777282 184
1673777282 122
1673777282 136
1673777283 139
1673777284 167
1673777286 147
1673777287 103
1673777288 108
1673777288 180
1673777289 154
1673777289 123
1673777290 156
1673777290 199
1673777290 156
1673777291 178
1673777291 152
1673777292 154
1673777292 109
1673777293 163
1673777293 145
1673777294 197
1673777294 164
1673777295 175
1673777295 165
1673777295 123
1673777295 179
1673777295 199
1673777295 181
1673777295 169
1673777295 177
1673777296 108
1673777296 148
1673777297 127
1673777298 138
1673777298 199
1673777298 193
1673777299 134
1673777299 197
1673777299 115
1673777300 183
1673777300 146
1673777300 132
1673777301 182
1673777301 150
1673777302 101
1673777302 111
1673777302 181
1673777302 133
1673777302 140
1673777303 175
1673777303 109
1673777303 108
1673777304 182
1673777304 184
1673777304 181
1673777304 143
1673777305 186
1673777305 173
1673777306 137
1673777306 159
1673777306 182
1673777307 157
1673777307 109
1673777307 113
1673777307 122
1673777307 156
1673777308 168
1673777308 186
1673777309 148
1673777309 155
1673777309 178
1673777309 198
1673777310 161
1673777311 145
1673777311 191
1673777312 102
1673777312 134
1673777312 133
1673777313 185
1673777314 159
1673777314 178
1673777314 136
1673777314 192
1673777315 110
1673777315 193
1673777315 194
1673777316 186
1673777316 141
1673777317 134
1673777317 169
1673777317 194
1673777317 174
1673777317 142
1673777317 200
1673777318 136
1673777319 160
1673777319 166
1673777320 109
1673777320 173
1673777320 139
1673777320 115
1673777320 152
1673777320 151
1673777321 122
1673777321 161
1673777322 170
1673777322 151
1673777322 150
1673777323 149
1673777323 171
1673777323 105
1673777323 128
1673777323 140
1673777323 136
1673777323 115
1673777323 160
1673777324 188
1673777324 199
1673777324 155
1673777324 193
1673777324 200
1673777324 179
1673777325 186
1673777325 120
1673777325 163
1673777325 143
1673777325 141
1673777325 136
1673777325 105
1673777325 175
1673777326 130
1673777326 102
1673777327 149
1673777328 164
1673777328 107
1673777328 181
1673777329 181
1673777329 185
1673777329 158
1673777330 187
1673777330 116
1673777330 137
1673777331 101
1673777331 137
1673777331 187
1673777331 133
1673777332 198
1673777332 120
1673777332 148
1673777333 118
1673777333 120
1673777333 174
1673777333 185
1673777334 113
1673777334 181
1673777334 195
1673777335 127
1673777335 120
1673777335 111
1673777335 126
1673777336 164
1673777336 115
1673777336 107
1673777336 179
1673777336 121
1673777336 189
1673777336 130
1673777336 146
1673777337 200
1673777337 149
1673777337 152
1673777337 132
1673777337 101
1673777338 156
1673777338 126
1673777338 198
1673777339 132
1673777339 126
1673777340 197
1673777340 120
1673777341 168
1673777341 142
1673777342 156
1673777342 122
1673777342 194
1673777343 147
1673777343 199
1673777345 169
1673777345 108
1673777346 129
1673777346 196
1673777347 141
1673777347 116
1673777360 165
1673777361 154
1673777362 156
1673777363 197
1673777363 107
1673777363 109
1673777363 101
1673777363 192
1673777363 143
1673777364 186
1673777364 176
1673777365 200
1673777365 134
1673777366 108
1673777367 110
1673777367 144
1673777367 195
1673777367 146
1673777367 152
1673777368 174
1673777368 192
1673777369 110
1673777369 183
1673777369 131
1673777369 177
1673777369 192
1673777369 133
1673777369 134
1673777370 108
1673777370 128
1673777371 178
1673777371 112
1673777371 151
1673777371 118
1673777372 159
1673777372 185
1673777372 138
1673777372 193
1673777372 122
1673777373 193
1673777374 194
1673777374 169
1673777374 113
1673777374 117
1673777374 149
1673777374 110
1673777375 156
1673777375 194
1673777375 200
1673777376 155
1673777376 166
1673777376 171
1673777376 123
1673777376 161
1673777377 107
1673777377 155
1673777377 135
1673777377 105
1673777377 159
1673777378 187
1673777378 177
1673777378 147
1673777378 197
1673777379 150
1673777379 118
1673777379 151
1673777380 154
1673777380 177
1673777381 101
1673777381 176
1673777382 168
1673777382 136
1673777383 183
1673777383 115
1673777383 115
1673777383 150
1673777384 126
1673777384 167
1673777384 161
1673777384 137
1673777385 185
1673777385 124
1673777385 126
1673777385 143
1673777386 102
1673777387 200
1673777387 152
1673777388 199
1673777388 117
1673777389 186
1673777389 186
1673777391 121
1673777392 165
1673777392 178
1673777392 195
1673777393 161
1673777394 123
1673777394 161
1673777395 143
1673777395 108
1673777395 121
1673777396 133
1673777396 184
1673777396 122
1673777397 180
1673777397 133
1673777397 167
1673777398 175
1673777398 193
1673777398 163
1673777398 103
1673777398 153
1673777398 185
1673777398 109
1673777398 153
1673777399 189
1673777400 129
1673777400 102
1673777401 192
1673777401 174
1673777401 112
1673777402 168
1673777402 196
1673777402 108
1673777402 167
1673777403 197
1673777403 192
1673777403 136
1673777403 167
1673777404 137
1673777404 105
1673777405 138
1673777405 168
1673777405 155
1673777406 191
1673777406 170
1673777406 104
1673777406 149
1673777407 165
1673777408 199
1673777408 123
1673777408 141
1673777409 160
1673777409 179
1673777410 134
1673777410 170
1673777411 177
1673777411 161
1673777411 174
1673777411 186
1673777412 167
1673777412 103
1673777413 121
1673777413 137
1673777413 157
1673777413 124
1673777413 175
1673777414 199
1673777414 142
1673777414 135
1673777415 182
1673777415 104
1673777416 164
1673777416 129
1673777416 126
1673777417 182
1673777417 186
1673777417 102
1673777418 132
1673777418 178
1673777419 173
1673777419 194
1673777419 173
1673777419 160
1673777420 160
1673777420 184
1673777420 193
1673777420 163
1673777420 160
1673777420 165
1673777421 127
1673777421 165
1673777421 177
1673777421 136
1673777423 111
1673777424 150
1673777424 126
1673777424 112
1673777425 194
1673777426 121
1673777426 156
1673777427 139
1673777427 135
1673777427 196
1673777427 109
1673777427 155
1673777427 147
1673777427 183
1673777427 153
1673777428 156
1673777428 188
1673777428 164
1673777428 170
1673777428 175
1673777429 193
1673777430 187
1673777431 174
1673777431 106
1673777432 121
1673777432 175
1673777432 102
1673777433 152
1673777433 134
1673777433 130
1673777434 160
1673777434 124
1673777434 181
1673777434 114
1673777434 183
1673777434 180
1673777435 179
1673777436 176
1673777437 127
1673777437 110
1673777437 114
1673777437 150
1673777438 172
1673777438 105
1673777438 136
1673777438 162
1673777439 120
1673777439 148
1673777440 164
1673777441 130
1673777441 120
1673777442 110
1673777442 175
1673777442 180
1673777443 115
1673777443 123
1673777443 164
1673777443 117
1673777443 115
1673777443 170
1673777443 138
1673777444 183
1673777444 189
1673777444 182
1673777445 109
1673777446 109
1673777446 167
1673777446 195
1673777446 198
1673777446 161
1673777446 107
1673777447 131
1673777447 151
1673777447 157
1673777447 111
1673777447 101
1673777447 169
1673777448 144
1673777448 143
1673777449 161
1673777449 175
1673777449 128
1673777449 199
1673777449 199
1673777449 117
1673777450 128
1673777450 101
1673777450 195
1673777450 159
1673777450 181
1673777450 177
1673777450 165
1673777450 116
1673777451 107
1673777451 136
1673777451 139
1673777451 181
1673777451 169
1673777452 118
1673777452 107
1673777453 177
1673777453 126
1673777453 195
1673777454 154
1673777454 188
1673777454 102
1673777454 151
1673777454 120
1673777454 122
1673777454 177
1673777455 163
1673777455 141
1673777455 152
1673777456 101
1673777456 197
1673777458 174
1673777458 139
1673777458 161
1673777458 111
1673777458 197
1673777458 183
1673777459 163
1673777459 177
1673777460 162
1673777460 181
1673777461 173
1673777462 188
1673777462 111
1673777463 196
1673777464 169
1673777464 194
1673777464 136
1673777465 151
1673777465 175
1673777466 149
1673777466 170
1673777466 106
1673777466 155
1673777466 159
1673777467 106
1673777468 178
1673777468 169
1673777469 111
1673777469 117
1673777469 118
1673777469 132
1673777470 102
1673777470 177
1673777470 164
1673777470 154
1673777470 112
1673777470 145
1673777471 147
1673777471 195
1673777471 174
1673777471 104
1673777472 145
1673777472 116
1673777472 190
1673777472 157
1673777472 128
1673777472 175
1673777473 188
1673777474 117
1673777474 152
1673777475 150
1673777475 126
1673777475 160
1673777475 186
1673777476 172
1673777476 103
1673777476 113
1673777477 164
1673777477 170
1673777477 108
1673777477 183
1673777478 139
1673777478 164
1673777478 108
1673777479 117
1673777479 128
1673777480 162
1673777482 195
1673777482 134
1673777482 186
1673777482 158
1673777483 154
1673777484 119
1673777484 155
1673777484 174
1673777485 165
1673777485 181
1673777486 112
1673777486 177
1673777486 173
1673777487 104
1673777487 199
1673777487 149
1673777487 109
1673777488 135
1673777489 155
1673777489 125
1673777490 148
1673777490 124
1673777491 190
1673777491 179
1673777491 170
1673777492 181
1673777493 169
1673777493 122
1673777493 172
1673777494 137
1673777494 163
1673777495 166
1673777495 143
1673777496 192
1673777496 142
1673777496 178
1673777496 154
1673777497 142
1673777497 198
1673777497 147
1673777497 143
1673777497 192
1673777498 139
1673777498 145
1673777498 111
1673777500 144
1673777500 163
1673777501 106
1673777501 137
1673777501 112
1673777501 165
1673777502 140
1673777502 149
1673777502 126
1673777502 124
1673777503 150
1673777503 161
1673777504 140
1673777504 144
1673777504 110
1673777505 158
1673777505 132
1673777505 134
1673777505 157
1673777506 129
1673777507 174
1673777508 141
1673777509 189
1673777509 139
1673777509 151
1673777509 180
1673777509 193
1673777510 170
1673777511 162
1673777511 169
1673777512 114
1673777512 195
1673777512 137
1673777513 197
1673777513 175
1673777513 173
1673777514 161
1673777514 104
1673777515 192
1673777516 109
1673777517 107
1673777517 160
1673777517 118
1673777518 149
1673777518 131
1673777519 139
1673777519 155
1673777520 132
1673777520 132
1673777521 107
1673777521 189
1673777521 169
1673777521 151
1673777522 118
1673777522 160
1673777522 175
1673777522 109
1673777524 113
1673777524 176
1673777524 177
1673777526 152
1673777526 130
1673777527 150
1673777527 178
1673777527 108
1673777528 184
1673777528 172
1673777528 161
1673777528 147
1673777529 126
1673777529 105
1673777529 122
1673777529 180
1673777530 157
1673777530 110
1673777531 175
1673777531 155
1673777531 138
1673777531 162
1673777531 188
1673777532 126
1673777532 179
1673777532 149
1673777532 174
1673777532 141
1673777533 187
1673777533 165
1673777534 168
1673777535 136
1673777535 101
1673777536 117
1673777536 115
1673777536 125
1673777537 179
1673777537 180
1673777538 161
1673777538 120
1673777538 199
1673777538 168
1673777539 176
1673777540 152
1673777540 189
1673777542 104
1673777543 151
1673777543 153
1673777544 181
1673777544 113
1673777544 177
1673777545 102
1673777546 169
1673777546 111
1673777546 104
1673777547 118
1673777547 165
1673777547 173
1673777548 164
1673777548 121
1673777548 151
1673777548 200
1673777548 127
1673777549 179
1673777549 165
1673777549 174
1673777549 190
1673777549 138
1673777550 130
1673777551 186
1673777551 152
1673777551 117
1673777552 157
1673777553 121
1673777555 124
1673777555 116
1673777555 175
1673777556 175
1673777556 171
1673777556 189
1673777556 133
1673777556 189
1673777556 114
1673777556 139
1673777557 191
1673777557 171
1673777558 130
1673777558 184
1673777558 164
1673777559 121
1673777559 104
1673777559 119
1673777559 181
1673777559 130
1673777560 138
1673777560 144
1673777561 107
1673777561 116
1673777561 117
1673777561 119
1673777562 125
1673777562 123
1673777562 162
1673777562 125
1673777562 129
1673777563 179
1673777563 114
1673777563 112
1673777563 165
1673777564 183
1673777565 120
1673777565 145
1673777565 130
1673777566 173
1673777566 133
1673777566 141
1673777568 131
1673777568 125
1673777568 164
1673777569 164
1673777569 139
1673777570 106
1673777570 109
1673777570 151
1673777571 194
1673777571 110
1673777571 184
1673777571 117
1673777572 170
1673777572 193
1673777572 142
1673777572 101
1673777573 168
1673777573 113
1673777574 175
1673777575 195
1673777576 179
1673777576 113
1673777577 150
1673777577 145
1673777577 169
1673777578 149
1673777579 104
1673777579 150
1673777579 200
1673777579 152
1673777580 149
1673777581 159
1673777581 138
1673777581 123
1673777581 126
1673777582 186
1673777582 131
1673777583 199
1673777583 172
1673777584 134
1673777584 163
1673777584 111
1673777585 117
1673777585 151
1673777586 149
1673777586 140
1673777586 169
1673777587 186
1673777587 162
1673777588 174
1673777588 183
1673777588 149
1673777588 174
1673777589 103
1673777589 134
1673777589 111
1673777589 189
1673777589 159
1673777590 178
1673777591 171
1673777591 192
1673777591 155
1673777592 122
1673777592 166
1673777592 193
1673777593 110
1673777593 182
1673777593 158
1673777593 169
1673777595 126
1673777597 113
1673777597 167
1673777598 172
1673777598 125
1673777598 128
1673777598 117
1673777599 120
1673777599 195
1673777599 118
1673777599 118
1673777599 155
1673777600 167
1673777601 123
1673777601 143
1673777601 111
1673777601 122
1673777602 142
1673777602 164
1673777602 181
1673777603 133
1673777603 124
1673777604 133
1673777604 116
1673777604 166
1673777604 112
1673777604 196
1673777605 137
1673777606 158
1673777606 176
1673777606 149
1673777606 112
1673777607 169
1673777607 191
1673777607 128
1673777608 187
1673777608 163
1673777609 101
1673777609 180
1673777609 135
1673777609 142
1673777609 143
1673777610 117
1673777610 164
1673777611 168
1673777611 166
1673777612 142
1673777612 175
1673777612 183
1673777612 133
1673777612 126
1673777613 127
1673777613 200
1673777613 175
1673777614 131
1673777614 170
1673777614 175
1673777615 185
1673777615 199
1673777615 108
1673777616 128
1673777616 105
1673777616 173
1673777617 170
1673777617 139
1673777618 154
1673777618 180
1673777618 176
1673777618 152
1673777618 102
1673777619 107
1673777619 188
1673777620 173
1673777620 141
1673777621 104
1673777622 171
1673777622 189
1673777623 101
1673777623 121
1673777623 167
1673777623 172
1673777624 157
1673777624 121
1673777624 118
1673777625 133
1673777625 192
1673777625 115
1673777626 101
1673777627 200
1673777627 144
1673777628 113
1673777628 108
1673777628 124
1673777629 165
1673777629 137
1673777629 199
1673777629 159
1673777629 137
1673777631 133
1673777632 184
1673777633 114
1673777633 133
1673777633 161
1673777633 188
1673777633 194
1673777633 174
1673777634 152
1673777634 115
1673777635 172
1673777637 188
1673777637 121
1673777638 191
1673777639 142
1673777639 136
1673777639 168
1673777640 198
1673777640 188
1673777640 191
1673777640 160
1673777641 189
1673777641 177
1673777641 164
1673777642 118
1673777642 188
1673777642 115
1673777642 184
1673777642 152
1673777642 155
1673777643 168
1673777643 144
1673777644 163
1673777644 169
1673777645 144
1673777645 153
1673777645 177
1673777645 196
1673777646 130
1673777647 133
1673777650 145
1673777652 190
1673777652 109
1673777652 113
1673777652 117
1673777652 184
1673777653 177
1673777653 112
1673777657 120
1673777661 129
1673777661 104
1673777662 120
1673777663 129
1673777663 187
1673777665 167
1673777666 127
1673777666 165
1673777668 132
1673777669 180
1673777669 188
1673777669 115
1673777669 109
1673777670 198
1673777670 174
1673777672 143
1673777673 190
1673777673 125
1673777673 146
1673777673 167
1673777675 177
1673777675 198
1673777677 187
1673777679 189
1673777679 199
1673777679 183
1673777679 157
1673777681 109
1673777681 157
1673777681 191
1673777682 170
1673777682 155
1673777682 188
1673777683 166
1673777683 132
1673777683 111
1673777684 147
1673777684 177
1673777684 191
1673777684 123
1673777685 167
1673777686 179
1673777688 163
1673777688 133
1673777689 129
1673777689 143
1673777689 145
1673777689 157
1673777690 143
1673777690 186
1673777691 195
1673777691 196
1673777691 144
1673777692 194
1673777693 101
1673777693 137
1673777694 119
1673777694 151
1673777694 148
1673777695 111
1673777696 151
1673777696 181
1673777696 185
1673777697 199
1673777698 150
1673777698 167
1673777699 187
1673777699 117
1673777699 147
1673777699 167
1673777699 181
1673777700 128
1673777700 182
1673777700 115
1673777701 116
1673777701 107
1673777702 125
1673777702 126
1673777703 175
1673777703 194
1673777704 138
1673777704 138
1673777704 123
1673777705 151
1673777706 173
1673777708 180
1673777708 157
1673777717 156
1673777717 190
1673777717 148
1673777718 173
1673777718 110
1673777719 142
1673777719 133
1673777719 177
1673777719 178
1673777720 152
1673777721 105
1673777721 169
1673777721 103
1673777721 162
1673777721 140
1673777721 200
1673777722 113
1673777722 119
1673777722 119
1673777722 106
1673777723 107
1673777724 138
1673777724 180
1673777725 127
1673777726 185
1673777727 194
1673777727 139
1673777728 144
1673777728 146
1673777729 119
1673777729 126
1673777729 137
1673777730 140
1673777730 194
1673777730 133
1673777730 116
1673777731 108
1673777732 127
1673777732 179
1673777733 136
1673777733 107
1673777733 173
1673777733 147
1673777733 106
1673777733 117
1673777734 164
1673777734 144
1673777734 178
1673777735 137
1673777736 134
1673777736 110
1673777736 106
1673777736 161
1673777736 148
1673777736 148
1673777737 186
1673777737 180
1673777738 149
1673777739 173
1673777739 198
1673777739 132
1673777739 155
1673777739 124
1673777740 199
1673777741 177
1673777741 129
1673777742 110
1673777742 148
1673777742 149
1673777742 147
1673777742 119
1673777742 116
1673777742 173
1673777743 106
1673777743 193
1673777743 200
1673777743 190
1673777743 186
1673777744 132
1673777744 109
1673777745 143
1673777745 170
1673777745 108
1673777746 149
1673777746 172
1673777746 165
1673777746 168
1673777746 126
1673777747 145
1673777747 167
1673777748 180
1673777748 112
1673777748 179
1673777748 178
1673777749 159
1673777749 196
1673777749 116
1673777749 119
1673777750 138
1673777751 148
1673777751 101
1673777751 162
1673777751 119
1673777751 144
1673777751 192
1673777752 102
1673777752 120
1673777752 114
1673777752 176
1673777753 151
1673777754 179
1673777754 123
1673777754 135
1673777754 200
1673777754 116
1673777755 151
1673777755 181
1673777755 179
1673777755 136
1673777757 158
1673777757 133
1673777757 191
1673777757 104
1673777757 139
1673777758 123
1673777758 159
1673777759 126
1673777759 173
1673777759 187
1673777759 162
1673777759 194
1673777760 183
1673777760 172
1673777760 103
1673777761 152
1673777762 131
1673777762 107
1673777762 142
1673777763 109
1673777763 151
1673777763 105
1673777763 191
1673777763 171
1673777763 117
1673777765 196
1673777767 115
1673777775 200
1673777775 115
1673777777 121
1673777778 160
1673777781 108
1673777782 122
1673777782 186
1673777783 118
1673777786 163
1673777788 190
1673777788 133
1673777791 144
1673777798 170
1673777800 196
1673777800 142
1673777802 159
1673777804 128
1673777805 172
1673777805 178
1673777805 182
1673777805 190
1673777807 174
1673777808 192
1673777808 136
1673777810 146
1673777811 108
1673777813 199
1673777813 174
1673777817 123
1673777817 141
1673777817 144
1673777820 110
1673777821 114
1673777823 119
1673777832 120
1673777833 129
1673777833 156
1673777834 130
1673777834 107
1673777834 143
1673777834 107
1673777844 138
1673777844 106
1673777844 150
1673777846 145
1673777846 159
1673777847 117
1673777851 192
1673777853 190
1673777853 128
1673777853 179
1673777857 122
1673777857 139
1673777859 198
1673777866 191
1673777867 128
1673777867 177
1673777867 185
1673777868 191
1673777869 171
1673777869 129
1673777869 158
1673777871 188
1673777872 178
1673777872 191
1673777874 169
1673777875 104
1673777875 121
1673777876 139
1673777880 174
1673777883 182
1673777885 189
1673777891 181
1673777902 191
1673777902 178
1673777903 164
1673777903 157
1673777903 159
1673777905 126
1673777905 114
1673777908 113
1673777909 164
1673777909 177
1673777910 170
1673777910 162
1673777910 191
1673777911 168
1673777911 116
1673777913 180
1673777913 168
1673777914 101
1673777914 120
1673777914 170
1673777915 178
1673777916 171
1673777920 151
1673777920 167
1673777920 131
1673777921 161
1673777924 158
1673777924 190
1673777924 197
1673777925 198
1673777925 142
1673777925 178
1673777926 191
1673777927 176
1673777927 182
1673777927 173
1673777927 128
1673777929 148
1673777929 170
1673777929 102
1673777930 103
1673777932 133
1673777933 119
1673777935 159
1673777936 134
1673777937 153
1673777937 101
1673777938 123
1673777940 122
1673777941 196
1673777941 170
1673777943 167
1673777943 135
1673777944 137
1673777944 184
1673777945 173
1673777946 140
1673777947 116
1673777948 110
1673777948 199
1673777948 131
1673777948 160
1673777948 167
1673777953 156
1673777954 164
1673777954 153
1673777959 139
1673777963 130
1673777964 113
1673777965 151
1673777965 149
1673777965 152
1673777967 121
1673777967 127
1673777968 140
1673777968 106
1673777971 114
1673777972 145
1673777972 117
1673777973 155
1673777973 189
1673777977 125
1673777978 148
1673777978 179
1673777980 156
1673777982 124
1673777982 176
1673777983 130
1673777985 139
1673777985 175
1673777986 172
1673777986 134
1673777987 182
1673777988 188
1673777996 178
1673777996 166
1673777996 162
1673777999 187
1673778005 187
1673778005 142
1673778008 121
1673778009 173
1673778009 112
1673778010 108
1673778010 172
1673778010 143
1673778011 101
1673778012 194
1673778016 198
1673778017 102
1673778017 103
1673778018 175
1673778018 113
1673778018 185
1673778019 124
1673778020 131
1673778021 128
1673778026 181
1673778026 195
1673778026 163
1673778027 176
1673778027 156
1673778027 134
1673778027 108
1673778030 130
1673778030 189
1673778030 118
1673778034 136
1673778034 167
1673778034 172
1673778037 124
1673778038 188
1673778043 197
1673778043 188
1673778043 117
1673778048 176
1673778056 103
1673778056 133
1673778063 104
1673778063 137
1673778064 119
1673778065 163
1673778067 109
1673778068 173
1673778069 178
1673778071 124
1673778071 111
1673778076 132
1673778077 159
1673778077 105
1673778080 161
1673778082 104
1673778083 150
1673778084 105
1673778086 161
1673778086 107
1673778094 157
1673778094 164
1673778094 192
1673778095 106
1673778100 173
1673778100 116
1673778101 133
1673778101 178
1673778102 102
1673778105 129
1673778105 111
1673778107 101
1673778108 101
1673778112 117
1673778119 104
1673778122 166
1673778123 178
1673778123 171
1673778124 197
1673778126 161
1673778127 161
1673778128 127
1673778129 197
1673778130 163
1673778130 188
1673778130 131
1673778131 190
1673778139 194
1673778139 175
1673778139 119
1673778139 112
1673778140 185
1673778144 169
1673778147 101
1673778147 119
1673778148 183
1673778160 159
1673778160 128
1673778160 170
1673778161 143
1673778162 169
1673778163 166
1673778164 200
1673778165 168
1673778165 117
1673778167 190
1673778168 158
1673778168 164
1673778170 156
1673778170 119
1673778171 130
1673778171 130
1673778171 136
1673778176 163
1673778177 187
1673778180 152
1673778188 127
1673778190 130
1673778195 187
1673778195 197
1673778197 115
1673778197 146
1673778199 149
1673778199 112
1673778199 163
1673778199 126
1673778201 134
1673778201 147
1673778203 118
1673778204 113
1673778206 200
1673778207 167
1673778207 172
1673778208 150
1673778210 145
1673778210 132
1673778212 172
1673778212 119
1673778212 159
1673778214 133
1673778214 192
1673778215 102
1673778216 149
1673778216 171
1673778216 147
1673778216 118
1673778217 166
1673778217 136
1673778218 126
1673778219 154
1673778224 155
1673778225 152
1673778227 107
1673778227 124
1673778227 154
1673778228 118
1673778228 171
1673778228 152
1673778229 109
1673778229 144
1673778232 154
1673778232 131
1673778232 179
1673778233 123
1673778233 171
1673778234 194
1673778235 122
1673778235 140
1673778235 145
1673778236 166
1673778236 127
1673778236 179
1673778237 106
1673778237 145
1673778237 160
1673778237 173
1673778238 102
1673778238 123
1673778238 162
1673778240 191
1673778240 145
1673778241 177
1673778241 124
1673778241 188
1673778241 189
1673778242 107
1673778242 196
1673778243 106
1673778243 141
1673778243 135
1673778243 166
1673778243 153
1673778243 137
1673778243 197
1673778244 185
1673778244 183
1673778245 150
1673778245 133
1673778245 175
1673778245 106
1673778245 174
1673778245 168
1673778246 164
1673778246 146
1673778247 131
1673778247 154
1673778248 120
1673778248 143
1673778249 162
1673778249 172
1673778249 148
1673778249 128
1673778250 147
1673778251 134
1673778251 182
1673778251 104
1673778251 154
1673778252 113
1673778252 196
1673778253 134
1673778253 108
1673778254 181
1673778255 115
1673778255 104
1673778256 133
1673778256 122
1673778256 182
1673778256 105
1673778257 174
1673778258 170
1673778258 177
1673778258 146
1673778259 177
1673778259 159
1673778261 165
1673778261 164
1673778261 157
1673778262 161
1673778262 166
1673778262 159
1673778263 139
1673778263 128
1673778264 156
1673778264 110
1673778265 125
1673778265 167
1673778265 117
1673778265 144
1673778265 162
1673778266 188
1673778266 141
1673778266 172
1673778266 176
1673778267 112
1673778267 165
1673778267 141
1673778268 149
1673778268 179
1673778268 152
1673778269 144
1673778269 133
1673778269 170
1673778270 129
1673778270 172
1673778271 159
1673778271 157
1673778271 179
1673778272 134
1673778272 126
1673778272 129
1673778272 132
1673778272 132
1673778272 103
1673778273 194
1673778273 154
1673778274 152
1673778274 146
1673778274 193
1673778275 116
1673778275 187
1673778275 116
1673778276 106
1673778276 103
1673778276 118
1673778278 115
1673778279 185
1673778279 169
1673778280 172
1673778280 156
1673778280 115
1673778281 140
1673778281 141
1673778282 197
1673778282 141
1673778282 189
1673778282 127
1673778283 171
1673778283 185
1673778283 116
1673778284 196
1673778284 101
1673778285 130
1673778285 123
1673778286 126
1673778286 109
1673778287 179
1673778289 133
1673778289 118
1673778289 142
1673778290 187
1673778290 200
1673778290 189
1673778290 175
1673778290 122
1673778290 173
1673778291 155
1673778291 111
1673778291 104
1673778291 198
1673778291 136
1673778292 122
1673778293 123
1673778293 133
1673778295 186
1673778295 197
1673778295 147
1673778296 196
1673778296 200
1673778296 150
1673778296 159
1673778296 160
1673778297 139
1673778297 184
1673778298 149
1673778298 198
1673778299 119
1673778299 124
1673778300 166
1673778300 129
1673778300 159
1673778300 143
1673778301 161
1673778302 191
1673778302 155
1673778302 142
1673778302 111
1673778302 123
1673778303 105
1673778304 109
1673778305 102
1673778305 179
1673778306 200
1673778306 190
1673778306 134
1673778306 106
1673778306 192
1673778306 105
1673778306 120
1673778306 167
1673778306 108
1673778308 111
1673778308 131
1673778309 106
1673778310 189
1673778310 180
1673778311 143
1673778311 198
1673778313 151
1673778313 189
1673778313 190
1673778315 173
1673778316 180
1673778316 134
1673778316 178
1673778316 102
1673778317 151
1673778317 152
1673778317 194
1673778317 135
1673778318 155
1673778318 110
1673778319 117
1673778320 130
1673778320 154
1673778320 166
1673778321 132
1673778321 131
1673778321 170
1673778322 153
1673778323 174
1673778323 119
1673778324 182
1673778324 152
1673778324 171
1673778325 125
1673778325 108
1673778326 170
1673778326 132
1673778326 139
1673778327 134
1673778327 143
1673778327 116
1673778328 132
1673778328 130
1673778329 161
1673778329 105
1673778329 192
1673778329 177
1673778330 171
1673778330 141
1673778331 170
1673778331 153
1673778331 137
1673778332 137
1673778332 109
1673778332 103
1673778333 112
1673778333 138
1673778333 136
1673778333 112
1673778334 135
1673778334 174
1673778334 180
1673778335 157
1673778336 122
1673778336 170
1673778336 175
1673778337 116
1673778337 118
1673778338 166
1673778338 140
1673778338 122
1673778338 135
1673778339 110
1673778339 193
1673778339 180
1673778339 139
1673778340 174
1673778340 111
1673778341 117
1673778341 122
1673778341 110
1673778341 138
1673778343 178
1673778344 161
1673778344 133
1673778344 106
1673778344 168
1673778344 101
1673778344 115
1673778344 105
1673778345 167
1673778345 182
1673778345 116
1673778346 138
1673778346 143
1673778347 154
1673778347 172
1673778348 133
1673778350 130
1673778350 133
1673778351 119
1673778352 159
1673778352 166
1673778353 165
1673778353 126
1673778353 123
1673778354 192
1673778354 160
1673778355 166
1673778355 176
1673778355 140
1673778355 185
1673778355 117
1673778356 200
1673778356 123
1673778356 130
1673778356 133
1673778356 152
1673778356 171
1673778358 137
1673778358 146
1673778358 198
1673778359 146
1673778359 157
1673778359 186
1673778360 132
1673778360 114
1673778360 177
1673778360 148
1673778360 141
1673778361 124
1673778361 152
1673778362 126
1673778362 170
1673778362 122
1673778363 145
1673778363 102
1673778363 166
1673778363 145
1673778363 136
1673778365 106
1673778365 152
1673778365 127
1673778366 155
1673778366 190
1673778366 129
1673778366 167
1673778367 155
1673778367 179
1673778367 132
1673778367 144
1673778367 184
1673778368 164
1673778369 137
1673778370 171
1673778371 184
1673778371 145
1673778371 197
1673778371 125
1673778372 179
1673778372 187
1673778372 106
1673778373 162
1673778373 170
1673778373 103
1673778373 113
1673778374 146
1673778374 155
1673778374 186
1673778375 131
1673778375 194
1673778375 175
1673778376 152
1673778376 118
1673778377 148
1673778377 178
1673778377 161
1673778377 131
1673778378 168
1673778378 126
1673778379 133
1673778379 104
1673778379 184
1673778381 113
1673778381 164
1673778381 139
1673778383 197
1673778383 137
1673778383 103
1673778384 192
1673778385 115
1673778386 164
1673778387 153
1673778387 101
1673778387 133
1673778387 168
1673778387 127
1673778389 104
1673778389 199
1673778389 142
1673778389 156
1673778389 162
1673778390 169
1673778390 107
1673778390 107
1673778390 133
1673778390 181
1673778391 116
1673778391 110
1673778392 148
1673778392 165
1673778393 192
1673778393 113
1673778395 138
1673778395 103
1673778396 131
1673778396 198
1673778396 118
1673778396 161
1673778396 168
1673778396 106
1673778396 118
1673778396 162
1673778397 132
1673778397 134
1673778397 135
1673778398 145
1673778398 148
1673778398 129
1673778398 121
1673778399 154
1673778399 146
1673778399 110
1673778399 142
1673778399 187
1673778399 114
1673778401 165
1673778401 163
1673778401 153
1673778401 101
1673778401 143
1673778401 184
1673778402 155
1673778402 113
1673778402 131
1673778403 148
1673778403 189
1673778405 128
1673778406 134
1673778406 125
1673778407 162
1673778407 106
1673778407 165
1673778407 144
1673778407 163
1673778407 111
1673778407 140
1673778408 136
1673778408 163
1673778408 173
1673778408 109
1673778409 102
1673778409 115
1673778409 178
1673778409 112
1673778409 155
1673778409 142
1673778410 143
1673778410 192
1673778410 121
1673778410 127
1673778411 153
1673778412 109
1673778412 170
1673778412 193
1673778413 114
1673778413 156
1673778414 148
1673778415 122
1673778415 196
1673778415 113
1673778417 166
1673778417 135
1673778417 117
1673778419 142
1673778419 172
1673778419 192
1673778419 137
1673778419 109
1673778419 175
1673778420 111
1673778420 102
1673778421 158
1673778421 184
1673778421 111
1673778421 131
1673778422 125
1673778422 154
1673778423 134
1673778423 186
1673778423 123
1673778424 198
1673778424 166
1673778424 170
1673778424 127
1673778425 135
1673778425 186
1673778425 150
1673778426 200
1673778426 186
1673778426 133
1673778427 152
1673778428 199
1673778428 183
1673778428 114
1673778428 197
1673778428 156
1673778428 168
1673778429 164
1673778429 117
1673778430 124
1673778430 186
1673778431 193
1673778431 152
1673778432 177
1673778432 108
1673778433 141
1673778434 152
1673778435 190
1673778435 172
1673778435 197
1673778435 153
1673778435 191
1673778436 110
1673778437 101
1673778437 175
1673778437 171
1673778437 111
1673778437 149
1673778438 190
1673778438 200
1673778438 116
1673778439 107
1673778439 190
1673778439 169
1673778439 116
1673778439 112
1673778440 125
1673778440 182
1673778440 150
1673778441 133
1673778441 177
1673778441 137
1673778441 174
1673778441 151
1673778442 200
1673778442 183
1673778442 116
1673778444 179
1673778444 141
1673778444 197
1673778445 138
1673778445 188
1673778445 132
1673778445 137
1673778446 136
1673778446 171
1673778447 126
1673778447 156
1673778447 194
1673778447 199
1673778448 109
1673778448 122
1673778449 173
1673778449 183
1673778449 175
1673778449 182
1673778449 141
1673778449 197
1673778450 147
1673778450 142
1673778450 186
1673778451 185
1673778451 171
1673778452 151
1673778453 168
1673778453 183
1673778453 132
1673778453 159
1673778453 128
1673778453 126
1673778453 152
1673778454 194
1673778454 140
1673778455 185
1673778455 113
1673778456 187
1673778456 135
1673778456 200
1673778456 167
1673778457 104
1673778457 150
1673778457 127
1673778457 174
1673778458 195
1673778458 187
1673778458 102
1673778458 127
1673778458 192
1673778459 139
1673778459 123
1673778459 159
1673778459 153
1673778459 160
1673778460 131
1673778460 167
1673778461 173
1673778461 158
1673778461 160
1673778462 150
1673778462 184
1673778463 133
1673778464 136
1673778464 190
1673778464 190
1673778465 172
1673778465 128
1673778465 151
1673778466 160
1673778467 147
1673778469 145
1673778471 191
1673778471 154
1673778471 150
1673778471 131
1673778472 132
1673778472 162
1673778472 137
1673778474 197
1673778474 120
1673778474 127
1673778474 116
1673778474 182
1673778475 120
1673778475 191
1673778476 193
1673778476 115
1673778476 146
1673778476 104
1673778476 171
1673778477 153
1673778477 195
1673778477 129
1673778477 165
1673778478 153
1673778478 132
1673778479 194
1673778479 176
1673778479 166
1673778479 140
1673778480 169
1673778480 175
1673778480 145
1673778481 131
1673778481 147
1673778482 194
1673778482 199
1673778483 153
1673778483 179
1673778484 146
1673778484 178
1673778484 149
1673778485 145
1673778485 175
1673778486 162
1673778486 158
1673778486 166
1673778486 105
1673778486 113
1673778486 166
1673778486 146
1673778486 127
1673778487 166
1673778487 126
1673778487 146
1673778488 102
1673778488 154
1673778489 137
1673778489 125
1673778489 128
1673778489 127
1673778490 188
1673778490 123
1673778490 122
1673778491 166
1673778491 157
1673778491 191
1673778491 136
1673778491 165
1673778491 200
1673778492 172
1673778492 198
1673778493 141
1673778493 121
1673778493 163
1673778493 116
1673778493 104
1673778494 128
1673778494 156
1673778494 114
1673778495 198
1673778495 146
1673778495 198
1673778496 111
1673778496 121
1673778497 111
1673778498 114
1673778498 182
1673778498 183
1673778498 115
1673778498 150
1673778499 172
1673778499 133
1673778499 186
1673778499 140
1673778500 163
1673778500 134
1673778500 160
1673778501 144
1673778501 140
1673778501 124
1673778501 110
1673778502 117
1673778502 199
1673778502 121
1673778502 191
1673778503 170
1673778503 186
1673778503 102
1673778504 109
1673778504 185
1673778505 179
1673778505 138
1673778505 116
1673778506 137
1673778506 157
1673778507 154
1673778507 167
1673778508 171
1673778508 155
1673778508 129
1673778508 110
1673778510 167
1673778511 162
1673778511 185
1673778511 159
1673778511 112
1673778512 188
1673778512 141
1673778513 168
1673778513 200
1673778514 114
1673778514 188
1673778514 148
1673778515 170
1673778515 175
1673778515 105
1673778515 195
1673778515 111
1673778515 183
1673778515 141
1673778515 192
1673778515 121
1673778516 110
1673778517 154
1673778517 138
1673778517 115
1673778517 126
1673778517 102
1673778518 154
1673778519 169
1673778519 168
1673778520 168
1673778521 187
1673778521 167
1673778521 162
1673778521 148
1673778522 192
1673778522 132
1673778522 110
1673778522 113
1673778523 155
1673778523 166
1673778524 127
1673778524 179
1673778524 189
1673778524 117
1673778525 144
1673778525 115
1673778525 129
1673778526 126
1673778526 113
1673778527 143
1673778527 184
1673778528 172
1673778528 112
1673778528 121
1673778529 118
1673778529 158
1673778529 102
1673778529 101
1673778529 142
1673778529 156
1673778530 130
1673778530 174
1673778531 200
1673778531 191
1673778531 178
1673778532 135
1673778532 111
1673778532 135
1673778532 138
1673778534 161
1673778534 104
1673778535 172
1673778535 133
1673778536 192
1673778536 114
1673778536 199
1673778537 137
1673778537 196
1673778537 163
1673778537 182
1673778538 192
1673778538 118
1673778538 163
1673778538 106
1673778538 112
1673778539 108
1673778539 196
1673778539 143
1673778540 143
1673778540 162
1673778540 145
1673778540 133
1673778540 151
1673778541 195
1673778542 183
1673778542 141
1673778542 102
1673778542 126
1673778543 122
1673778543 120
1673778543 132
1673778543 115
1673778544 179
1673778544 198
1673778545 108
1673778547 179
1673778548 135
1673778548 125
1673778550 138
1673778550 137
1673778550 180
1673778550 156
1673778550 138
1673778550 163
1673778551 154
1673778551 110
1673778552 162
1673778552 167
1673778552 192
1673778552 135
1673778552 134
1673778552 131
1673778553 104
1673778553 112
1673778553 185
1673778555 195
1673778555 125
1673778555 108
1673778556 157
1673778556 196
1673778557 116
1673778557 123
1673778557 146
1673778557 153
1673778558 182
1673778558 131
1673778558 157
1673778559 149
1673778559 194
1673778559 108
1673778559 115
1673778560 165
1673778560 134
1673778561 135
1673778561 118
1673778561 111
1673778561 178
1673778561 135
1673778561 175
1673778561 131
1673778562 164
1673778562 110
1673778562 147
1673778562 183
1673778562 178
1673778563 165
1673778563 126
1673778563 116
1673778563 119
1673778564 124
1673778564 180
1673778564 160
1673778565 191
1673778565 128
1673778565 200
1673778566 142
1673778567 170
1673778567 106
1673778567 102
1673778567 162
1673778567 106
1673778568 141
1673778569 108
1673778569 124
1673778569 103
1673778570 111
1673778570 180
1673778570 127
1673778570 117
1673778570 144
1673778571 181
1673778571 117
1673778572 173
1673778572 191
1673778572 104
1673778573 171
1673778573 101
1673778573 187
1673778574 165
1673778574 156
1673778574 185
1673778575 151
1673778576 133
1673778576 164
1673778577 108
1673778578 121
1673778578 160
1673778578 187
1673778579 168
1673778579 106
1673778579 120
1673778579 123
1673778579 107
1673778579 177
1673778580 170
1673778581 181
1673778582 188
1673778582 138
1673778582 122
1673778582 103
1673778582 144
1673778583 121
1673778583 153
1673778583 190
1673778583 139
1673778584 166
1673778584 167
1673778585 152
1673778585 103
1673778585 123
1673778586 161
1673778586 137
1673778586 103
1673778586 135
1673778586 109
1673778588 136
1673778588 123
1673778589 109
1673778589 122
1673778589 183
1673778589 140
1673778590 136
1673778590 199
1673778590 200
1673778590 110
1673778591 117
1673778592 104
1673778592 135
1673778593 171
1673778594 142
1673778594 105
1673778594 131
1673778595 155
1673778595 164
1673778595 110
1673778595 161
1673778596 158
1673778596 173
1673778596 187
1673778596 197
1673778597 111
1673778597 148
1673778597 103
1673778597 199
1673778598 109
1673778599 144
1673778599 192
1673778601 114
1673778601 129
1673778601 183
1673778602 166
1673778602 142
1673778602 151
1673778602 174
1673778602 105
1673778602 179
1673778602 126
1673778603 181
1673778603 105
1673778603 106
1673778603 104
1673778604 166
1673778604 173
1673778604 125
1673778604 178
1673778604 181
1673778605 158
1673778605 136
1673778605 117
1673778605 124
1673778607 160
1673778607 123
1673778607 192
1673778607 166
1673778608 198
1673778608 107
1673778608 181
1673778608 195
1673778608 191
1673778609 117
1673778609 117
1673778609 154
1673778609 128
1673778609 136
1673778610 170
1673778610 197
1673778610 141
1673778610 131
1673778610 121
1673778610 141
1673778610 156
1673778610 155
1673778610 134
1673778611 161
1673778611 128
1673778612 141
1673778612 197
1673778612 175
1673778613 157
1673778613 125
1673778614 151
1673778614 195
1673778614 105
1673778614 156
1673778615 169
1673778616 147
1673778616 134
1673778616 146
1673778617 137
1673778617 127
1673778618 171
1673778618 184
1673778619 197
1673778619 154
1673778620 199
1673778620 156
1673778621 142
1673778621 143
1673778622 180
1673778622 180
1673778622 108
1673778622 135
1673778622 147
1673778622 150
1673778622 161
1673778623 104
1673778623 104
1673778623 126
1673778624 157
1673778624 185
1673778624 174
1673778626 107
1673778626 106
1673778627 153
1673778627 142
1673778628 179
1673778628 153
1673778628 121
1673778628 141
1673778629 132
1673778630 146
1673778632 119
1673778632 156
1673778633 180
1673778633 143
1673778633 105
1673778634 141
1673778635 104
1673778635 181
1673778635 134
1673778635 150
1673778635 198
1673778637 198
1673778637 142
1673778637 164
1673778637 125
1673778639 147
1673778639 181
1673778639 191
1673778639 106
1673778639 145
1673778640 182
1673778640 183
1673778640 113
1673778640 113
1673778641 154
1673778641 157
1673778641 200
1673778641 110
1673778641 153
1673778641 125
1673778642 158
1673778642 113
1673778642 127
1673778642 171
1673778642 151
1673778643 166
1673778643 186
1673778644 128
1673778644 140
1673778644 115
1673778644 193
1673778644 176
1673778644 105
1673778644 193
1673778645 126
1673778645 184
1673778645 126
1673778645 145
1673778645 159
1673778645 102
1673778646 139
1673778646 168
1673778646 175
1673778647 130
1673778647 163
1673778647 104
1673778647 122
1673778648 155
1673778648 125
1673778649 141
1673778649 126
1673778649 135
1673778650 179
1673778651 106
1673778651 146
1673778651 166
1673778651 104
1673778652 123
1673778652 170
1673778653 103
1673778653 196
1673778654 170
1673778654 126
1673778654 101
1673778655 179
1673778656 180
1673778656 132
1673778657 125
1673778657 122
1673778658 115
1673778658 168
1673778658 194
1673778659 115
1673778659 142
1673778660 178
1673778660 134
1673778661 104
1673778661 168
1673778662 162
1673778662 158
1673778662 108
1673778662 192
1673778662 126
1673778663 137
1673778663 162
1673778663 132
1673778663 143
1673778664 138
1673778665 181
1673778666 146
1673778667 126
1673778667 168
1673778667 171
1673778668 125
1673778669 187
1673778669 177
1673778670 163
1673778670 148
1673778670 123
1673778670 168
1673778671 151
1673778671 158
1673778672 124
1673778672 184
1673778673 132
1673778673 134
1673778674 180
1673778674 191
1673778674 194
1673778674 175
1673778675 103
1673778676 137
1673778677 191
1673778677 136
1673778677 166
1673778677 160
1673778677 165
1673778678 187
1673778678 190
1673778678 186
1673778678 150
1673778679 160
1673778679 167
1673778680 199
1673778681 198
1673778681 156
1673778682 145
1673778682 108
1673778683 190
1673778683 116
1673778684 183
1673778684 126
1673778685 115
1673778685 174
1673778685 120
1673778685 200
1673778686 167
1673778686 160
1673778687 163
1673778687 194
1673778688 146
1673778688 173
1673778688 131
1673778688 170
1673778689 106
1673778689 109
1673778689 138
1673778689 195
1673778689 120
1673778689 106
1673778690 123
1673778690 144
1673778690 198
1673778690 172
1673778690 112
1673778691 140
1673778691 200
1673778691 130
1673778692 133
1673778692 177
1673778692 144
1673778692 177
1673778693 168
1673778693 162
1673778693 128
1673778694 144
1673778694 186
1673778695 119
1673778696 166
1673778696 200
1673778697 131
1673778697 159
1673778698 163
1673778698 102
1673778699 185
1673778700 120
1673778700 200
1673778700 144
1673778701 192
1673778701 142
1673778701 141
1673778703 170
1673778703 117
1673778703 154
1673778703 109
1673778703 117
1673778704 191
1673778704 147
1673778705 181
1673778705 169
1673778706 156
1673778706 133
1673778706 184
1673778706 161
1673778706 128
1673778707 172
1673778707 194
1673778707 131
1673778708 196
1673778708 144
1673778708 139
1673778708 136
1673778709 104
1673778709 131
1673778709 149
1673778710 170
1673778710 135
1673778710 182
1673778710 170
1673778711 189
1673778711 154
1673778711 112
1673778711 145
1673778711 165
1673778711 143
1673778712 196
1673778712 109
1673778713 146
1673778713 165
1673778714 127
1673778714 124
1673778714 135
1673778714 104
1673778715 163
1673778715 157
1673778715 192
1673778715 143
1673778715 131
1673778716 117
1673778716 173
1673778717 130
1673778717 151
1673778717 167
1673778718 124
1673778719 178
1673778719 147
1673778719 119
1673778720 143
1673778720 140
1673778720 174
1673778720 144
1673778720 108
1673778720 104
1673778720 177
1673778721 194
1673778721 120
1673778721 133
1673778722 118
1673778723 182
1673778723 141
1673778723 132
1673778723 170
1673778723 167
1673778724 112
1673778724 126
1673778725 140
1673778725 131
1673778725 200
1673778725 108
1673778726 195
1673778726 180
1673778727 190
1673778727 167
1673778727 135
1673778727 104
1673778728 149
1673778728 183
1673778729 149
1673778729 198
1673778729 180
1673778730 114
1673778730 153
1673778730 138
1673778730 135
1673778730 179
1673778731 192
1673778731 103
1673778731 187
1673778731 161
1673778732 108
1673778732 123
1673778733 170
1673778733 170
1673778733 172
1673778734 140
1673778734 120
1673778734 144
1673778734 158
1673778735 164
1673778735 173
1673778735 169
1673778736 175
1673778736 140
1673778736 131
1673778736 104
1673778737 175
1673778737 165
1673778737 178
1673778737 123
1673778738 125
1673778739 113
1673778739 164
1673778740 144
1673778741 180
1673778742 143
1673778743 131
1673778744 114
1673778744 185
1673778745 131
1673778745 105
1673778746 155
1673778746 146
1673778746 109
1673778747 123
1673778747 111
1673778749 178
1673778749 165
1673778750 120
1673778750 117
1673778750 138
1673778752 177
1673778753 133
1673778753 102
1673778753 132
1673778753 128
1673778754 111
1673778754 195
1673778754 147
1673778754 104
1673778755 200
1673778755 172
1673778756 186
1673778756 164
1673778756 163
1673778756 160
1673778757 176
1673778757 145
1673778757 195
1673778757 198
1673778757 186
1673778758 186
1673778759 179
1673778759 151
1673778759 109
1673778760 119
1673778760 192
1673778760 171
1673778761 179
1673778761 170
1673778761 168
1673778762 185
1673778762 170
1673778763 131
1673778763 114
1673778764 115
1673778764 137
1673778764 188
1673778765 139
1673778765 161
1673778765 111
1673778765 126
1673778766 117
1673778766 144
1673778766 105
1673778766 132
1673778767 173
1673778767 131
1673778767 175
1673778768 160
1673778768 137
1673778769 122
1673778769 118
1673778769 119
1673778769 111
1673778770 170
1673778770 130
1673778770 127
1673778771 103
1673778772 135
1673778772 184
1673778773 188
1673778773 159
1673778773 101
1673778773 153
1673778774 158
1673778774 130
1673778775 182
1673778775 116
1673778776 153
1673778776 187
1673778776 129
1673778777 115
1673778778 126
1673778778 151
1673778779 200
1673778779 190
1673778779 103
1673778779 191
1673778779 147
1673778780 164
1673778780 193
1673778780 141
1673778780 166
1673778780 112
1673778780 121
1673778780 161
1673778782 167
1673778782 167
1673778782 131
1673778783 118
1673778783 116
1673778783 173
1673778783 184
1673778783 180
1673778784 160
1673778784 148
1673778784 127
1673778785 177
1673778786 168
1673778786 175
1673778787 163
1673778787 159
1673778787 102
1673778787 172
1673778787 129
1673778788 136
1673778788 172
1673778788 200
1673778789 200
1673778789 181
1673778790 135
1673778790 187
1673778790 172
1673778791 117
1673778791 103
1673778791 169
1673778791 178
1673778792 122
1673778792 112
1673778793 177
1673778793 183
1673778793 119
1673778793 123
1673778793 130
1673778794 155
1673778794 157
1673778795 174
1673778795 186
1673778795 181
1673778795 197
1673778795 190
1673778796 151
1673778796 131
1673778796 110
1673778796 193
1673778797 127
1673778797 197
1673778798 156
1673778799 171
1673778799 185
1673778799 157
1673778800 118
1673778800 192
1673778801 165
1673778802 188
1673778802 154
1673778802 115
1673778802 140
1673778802 139
1673778802 119
1673778802 116
1673778802 124
1673778802 184
1673778803 125
1673778803 131
1673778804 189
1673778804 152
1673778804 146
1673778804 144
1673778805 120
1673778805 142
1673778806 124
1673778807 138
1673778807 148
1673778807 186
1673778807 101
1673778808 131
1673778808 195
1673778808 181
1673778809 130
1673778809 149
1673778809 179
1673778810 186
1673778810 168
1673778810 187
1673778811 152
1673778812 199
1673778812 149
1673778812 118
1673778813 113
1673778814 129
1673778814 130
1673778815 172
1673778815 167
1673778816 156
1673778816 146
1673778816 124
1673778816 166
1673778816 133
1673778816 142
1673778817 137
1673778817 159
1673778817 124
1673778817 120
1673778817 127
1673778817 176
1673778818 151
1673778818 191
1673778818 141
1673778819 134
1673778819 147
1673778820 182
1673778821 143
1673778821 178
1673778821 117
1673778822 191
1673778822 191
1673778822 150
1673778823 179
1673778823 130
1673778824 148
1673778824 152
1673778825 174
1673778825 140
1673778826 194
1673778826 130
1673778826 128
1673778826 149
1673778827 123
1673778827 187
1673778827 134
1673778827 188
1673778828 124
1673778828 199
1673778829 192
1673778829 161
1673778829 124
1673778829 137
1673778830 156
1673778830 175
1673778830 161
1673778831 175
1673778831 186
1673778831 104
1673778831 153
1673778832 154
1673778832 145
1673778832 183
1673778833 103
1673778833 162
1673778834 176
1673778834 135
1673778834 123
1673778835 119
1673778835 200
1673778836 153
1673778836 127
1673778836 176
1673778836 146
1673778836 178
1673778836 186
1673778837 113
1673778837 149
1673778837 198
1673778838 168
1673778839 128
1673778840 157
1673778841 113
1673778842 182
1673778843 123
1673778843 158
1673778844 119
1673778845 148
1673778845 127
1673778846 173
1673778847 153
1673778847 108
1673778847 133
1673778847 150
1673778848 156
1673778848 109
1673778848 137
1673778848 171
1673778848 126
1673778848 135
1673778849 104
1673778851 132
1673778852 130
1673778852 142
1673778853 147
1673778854 148
1673778854 155
1673778854 117
1673778854 176
1673778855 131
1673778855 114
1673778856 150
1673778856 149
1673778856 189
1673778856 114
1673778856 139
1673778857 115
1673778857 138
1673778857 192
1673778858 120
1673778858 101
1673778858 150
1673778858 147
1673778858 157
1673778859 155
1673778860 136
1673778860 151
1673778860 151
1673778861 157
1673778861 114
1673778862 138
1673778862 149
1673778862 109
1673778863 179
1673778863 186
1673778863 191
1673778864 161
1673778864 136
1673778864 120
1673778865 131
1673778866 175
1673778867 101
1673778867 164
1673778867 149
1673778868 182
1673778869 191
1673778869 174
1673778869 125
1673778869 106
1673778869 137
1673778869 109
1673778869 173
1673778870 154
1673778870 138
1673778870 169
1673778870 115
1673778870 125
1673778870 125
1673778871 115
1673778872 176
1673778872 135
1673778872 104
1673778872 150
1673778873 137
1673778873 117
1673778873 148
1673778873 156
1673778873 147
1673778875 196
1673778875 199
1673778875 127
1673778875 131
1673778876 120
1673778876 161
1673778877 133
1673778877 140
1673778877 130
1673778878 111
1673778878 155
1673778878 183
1673778878 142
1673778880 169
1673778880 146
1673778881 119
1673778881 109
1673778882 104
1673778882 108
1673778882 130
1673778882 106
1673778882 182
1673778883 133
1673778883 177
1673778884 195
1673778884 180
1673778885 134
1673778885 103
1673778885 134
1673778885 150
1673778886 178
1673778886 145
1673778886 185
1673778887 145
1673778887 142
1673778888 109
1673778888 192
1673778888 139
1673778888 200
1673778888 109
1673778889 155
1673778889 168
1673778890 171
1673778890 103
1673778890 165
1673778891 101
1673778891 153
1673778891 127
1673778891 190
1673778891 125
1673778891 156
1673778892 113
1673778892 192
1673778893 200
1673778893 110
1673778894 151
1673778894 191
1673778894 155
1673778894 145
1673778895 130
1673778896 140
1673778896 138
1673778896 186
1673778896 146
1673778896 145
1673778897 104
1673778897 115
1673778897 145
1673778897 128
1673778898 101
1673778898 115
1673778898 132
1673778898 107
1673778898 164
1673778899 168
1673778900 120
1673778900 183
1673778901 180
1673778901 197
1673778902 193
1673778903 151
1673778903 105
1673778904 174
1673778904 111
1673778904 181
1673778904 162
1673778904 180
1673778904 181
1673778905 119
1673778905 130
1673778905 187
1673778905 154
1673778906 117
1673778907 134
1673778907 181
1673778907 159
1673778908 184
1673778908 109
1673778908 187
1673778908 164
1673778909 185
1673778909 196
1673778910 129
1673778910 139
1673778910 113
1673778910 195
1673778911 174
1673778911 148
1673778911 113
1673778911 143
1673778912 190
1673778912 172
1673778914 160
1673778914 171
1673778914 189
1673778915 196
1673778916 133
1673778916 122
1673778916 109
1673778917 102
1673778917 165
1673778917 122
1673778918 139
1673778918 164
1673778918 196
1673778918 157
1673778919 189
1673778919 111
1673778919 143
1673778919 107
1673778919 178
1673778920 125
1673778920 160
1673778921 135
1673778921 120
1673778921 155
1673778921 167
1673778922 147
1673778922 180
1673778923 132
1673778924 162
1673778924 114
1673778925 175
1673778925 173
1673778925 129
1673778927 191
1673778928 148
1673778928 154
1673778928 157
1673778928 139
1673778929 166
1673778929 134
1673778929 182
1673778930 161
1673778930 160
1673778930 184
1673778930 126
1673778931 180
1673778931 101
1673778931 109
1673778931 122
1673778932 145
1673778932 155
1673778933 161
1673778934 197
1673778934 137
1673778934 151
1673778934 169
1673778935 164
1673778935 166
1673778935 141
1673778936 113
1673778936 136
1673778936 141
1673778936 183
1673778937 172
1673778938 146
1673778938 174
1673778938 176
1673778939 158
1673778939 186
1673778940 108
1673778940 142
1673778940 159
1673778941 147
1673778941 138
1673778941 111
1673778941 150
1673778942 134
1673778942 196
1673778942 158
1673778942 196
1673778943 150
1673778943 108
1673778944 160
1673778944 155
1673778944 139
1673778944 161
1673778945 151
1673778946 194
1673778946 194
1673778946 112
1673778946 174
1673778946 154
1673778947 104
1673778948 102
1673778948 152
1673778949 127
1673778949 181
1673778949 163
1673778951 113
1673778951 166
1673778951 152
1673778952 105
1673778952 101
1673778953 159
1673778953 131
1673778953 123
1673778953 170
1673778954 149
1673778955 199
1673778955 185
1673778955 186
1673778955 132
1673778955 180
1673778955 141
1673778956 195
1673778957 170
1673778957 187
1673778958 104
1673778960 104
1673778961 134
1673778962 176
1673778962 128
1673778962 133
1673778962 110
1673778962 166
1673778963 165
1673778963 188
1673778964 160
1673778964 177
1673778964 139
1673778965 139
1673778965 124
1673778965 200
1673778965 184
1673778965 198
1673778965 144
1673778965 135
1673778966 117
1673778966 103
1673778967 171
1673778967 149
1673778967 125
1673778967 173
1673778967 175
1673778968 146
1673778968 192
1673778968 186
1673778968 175
1673778968 126
1673778969 148
1673778969 194
1673778970 111
1673778970 188
1673778970 178
1673778970 159
1673778970 156
1673778971 159
1673778972 163
1673778972 162
1673778972 172
1673778973 126
1673778973 157
1673778973 107
1673778974 159
1673778975 190
1673778976 151
1673778977 115
1673778978 190
1673778978 143
1673778978 150
1673778978 116
1673778978 158
1673778978 153
1673778979 192
1673778980 125
1673778980 147
1673778981 134
1673778982 121
1673778982 101
1673778982 174
1673778983 121
1673778983 134
1673778983 192
1673778984 175
1673778984 108
1673778984 167
1673778985 137
1673778985 151
1673778986 191
1673778986 199
1673778986 180
1673778987 193
1673778987 192
1673778987 106
1673778987 127
1673778987 132
1673778988 168
1673778988 127
1673778989 184
1673778989 192
1673778989 193
1673778989 192
1673778989 107
1673778990 168
1673778990 127
1673778990 164
1673778990 198
1673778990 101
1673778991 135
1673778992 110
1673778992 168
1673778992 141
1673778993 142
1673778993 193
1673778993 111
1673778993 170
1673778994 142
1673778994 120
1673778994 200
1673778994 155
1673778995 200
1673778995 126
1673778995 188
1673778996 108
1673778996 173
1673778996 167
1673778996 148
1673778997 199
1673778997 109
1673778997 128
1673778998 124
1673778998 101
1673778998 110
1673778998 163
1673778998 128
1673778999 112
1673778999 193
1673778999 143
1673779001 191
1673779001 191
1673779002 160
1673779002 174
1673779002 132
1673779002 144
1673779003 150
1673779004 118
1673779004 131
1673779005 185
1673779006 111
1673779006 125
1673779006 167
1673779006 186
1673779007 138
1673779007 157
1673779008 199
1673779008 169
1673779008 151
1673779009 191
1673779010 167
1673779010 102
1673779010 189
1673779012 147
1673779012 129
1673779012 144
1673779013 200
1673779013 159
1673779013 183
1673779013 148
1673779013 106
1673779013 178
1673779014 110
1673779015 144
1673779015 118
1673779016 190
1673779016 136
1673779016 178
1673779019 144
1673779019 173
1673779019 182
1673779019 111
1673779020 195
1673779020 197
1673779021 145
1673779021 101
1673779021 145
1673779021 110
1673779022 128
1673779022 120
1673779023 162
1673779023 106
1673779024 125
1673779024 188
1673779024 129
1673779024 168
1673779025 117
1673779025 137
1673779025 187
1673779025 122
1673779026 115
1673779026 185
1673779026 120
1673779026 107
1673779026 198
1673779027 182
1673779027 157
1673779027 141
1673779027 152
1673779027 194
1673779027 166
1673779028 176
1673779028 190
1673779028 150
1673779028 109
1673779028 136
1673779029 170
1673779030 143
1673779030 126
1673779030 133
1673779030 178
1673779030 195
1673779030 110
1673779031 176
1673779031 190
1673779031 141
1673779031 161
1673779031 115
1673779031 199
1673779032 116
1673779032 190
1673779033 131
1673779033 197
1673779034 187
1673779034 109
1673779034 173
1673779035 144
1673779035 141
1673779036 107
1673779038 114
1673779038 119
1673779038 197
1673779038 140
1673779039 155
1673779039 125
1673779040 179
1673779040 174
1673779041 147
1673779042 115
1673779043 174
1673779043 115
1673779043 108
1673779043 147
1673779044 145
1673779044 141
1673779044 190
1673779044 187
1673779044 159
1673779045 170
1673779045 137
1673779045 121
1673779047 117
1673779047 101
1673779048 106
1673779048 167
1673779048 196
1673779049 137
1673779049 196
1673779050 161
1673779050 105
1673779050 198
1673779051 112
1673779051 106
1673779052 125
1673779052 161
1673779052 124
1673779054 175
1673779054 195
1673779054 143
1673779055 110
1673779055 163
1673779055 148
1673779056 187
1673779056 128
1673779056 157
1673779056 102
1673779057 136
1673779057 175
1673779058 109
1673779059 154
1673779059 183
1673779060 161
1673779060 126
1673779060 169
1673779060 124
1673779061 132
1673779062 157
1673779062 141
1673779062 143
1673779062 106
1673779062 199
1673779063 170
1673779063 166
1673779063 130
1673779064 199
1673779064 112
1673779064 121
1673779064 189
1673779064 174
1673779064 133
1673779064 130
1673779065 198
1673779065 134
1673779066 199
1673779066 134
1673779066 134
1673779067 103
1673779067 104
1673779067 157
1673779068 123
1673779068 195
1673779068 111
1673779068 194
1673779068 200
1673779069 111
1673779069 146
1673779069 199
1673779070 184
1673779070 186
1673779070 144
1673779071 118
1673779071 112
1673779071 186
1673779072 116
1673779072 142
1673779072 195
1673779072 198
1673779072 140
1673779072 155
1673779073 150
1673779073 128
1673779073 141
1673779074 102
1673779074 108
1673779074 177
1673779075 137
1673779075 125
1673779075 167
1673779076 104
1673779076 181
1673779076 168
1673779077 139
1673779077 172
1673779077 121
1673779078 166
1673779079 130
1673779079 134
1673779079 111
1673779079 192
1673779079 133
1673779080 141
1673779080 164
1673779081 160
1673779081 162
1673779081 134
1673779082 180
1673779082 174
1673779082 191
1673779083 184
1673779083 135
1673779083 151
1673779084 120
1673779084 132
1673779084 181
1673779085 127
1673779086 174
1673779086 108
1673779086 181
1673779086 155
1673779086 190
1673779086 103
1673779088 127
1673779088 106
1673779088 146
1673779088 152
1673779088 118
1673779089 166
1673779089 193
1673779089 117
1673779090 165
1673779091 119
1673779091 191
1673779091 188
1673779091 196
1673779092 110
1673779093 170
1673779093 145
1673779093 154
1673779093 194
1673779093 162
1673779094 188
1673779094 159
1673779094 178
1673779095 163
1673779095 145
1673779095 158
1673779095 144
1673779095 152
1673779096 104
1673779096 154
1673779096 185
1673779096 198
1673779096 159
1673779096 143
1673779097 142
1673779097 123
1673779097 154
1673779097 144
1673779098 165
1673779098 165
1673779098 112
1673779099 174
1673779100 173
1673779101 187
1673779101 132
1673779103 149
1673779103 125
1673779103 123
1673779103 158
1673779103 115
1673779103 171
1673779104 177
1673779104 125
1673779104 108
1673779104 119
1673779105 152
1673779105 107
1673779105 148
1673779106 135
1673779106 162
1673779106 169
1673779106 123
1673779106 140
1673779107 178
1673779107 133
1673779107 160
1673779108 159
1673779108 116
1673779108 200
1673779108 121
1673779109 146
1673779109 139
1673779109 130
1673779109 159
1673779109 186
1673779109 148
1673779110 122
1673779110 109
1673779111 151
1673779111 156
1673779111 153
1673779111 171
1673779111 179
1673779112 129
1673779112 118
1673779113 123
1673779113 114
1673779113 120
1673779113 125
1673779113 151
1673779114 158
1673779114 161
1673779115 167
1673779115 109
1673779115 114
1673779115 196
1673779115 164
1673779116 129
1673779117 143
1673779118 126
1673779118 139
1673779119 184
1673779119 103
1673779120 170
1673779121 144
1673779121 158
1673779121 137
1673779121 152
1673779121 191
1673779121 163
1673779122 174
1673779122 127
1673779122 138
1673779122 199
1673779122 113
1673779122 174
1673779123 177
1673779123 129
1673779123 118
1673779123 145
1673779123 104
1673779124 144
1673779124 115
1673779124 117
1673779124 135
1673779125 182
1673779125 190
1673779125 194
1673779125 167
1673779125 157
1673779126 142
1673779126 138
1673779126 149
1673779126 145
1673779126 176
1673779126 112
1673779126 103
1673779127 112
1673779127 195
1673779128 150
1673779128 131
1673779128 187
1673779129 192
1673779130 173
1673779130 182
1673779130 169
1673779131 181
1673779131 191
1673779131 131
1673779131 148
1673779132 153
1673779132 138
1673779132 159
1673779133 144
1673779133 181
1673779134 172
1673779135 149
1673779135 131
1673779135 180
1673779137 101
1673779138 193
1673779138 193
1673779139 137
1673779139 137
1673779139 196
1673779140 153
1673779140 127
1673779140 147
1673779140 152
1673779141 112
1673779141 184
1673779141 119
1673779143 137
1673779144 103
1673779144 122
1673779144 194
1673779144 133
1673779144 120
1673779145 191
1673779145 160
1673779145 138
1673779146 118
1673779146 197
1673779146 136
1673779146 112
1673779146 158
1673779146 170
1673779147 183
1673779147 166
1673779147 164
1673779148 104
1673779148 135
1673779148 127
1673779148 168
1673779148 198
1673779148 155
1673779148 173
1673779149 102
1673779150 177
1673779152 146
1673779152 107
1673779152 179
1673779153 150
1673779153 121
1673779153 103
1673779153 122
1673779154 151
1673779154 152
1673779154 168
1673779155 104
1673779155 154
1673779155 171
1673779157 182
1673779157 198
1673779157 103
1673779157 171
1673779158 112
1673779158 142
1673779159 131
1673779159 141
1673779160 166
1673779160 110
1673779161 181
1673779161 149
1673779161 126
1673779164 133
1673779164 118
1673779164 200
1673779164 151
1673779165 165
1673779165 142
1673779167 184
1673779167 105
1673779167 142
1673779168 173
1673779169 163
1673779169 180
1673779169 136
1673779169 183
1673779169 148
1673779169 111
1673779170 128
1673779170 183
1673779171 104
1673779171 147
1673779172 146
1673779172 171
1673779173 169
1673779174 140
1673779174 143
1673779175 151
1673779175 164
1673779175 182
1673779176 110
1673779176 158
1673779176 200
1673779176 146
1673779177 136
1673779177 134
1673779178 136
1673779178 107
1673779178 152
1673779181 132
1673779181 122
1673779182 143
1673779182 145
1673779182 177
1673779182 172
1673779182 166
1673779182 171
1673779182 137
1673779183 163
1673779183 190
1673779183 131
1673779184 146
1673779184 181
1673779185 114
1673779185 122
1673779185 155
1673779186 139
1673779187 128
1673779187 183
1673779187 140
1673779187 198
1673779187 154
1673779188 188
1673779188 160
1673779188 108
1673779188 102
1673779189 198
1673779189 114
1673779190 159
1673779190 186
1673779190 159
1673779190 176
1673779191 106
1673779191 156
1673779191 118
1673779191 110
1673779191 156
1673779191 173
1673779195 150
1673779195 169
1673779196 133
1673779197 132
1673779197 128
1673779197 153
1673779198 164
1673779198 162
1673779198 175
1673779198 166
1673779199 117
1673779200 176
1673779200 101
1673779201 194
1673779201 107
1673779203 116
1673779203 150
1673779204 185
1673779204 141
1673779204 165
1673779204 127
1673779204 163
1673779205 177
1673779206 153
1673779206 166
1673779206 121
1673779207 142
1673779207 118
1673779208 193
1673779208 199
1673779209 177
1673779210 166
1673779210 148
1673779211 155
1673779211 164
1673779211 186
1673779211 150
1673779211 191
1673779211 130
1673779212 194
1673779213 105
1673779213 125
1673779213 185
1673779213 150
1673779213 148
1673779213 171
1673779213 134
1673779214 109
1673779214 185
1673779215 197
1673779215 113
1673779215 107
1673779216 197
1673779216 129
1673779217 149
1673779219 169
1673779220 106
1673779220 117
1673779221 119
1673779221 103
1673779221 156
1673779221 128
1673779222 124
1673779222 135
1673779222 188
1673779222 175
1673779222 171
1673779223 199
1673779223 175
1673779224 149
1673779224 134
1673779225 102
1673779226 190
1673779226 126
1673779226 139
1673779227 175
1673779227 132
1673779228 158
1673779229 143
1673779229 172
1673779229 165
1673779230 155
1673779230 152
1673779231 200
1673779231 131
1673779231 128
1673779232 167
1673779232 181
1673779232 101
1673779232 188
1673779234 164
1673779235 160
1673779235 145
1673779235 145
1673779235 192
1673779236 151
1673779236 160
1673779236 196
1673779237 109
1673779238 198
1673779238 122
1673779238 118
1673779239 134
1673779240 115
1673779240 187
1673779240 168
1673779240 127
1673779241 176
1673779241 156
1673779241 168
1673779241 183
1673779241 136
1673779242 172
1673779242 118
1673779242 189
1673779242 129
1673779242 184
1673779243 183
1673779243 187
1673779243 157
1673779243 187
1673779244 131
1673779244 132
1673779244 136
1673779244 114
1673779244 177
1673779245 164
1673779246 136
1673779246 195
1673779246 164
1673779246 116
1673779246 151
1673779247 106
1673779247 165
1673779247 165
1673779248 182
1673779248 185
1673779251 111
1673779251 184
1673779251 173
1673779252 101
1673779252 163
1673779252 199
1673779252 164
1673779253 130
1673779253 185
1673779253 179
1673779254 136
1673779254 199
1673779254 196
1673779254 186
1673779254 153
1673779254 175
1673779255 170
1673779255 192
1673779256 165
1673779256 150
1673779257 105
1673779257 193
1673779257 176
1673779257 182
1673779258 134
1673779258 161
1673779259 136
1673779259 145
1673779260 143
1673779260 172
1673779261 196
1673779261 163
1673779261 120
1673779262 185
1673779263 111
1673779263 143
1673779263 140
1673779264 155
1673779264 135
1673779264 129
1673779264 172
1673779264 164
1673779265 179
1673779265 136
1673779265 171
1673779265 192
1673779265 162
1673779266 127
1673779266 156
1673779266 132
1673779267 185
1673779267 170
1673779268 194
1673779268 176
1673779270 119
1673779271 131
1673779272 107
1673779272 190
1673779272 171
1673779272 155
1673779273 188
1673779273 189
1673779273 163
1673779273 128
1673779274 157
1673779274 172
1673779274 140
1673779274 180
1673779275 161
1673779275 165
1673779276 167
1673779276 149
1673779277 137
1673779278 150
1673779278 108
1673779278 101
1673779279 106
1673779280 118
1673779280 151
1673779280 177
1673779280 143
1673779281 171
1673779281 116
1673779281 102
1673779281 154
1673779282 145
1673779282 185
1673779283 143
1673779283 142
1673779284 162
1673779284 146
1673779284 180
1673779285 133
1673779286 122
1673779286 182
1673779287 137
1673779287 107
1673779288 180
1673779288 101
1673779288 101
1673779289 134
1673779289 127
1673779289 180
1673779289 183
1673779290 106
1673779290 101
1673779290 130
1673779291 180
