1673776802 121
1673776802 158
1673776805 199
1673776806 144
1673776806 133
1673776807 132
1673776807 198
1673776808 154
1673776809 171
1673776810 127
1673776811 190
1673776812 120
1673776813 131
1673776814 172
1673776815 165
1673776815 181
1673776815 170
1673776816 171
1673776816 107
1673776817 117
1673776818 155
1673776818 105
1673776818 106
1673776819 123
1673776819 164
1673776820 143
1673776821 152
1673776822 179
1673776822 188
1673776823 148
1673776824 167
1673776827 125
1673776827 129
1673776827 148
1673776829 119
1673776830 103
1673776830 169
1673776833 116
1673776833 139
1673776833 172
1673776833 194
1673776833 162
1673776834 120
1673776835 151
1673776836 183
1673776836 171
1673776836 150
1673776836 177
1673776838 135
1673776840 158
1673776841 154
1673776842 167
1673776842 115
1673776849 151
1673776849 190
1673776849 184
1673776849 199
1673776849 162
1673776853 191
1673776853 174
1673776853 141
1673776856 132
1673776857 180
1673776858 115
1673776861 165
1673776861 103
1673776861 120
1673776861 173
1673776861 163
1673776862 156
1673776862 191
1673776863 109
1673776863 116
1673776863 177
1673776863 106
1673776867 139
1673776867 165
1673776869 129
1673776871 151
1673776871 119
1673776872 119
1673776872 178
1673776872 172
1673776873 165
1673776873 186
1673776873 151
1673776875 142
1673776878 166
1673776878 160
1673776878 104
1673776878 136
1673776878 129
1673776879 128
1673776880 175
1673776880 120
1673776880 183
1673776880 170
1673776882 107
1673776882 147
1673776882 177
1673776883 113
1673776883 172
1673776885 156
1673776885 154
1673776885 166
1673776885 135
1673776885 150
1673776888 185
1673776888 158
1673776888 157
1673776890 147
1673776891 109
1673776892 125
1673776892 130
1673776892 132
1673776892 153
1673776893 184
1673776895 132
1673776897 101
1673776898 153
1673776898 139
1673776898 110
1673776899 114
1673776899 106
1673776899 150
1673776900 161
1673776900 192
1673776900 188
1673776901 143
1673776901 170
1673776901 192
1673776901 160
1673776901 173
1673776902 185
1673776903 125
1673776903 152
1673776903 113
1673776904 113
1673776904 138
1673776904 163
1673776904 138
1673776905 186
1673776905 185
1673776912 181
1673776912 141
1673776917 125
1673776920 165
1673776920 127
1673776922 122
1673776922 127
1673776923 154
1673776923 127
1673776924 120
1673776924 190
1673776925 128
1673776925 177
1673776925 149
1673776926 133
1673776926 151
1673776926 139
1673776927 196
1673776927 194
1673776927 196
1673776928 195
1673776929 124
1673776929 171
1673776929 174
1673776929 158
1673776929 109
1673776930 167
1673776931 168
1673776931 146
1673776932 193
1673776932 187
1673776932 124
1673776933 115
1673776933 197
1673776933 189
1673776933 101
1673776934 114
1673776934 126
1673776934 143
1673776934 198
1673776935 150
1673776935 165
1673776935 117
1673776935 131
1673776936 158
1673776937 160
1673776937 191
1673776937 189
1673776937 180
1673776938 166
1673776938 187
1673776939 110
1673776939 142
1673776941 174
1673776941 165
1673776941 129
1673776942 162
1673776943 163
1673776944 182
1673776945 174
1673776946 168
1673776947 153
1673776948 102
1673776949 160
1673776949 134
1673776949 106
1673776950 164
1673776950 118
1673776951 163
1673776951 111
1673776952 137
1673776952 186
1673776952 156
1673776952 181
1673776952 146
1673776953 189
1673776953 124
1673776954 126
1673776954 121
1673776954 168
1673776955 101
1673776955 196
1673776957 149
1673776957 160
1673776957 172
1673776958 106
1673776959 189
1673776959 114
1673776959 198
1673776960 164
1673776960 128
1673776960 108
1673776961 118
1673776961 146
1673776961 173
1673776961 188
1673776962 192
1673776962 187
1673776962 118
1673776962 108
1673776963 191
1673776964 107
1673776964 136
1673776964 137
1673776965 114
1673776966 101
1673776966 107
1673776967 133
1673776967 184
1673776967 195
1673776967 198
1673776968 121
1673776968 137
1673776969 136
1673776970 106
1673776971 124
1673776971 142
1673776972 115
1673776972 156
1673776972 143
1673776972 144
1673776972 137
1673776972 175
1673776973 166
1673776973 195
1673776973 184
1673776975 150
1673776975 180
1673776976 177
1673776977 148
1673776978 130
1673776978 174
1673776979 164
1673776979 133
1673776980 194
1673776981 174
1673776981 164
1673776981 176
1673776981 116
1673776981 118
1673776981 113
1673776982 149
1673776983 188
1673776983 139
1673776983 134
1673776985 192
1673776985 160
1673776985 197
1673776986 182
1673776986 165
1673776986 180
1673776986 132
1673776987 147
1673776987 120
1673776987 103
1673776988 173
1673776988 155
1673776990 143
1673776991 101
1673776991 130
1673776992 149
1673776992 104
1673776996 192
1673776996 106
1673776997 130
1673776997 117
1673776997 129
1673776997 179
1673776997 169
1673776998 152
1673776999 138
1673777002 123
1673777003 111
1673777003 200
1673777004 147
1673777004 121
1673777005 146
1673777006 182
1673777006 165
1673777006 182
1673777006 141
1673777006 129
1673777007 140
1673777007 168
1673777007 132
1673777008 178
1673777008 106
1673777008 119
1673777009 200
1673777009 157
1673777009 170
1673777011 183
1673777012 126
1673777012 149
1673777012 190
1673777012 111
1673777012 139
1673777012 156
1673777012 169
1673777013 118
1673777013 116
1673777013 118
1673777014 174
1673777015 105
1673777016 156
1673777017 159
1673777017 129
1673777018 181
1673777018 132
1673777018 150
1673777019 190
1673777019 195
1673777019 200
1673777019 189
1673777019 120
1673777020 104
1673777020 105
1673777020 194
1673777020 159
1673777020 172
1673777021 112
1673777021 191
1673777022 142
1673777022 123
1673777024 193
1673777024 149
1673777025 133
1673777025 144
1673777026 197
1673777026 103
1673777027 144
1673777027 198
1673777028 192
1673777028 124
1673777028 130
1673777029 134
1673777029 140
1673777029 145
1673777029 136
1673777030 196
1673777030 178
1673777030 124
1673777030 129
1673777031 159
1673777032 170
1673777032 173
1673777032 119
1673777032 193
1673777033 137
1673777033 136
1673777033 175
1673777034 177
1673777035 117
1673777035 161
1673777036 113
1673777036 104
1673777038 136
1673777038 145
1673777039 111
1673777039 134
1673777039 175
1673777039 111
1673777040 177
1673777040 112
1673777040 198
1673777041 170
1673777041 106
1673777041 117
1673777042 162
1673777043 194
1673777043 181
1673777044 199
1673777044 132
1673777044 177
1673777044 113
1673777045 115
1673777045 183
1673777045 185
1673777046 147
1673777046 165
1673777046 152
1673777046 101
1673777046 195
1673777046 178
1673777046 149
1673777047 174
1673777048 130
1673777048 169
1673777048 164
1673777048 115
1673777048 102
1673777048 136
1673777048 178
1673777049 183
1673777049 192
1673777050 163
1673777050 175
1673777050 147
1673777051 122
1673777052 178
1673777052 178
1673777052 109
1673777052 128
1673777052 152
1673777053 103
1673777053 189
1673777053 166
1673777053 169
1673777054 190
1673777054 116
1673777054 104
1673777054 155
1673777054 115
1673777054 110
1673777055 132
1673777055 178
1673777055 176
1673777056 146
1673777056 175
1673777057 198
1673777057 106
1673777058 154
1673777058 111
1673777058 174
1673777058 108
1673777058 137
1673777058 156
1673777059 185
1673777059 176
1673777059 173
1673777059 148
1673777059 112
1673777060 155
1673777060 111
1673777060 135
1673777061 120
1673777063 161
1673777063 139
1673777063 116
1673777063 119
1673777064 108
1673777064 122
1673777064 154
1673777065 144
1673777065 200
1673777065 113
1673777065 112
1673777066 159
1673777067 144
1673777068 121
1673777069 146
1673777069 159
1673777069 151
1673777070 151
1673777070 181
1673777070 148
1673777071 184
1673777071 193
1673777071 108
1673777071 111
1673777074 199
1673777075 145
1673777075 188
1673777076 170
1673777077 152
1673777077 133
1673777078 102
1673777078 154
1673777079 159
1673777079 144
1673777079 147
1673777079 124
1673777080 115
1673777080 154
1673777081 107
1673777081 194
1673777081 176
1673777081 119
1673777081 192
1673777081 180
1673777081 119
1673777082 172
1673777082 160
1673777082 140
1673777083 110
1673777083 179
1673777083 174
1673777084 166
1673777084 149
1673777085 154
1673777085 141
1673777085 180
1673777085 179
1673777085 177
1673777085 139
1673777086 102
1673777087 175
1673777087 161
1673777088 130
1673777089 180
1673777090 159
1673777090 172
1673777091 109
1673777091 127
1673777091 147
1673777091 135
1673777091 169
1673777092 168
1673777092 183
1673777092 191
1673777094 101
1673777095 139
1673777095 199
1673777095 142
1673777095 124
1673777095 104
1673777096 159
1673777096 193
1673777096 159
1673777096 196
1673777097 131
1673777097 169
1673777097 144
1673777098 103
1673777098 143
1673777099 192
1673777101 126
1673777101 139
1673777101 153
1673777101 131
1673777102 128
1673777102 150
1673777102 145
1673777102 149
1673777102 116
1673777104 179
1673777104 166
1673777104 125
1673777104 195
1673777104 127
1673777105 181
1673777105 148
1673777105 154
1673777106 107
1673777106 183
1673777106 194
1673777106 198
1673777107 114
1673777107 172
1673777108 163
1673777108 107
1673777108 114
1673777108 171
1673777109 143
1673777109 154
1673777110 165
1673777110 152
1673777110 199
1673777111 170
1673777111 131
1673777112 181
1673777112 182
1673777112 147
1673777113 191
1673777113 164
1673777113 137
1673777113 139
1673777113 197
1673777113 172
1673777114 171
1673777114 146
1673777114 181
1673777114 122
1673777115 109
1673777116 156
1673777117 193
1673777117 188
1673777117 134
1673777117 168
1673777118 114
1673777119 180
1673777119 159
1673777119 103
1673777119 188
1673777120 174
1673777120 150
1673777120 126
1673777120 179
1673777120 187
1673777121 147
1673777122 158
1673777122 175
1673777123 139
1673777123 193
1673777123 152
1673777123 179
1673777124 181
1673777124 157
1673777124 131
1673777124 145
1673777124 107
1673777124 146
1673777124 186
1673777124 119
1673777125 132
1673777126 151
1673777126 113
1673777126 163
1673777127 147
1673777127 182
1673777127 183
1673777128 122
1673777128 106
1673777128 187
1673777128 165
1673777128 173
1673777129 110
1673777129 117
1673777130 184
1673777130 116
1673777131 125
1673777131 141
1673777131 125
1673777131 121
1673777131 110
1673777132 188
1673777133 134
1673777134 159
1673777134 189
1673777134 145
1673777135 147
1673777135 169
1673777135 139
1673777136 190
1673777136 155
1673777136 181
1673777136 167
1673777136 102
1673777136 159
1673777137 200
1673777137 111
1673777137 121
1673777138 108
1673777138 118
1673777138 153
1673777138 108
1673777139 106
1673777139 101
1673777139 121
1673777139 129
1673777140 133
1673777140 117
1673777140 171
1673777140 194
1673777140 150
1673777140 192
1673777140 107
1673777141 143
1673777141 146
1673777142 162
1673777142 128
1673777142 116
1673777142 137
1673777143 169
1673777143 158
1673777143 155
1673777143 187
1673777143 107
1673777144 199
1673777144 191
1673777144 175
1673777145 159
1673777145 109
1673777145 189
1673777145 145
1673777146 155
1673777146 152
1673777147 182
1673777147 172
1673777147 187
1673777147 147
1673777147 125
1673777147 143
1673777148 191
1673777148 110
1673777148 129
1673777149 144
1673777150 108
1673777150 177
1673777150 168
1673777151 183
1673777152 103
1673777152 200
1673777152 105
1673777152 156
1673777152 157
1673777153 166
1673777153 180
1673777153 180
1673777154 166
1673777154 197
1673777154 168
1673777154 156
1673777155 162
1673777155 166
1673777155 196
1673777155 192
1673777156 197
1673777156 123
1673777156 182
1673777156 161
1673777157 130
1673777157 189
1673777157 198
1673777157 128
1673777157 142
1673777157 200
1673777158 184
1673777158 124
1673777159 158
1673777159 160
1673777159 164
1673777160 121
1673777161 110
1673777161 121
1673777161 131
1673777161 129
1673777161 128
1673777162 115
1673777162 194
1673777162 156
1673777163 154
1673777163 134
1673777163 101
1673777164 121
1673777164 188
1673777164 195
1673777164 153
1673777165 148
1673777165 186
1673777165 189
1673777165 180
1673777168 188
1673777168 190
1673777168 134
1673777169 105
1673777169 124
1673777169 107
1673777170 130
1673777170 189
1673777171 142
1673777171 104
1673777172 117
1673777172 106
1673777172 128
1673777172 142
1673777173 136
1673777174 116
1673777175 164
1673777175 122
1673777175 130
1673777175 181
1673777176 191
1673777176 137
1673777176 125
1673777178 184
1673777178 121
1673777178 121
1673777178 197
1673777178 159
1673777179 185
1673777179 173
1673777179 167
1673777179 176
1673777179 200
1673777179 162
1673777179 174
1673777180 150
1673777180 147
1673777180 197
1673777181 146
1673777181 132
1673777181 128
1673777181 200
1673777182 192
1673777182 101
1673777183 166
1673777183 153
1673777183 198
1673777184 128
1673777185 197
1673777185 106
1673777185 121
1673777186 186
1673777187 103
1673777188 161
1673777189 192
1673777189 157
1673777190 180
1673777190 108
1673777190 198
1673777190 192
1673777190 145
1673777191 140
1673777192 124
1673777192 160
1673777192 146
1673777193 156
1673777193 142
1673777193 101
1673777194 136
1673777194 186
1673777194 186
1673777194 117
1673777195 124
1673777195 115
1673777195 108
1673777196 165
1673777196 196
1673777197 115
1673777197 144
1673777198 174
1673777199 193
1673777199 129
1673777200 171
1673777200 169
1673777200 143
1673777201 114
1673777201 155
1673777201 109
1673777201 135
1673777201 107
1673777201 190
1673777202 156
1673777202 176
1673777202 167
1673777203 108
1673777204 150
1673777204 105
1673777204 173
1673777205 185
1673777205 191
1673777205 150
1673777205 165
1673777205 193
1673777206 154
1673777206 116
1673777206 124
1673777206 138
1673777207 141
1673777207 138
1673777207 115
1673777207 132
1673777207 130
1673777208 169
1673777208 102
1673777208 117
1673777208 140
1673777208 146
1673777209 163
1673777209 162
1673777209 142
1673777209 142
1673777210 134
1673777210 177
1673777211 138
1673777212 148
1673777212 200
1673777213 176
1673777213 124
1673777214 154
1673777214 175
1673777214 193
1673777214 126
1673777215 159
1673777215 149
1673777215 162
1673777215 163
1673777216 198
1673777217 146
1673777217 118
1673777217 194
1673777218 190
1673777218 192
1673777218 163
1673777218 145
1673777219 179
1673777219 141
1673777219 189
1673777219 176
1673777220 105
1673777220 142
1673777221 110
1673777221 196
1673777221 132
1673777222 186
1673777222 117
1673777222 146
1673777222 196
1673777223 164
1673777224 127
1673777225 120
1673777225 188
1673777225 186
1673777227 177
1673777228 130
1673777229 103
1673777229 165
1673777232 152
1673777233 149
1673777233 109
1673777233 147
1673777233 197
1673777233 135
1673777234 196
1673777234 158
1673777235 188
1673777235 195
1673777236 194
1673777236 132
1673777236 182
1673777236 136
1673777236 197
1673777237 194
1673777237 151
1673777238 108
1673777238 112
1673777239 159
1673777240 123
1673777240 141
1673777241 194
1673777242 108
1673777242 192
1673777243 132
1673777244 125
1673777245 176
1673777245 186
1673777245 156
1673777247 164
1673777247 160
1673777247 106
1673777247 176
1673777248 167
1673777249 138
1673777250 168
1673777251 136
1673777251 142
1673777251 110
1673777253 164
1673777253 108
1673777253 191
1673777253 111
1673777254 153
1673777254 178
1673777254 177
1673777254 159
1673777255 190
1673777255 109
1673777255 160
1673777255 185
1673777255 110
1673777256 176
1673777256 172
1673777256 152
1673777256 184
1673777257 182
1673777257 167
1673777257 155
1673777257 135
1673777258 148
1673777258 161
1673777258 189
1673777259 125
1673777259 148
1673777259 144
1673777260 102
1673777260 136
1673777261 141
1673777261 181
1673777261 113
1673777261 134
1673777261 139
1673777261 139
1673777262 195
1673777262 155
1673777262 189
1673777263 175
1673777263 108
1673777264 105
1673777264 185
1673777264 167
1673777265 123
1673777265 143
1673777265 160
1673777265 174
1673777266 145
1673777267 116
1673777267 195
1673777267 137
1673777268 170
1673777268 183
1673777268 179
1673777269 158
1673777270 122
1673777270 123
1673777270 160
1673777271 144
1673777272 118
1673777272 123
1673777272 109
1673777272 127
1673777273 169
1673777274 133
1673777274 156
1673777274 142
1673777274 113
1673777274 184
1673777275 116
1673777275 170
1673777275 159
1673777276 180
1673777277 149
1673777277 166
1673777278 177
1673777278 191
1673777278 181
1673777279 134
1673777279 141
1673777279 118
1673777279 149
1673777279 150
1673777280 126
1673777280 167
1673777280 110
1673777280 123
1673777280 181
1673777281 105
1673777281 187
1673777282 183
1673777282 153
1673777282 159
1673777283 148
1673777283 106
1673777283 154
1673777284 187
1673777284 144
1673777284 117
1673777284 186
1673777285 151
1673777285 195
1673777285 147
1673777285 173
1673777286 171
1673777286 184
1673777286 115
1673777286 154
1673777286 196
1673777286 116
1673777287 138
1673777288 177
1673777288 122
1673777288 190
1673777289 188
1673777289 182
1673777289 180
1673777289 156
1673777290 196
1673777291 135
1673777291 135
1673777292 152
1673777293 198
1673777293 108
1673777293 123
1673777293 199
1673777294 104
1673777294 181
1673777294 196
1673777295 130
1673777296 107
1673777296 123
1673777297 171
1673777297 189
1673777297 162
1673777298 184
1673777298 151
1673777298 162
1673777298 192
1673777299 141
1673777299 167
1673777299 101
1673777299 182
1673777300 115
1673777300 133
1673777300 176
1673777301 166
1673777301 170
1673777301 137
1673777301 102
1673777302 146
1673777303 180
1673777303 165
1673777303 112
1673777303 161
1673777304 198
1673777304 101
1673777304 160
1673777306 153
1673777307 130
1673777307 104
1673777308 179
1673777308 106
1673777308 101
1673777308 134
1673777309 108
1673777309 117
1673777309 118
1673777310 188
1673777310 192
1673777311 136
1673777311 191
1673777311 119
1673777311 107
1673777313 170
1673777313 105
1673777313 104
1673777313 105
1673777313 154
1673777313 170
1673777313 182
1673777313 175
1673777314 173
1673777315 167
1673777315 144
1673777315 136
1673777317 179
1673777317 177
1673777318 157
1673777318 113
1673777318 156
1673777318 119
1673777319 102
1673777319 186
1673777319 111
1673777319 194
1673777319 184
1673777319 171
1673777319 128
1673777319 137
1673777320 158
1673777320 181
1673777320 162
1673777320 123
1673777321 140
1673777321 163
1673777321 185
1673777321 113
1673777322 155
1673777322 186
1673777322 131
1673777322 172
1673777323 164
1673777323 108
1673777323 150
1673777324 176
1673777324 105
1673777324 162
1673777326 168
1673777326 142
1673777326 185
1673777326 122
1673777326 163
1673777327 132
1673777327 109
1673777327 136
1673777329 194
1673777331 108
1673777331 112
1673777331 119
1673777332 127
1673777332 167
1673777333 192
1673777334 191
1673777334 138
1673777334 155
1673777334 175
1673777335 179
1673777335 191
1673777335 152
1673777335 135
1673777335 111
1673777337 142
1673777337 189
1673777337 182
1673777338 132
1673777338 178
1673777338 152
1673777339 175
1673777339 145
1673777339 138
1673777340 182
1673777341 166
1673777341 110
1673777342 184
1673777342 136
1673777343 189
1673777344 152
1673777344 111
1673777345 137
1673777347 162
1673777347 135
1673777348 133
1673777360 111
1673777360 107
1673777360 127
1673777361 109
1673777361 106
1673777362 177
1673777362 113
1673777362 187
1673777362 116
1673777362 102
1673777362 194
1673777363 186
1673777363 123
1673777363 195
1673777364 194
1673777364 129
1673777364 124
1673777364 196
1673777364 115
1673777365 148
1673777365 110
1673777365 125
1673777365 130
1673777366 105
1673777366 153
1673777366 172
1673777366 151
1673777367 162
1673777368 164
1673777368 101
1673777368 186
1673777368 191
1673777368 128
1673777368 104
1673777369 151
1673777369 111
1673777369 118
1673777370 167
1673777371 195
1673777371 167
1673777371 142
1673777372 147
1673777372 168
1673777372 122
1673777373 188
1673777373 127
1673777374 139
1673777375 167
1673777375 115
1673777375 175
1673777375 191
1673777376 177
1673777376 139
1673777376 102
1673777377 103
1673777377 128
1673777378 128
1673777378 133
1673777378 134
1673777379 178
1673777379 152
1673777380 172
1673777380 164
1673777380 124
1673777381 144
1673777381 117
1673777381 182
1673777381 140
1673777383 141
1673777383 198
1673777383 161
1673777383 140
1673777384 142
1673777384 143
1673777385 124
1673777386 121
1673777386 195
1673777387 110
1673777387 144
1673777388 144
1673777388 117
1673777388 164
1673777389 200
1673777390 166
1673777390 198
1673777390 165
1673777391 157
1673777391 194
1673777391 183
1673777391 164
1673777392 144
1673777392 171
1673777392 101
1673777392 119
1673777392 126
1673777393 152
1673777393 173
1673777393 152
1673777394 153
1673777395 108
1673777395 112
1673777396 110
1673777396 162
1673777396 170
1673777396 141
1673777397 122
1673777397 130
1673777397 175
1673777397 149
1673777397 129
1673777398 151
1673777398 150
1673777398 174
1673777399 160
1673777399 128
1673777399 112
1673777399 162
1673777399 136
1673777400 116
1673777400 104
1673777401 114
1673777401 107
1673777402 164
1673777402 137
1673777402 133
1673777402 108
1673777403 152
1673777404 123
1673777404 126
1673777405 109
1673777405 194
1673777406 162
1673777406 155
1673777406 175
1673777407 154
1673777407 193
1673777408 191
1673777408 106
1673777409 157
1673777409 129
1673777409 190
1673777409 139
1673777409 131
1673777409 176
1673777410 118
1673777410 190
1673777410 183
1673777411 118
1673777411 115
1673777411 168
1673777412 196
1673777412 176
1673777412 127
1673777412 176
1673777412 101
1673777413 181
1673777413 145
1673777414 155
1673777414 168
1673777414 115
1673777415 198
1673777415 177
1673777415 129
1673777415 179
1673777415 173
1673777416 124
1673777417 166
1673777417 154
1673777417 181
1673777417 200
1673777417 121
1673777418 179
1673777418 110
1673777419 134
1673777419 156
1673777419 128
1673777419 184
1673777419 123
1673777419 111
1673777420 176
1673777420 116
1673777420 191
1673777420 132
1673777421 137
1673777421 165
1673777421 198
1673777422 173
1673777422 189
1673777422 138
1673777423 140
1673777423 142
1673777423 149
1673777423 153
1673777424 136
1673777425 169
1673777425 122
1673777426 168
1673777426 172
1673777427 109
1673777427 166
1673777428 114
1673777428 149
1673777428 172
1673777428 150
1673777428 118
1673777429 143
1673777429 116
1673777429 196
1673777429 148
1673777430 153
1673777430 185
1673777430 124
1673777430 133
1673777431 139
1673777431 135
1673777432 142
1673777432 180
1673777432 135
1673777432 131
1673777432 139
1673777432 167
1673777433 150
1673777433 182
1673777433 159
1673777433 132
1673777434 141
1673777434 149
1673777434 194
1673777434 108
1673777434 140
1673777435 147
1673777437 190
1673777437 190
1673777437 107
1673777437 161
1673777437 133
1673777437 102
1673777437 155
1673777438 123
1673777438 103
1673777438 183
1673777439 148
1673777439 116
1673777440 198
1673777440 179
1673777440 129
1673777441 142
1673777442 172
1673777442 169
1673777442 143
1673777443 124
1673777443 101
1673777444 183
1673777444 115
1673777445 192
1673777445 123
1673777445 178
1673777445 175
1673777446 200
1673777446 102
1673777446 188
1673777447 107
1673777449 145
1673777449 165
1673777450 117
1673777450 103
1673777450 117
1673777450 191
1673777451 148
1673777452 156
1673777452 121
1673777453 109
1673777453 107
1673777453 167
1673777453 169
1673777453 150
1673777454 138
1673777454 128
1673777455 151
1673777455 113
1673777455 120
1673777455 138
1673777455 142
1673777455 130
1673777455 102
1673777455 158
1673777456 147
1673777456 154
1673777456 107
1673777456 107
1673777458 177
1673777458 131
1673777458 183
1673777458 144
1673777459 132
1673777459 169
1673777460 157
1673777460 158
1673777460 197
1673777460 112
1673777460 161
1673777461 186
1673777461 145
1673777463 115
1673777463 164
1673777463 108
1673777463 102
1673777463 191
1673777463 136
1673777463 107
1673777464 185
1673777464 198
1673777464 144
1673777465 165
1673777465 143
1673777465 130
1673777465 155
1673777465 101
1673777466 145
1673777467 198
1673777467 145
1673777467 107
1673777467 144
1673777467 151
1673777468 143
1673777468 114
1673777468 165
1673777468 171
1673777468 190
1673777469 116
1673777469 191
1673777470 122
1673777471 196
1673777472 109
1673777472 165
1673777473 106
1673777473 109
1673777474 163
1673777474 109
1673777474 126
1673777474 176
1673777476 167
1673777476 101
1673777476 106
1673777477 108
1673777478 117
1673777478 125
1673777479 130
1673777479 160
1673777479 175
1673777479 122
1673777479 172
1673777480 104
1673777480 112
1673777481 101
1673777482 130
1673777482 117
1673777482 179
1673777482 107
1673777482 189
1673777483 121
1673777484 172
1673777484 159
1673777484 155
1673777484 169
1673777484 111
1673777485 136
1673777485 188
1673777485 191
1673777486 181
1673777486 158
1673777486 113
1673777486 129
1673777487 123
1673777487 173
1673777488 195
1673777489 197
1673777489 122
1673777490 170
1673777490 161
1673777490 168
1673777490 158
1673777491 147
1673777491 174
1673777491 115
1673777491 134
1673777491 190
1673777492 191
1673777492 115
1673777492 149
1673777493 123
1673777493 130
1673777494 132
1673777494 188
1673777494 105
1673777494 108
1673777494 196
1673777495 129
1673777496 114
1673777496 111
1673777496 117
1673777498 175
1673777498 176
1673777498 191
1673777498 102
1673777499 183
1673777499 104
1673777499 122
1673777499 157
1673777499 161
1673777499 161
1673777500 110
1673777501 154
1673777501 109
1673777502 112
1673777502 111
1673777502 124
1673777502 185
1673777503 195
1673777503 170
1673777504 143
1673777505 179
1673777507 119
1673777507 129
1673777507 198
1673777507 144
1673777508 188
1673777508 110
1673777508 124
1673777509 176
1673777510 136
1673777510 110
1673777510 178
1673777510 172
1673777510 116
1673777511 122
1673777511 143
1673777512 126
1673777512 178
1673777512 154
1673777512 122
1673777513 128
1673777513 143
1673777513 144
1673777513 193
1673777514 168
1673777514 199
1673777514 182
1673777515 132
1673777515 137
1673777515 161
1673777515 127
1673777515 185
1673777516 189
1673777516 197
1673777516 188
1673777516 191
1673777516 180
1673777517 175
1673777518 144
1673777518 118
1673777520 184
1673777520 121
1673777520 135
1673777521 118
1673777521 119
1673777521 124
1673777521 118
1673777522 114
1673777522 174
1673777523 166
1673777523 165
1673777523 136
1673777523 141
1673777523 180
1673777524 156
1673777524 153
1673777524 199
1673777524 190
1673777525 112
1673777525 190
1673777525 184
1673777526 189
1673777527 189
1673777527 128
1673777528 139
1673777528 110
1673777528 117
1673777529 191
1673777529 154
1673777529 152
1673777529 185
1673777530 163
1673777530 137
1673777531 182
1673777531 184
1673777532 156
1673777532 126
1673777532 121
1673777532 104
1673777533 138
1673777533 131
1673777533 183
1673777533 174
1673777533 176
1673777534 152
1673777534 107
1673777534 194
1673777534 185
1673777534 145
1673777535 110
1673777535 182
1673777535 129
1673777536 128
1673777536 103
1673777537 106
1673777537 190
1673777537 141
1673777537 183
1673777537 138
1673777538 135
1673777539 146
1673777539 133
1673777539 197
1673777539 147
1673777540 128
1673777540 171
1673777541 141
1673777541 144
1673777541 106
1673777542 189
1673777542 199
1673777543 112
1673777543 176
1673777543 121
1673777544 124
1673777544 127
1673777544 156
1673777544 131
1673777545 155
1673777545 139
1673777545 107
1673777546 144
1673777547 152
1673777547 175
1673777547 190
1673777547 149
1673777547 127
1673777548 109
1673777548 143
1673777548 101
1673777549 155
1673777549 113
1673777549 166
1673777550 178
1673777550 108
1673777550 198
1673777551 154
1673777551 163
1673777551 142
1673777551 105
1673777552 137
1673777552 199
1673777553 180
1673777553 152
1673777553 194
1673777553 185
1673777554 152
1673777554 197
1673777554 200
1673777555 111
1673777555 144
1673777555 105
1673777555 128
1673777556 122
1673777556 131
1673777556 196
1673777557 115
1673777557 159
1673777557 150
1673777557 173
1673777557 161
1673777557 118
1673777558 163
1673777558 154
1673777559 126
1673777559 171
1673777559 102
1673777559 154
1673777560 145
1673777560 196
1673777560 132
1673777560 160
1673777560 184
1673777560 163
1673777561 143
1673777561 190
1673777562 194
1673777563 197
1673777563 115
1673777563 145
1673777563 154
1673777564 182
1673777564 115
1673777564 165
1673777564 174
1673777565 105
1673777565 138
1673777565 113
1673777565 185
1673777566 133
1673777566 196
1673777566 147
1673777566 165
1673777567 120
1673777567 176
1673777567 165
1673777567 114
1673777567 162
1673777568 176
1673777568 110
1673777570 155
1673777570 153
1673777571 137
1673777571 179
1673777571 148
1673777572 134
1673777572 163
1673777573 160
1673777573 134
1673777573 192
1673777573 190
1673777573 179
1673777574 170
1673777574 140
1673777574 150
1673777574 112
1673777575 125
1673777575 152
1673777575 169
1673777575 105
1673777575 116
1673777576 137
1673777576 181
1673777576 173
1673777576 175
1673777576 148
1673777577 113
1673777577 141
1673777577 196
1673777578 147
1673777578 162
1673777578 167
1673777578 106
1673777579 109
1673777579 130
1673777580 146
1673777581 135
1673777581 158
1673777582 168
1673777582 166
1673777583 159
1673777583 187
1673777583 159
1673777583 133
1673777584 191
1673777584 183
1673777585 193
1673777585 183
1673777585 103
1673777585 198
1673777586 149
1673777586 176
1673777586 184
1673777586 167
1673777586 136
1673777587 197
1673777587 106
1673777588 179
1673777588 136
1673777589 183
1673777590 122
1673777591 116
1673777592 191
1673777593 149
1673777593 153
1673777593 152
1673777593 118
1673777594 173
1673777594 108
1673777594 175
1673777594 153
1673777595 143
1673777596 192
1673777596 114
1673777596 133
1673777597 180
1673777597 162
1673777597 164
1673777597 114
1673777598 188
1673777598 173
1673777598 106
1673777598 120
1673777599 167
1673777599 169
1673777599 129
1673777599 103
1673777600 113
1673777600 116
1673777600 172
1673777601 104
1673777601 144
1673777601 142
1673777602 148
1673777602 120
1673777603 124
1673777603 170
1673777604 197
1673777604 176
1673777604 197
1673777604 168
1673777605 199
1673777606 158
1673777606 196
1673777606 143
1673777606 180
1673777607 115
1673777608 123
1673777608 199
1673777609 123
1673777609 140
1673777609 143
1673777609 133
1673777610 157
1673777610 158
1673777610 126
1673777610 117
1673777610 108
1673777611 102
1673777611 195
1673777611 121
1673777611 158
1673777612 131
1673777612 125
1673777612 154
1673777613 139
1673777613 122
1673777613 146
1673777614 102
1673777615 146
1673777616 164
1673777616 144
1673777616 127
1673777616 102
1673777617 153
1673777618 116
1673777618 134
1673777619 173
1673777619 114
1673777619 101
1673777620 142
1673777620 121
1673777620 105
1673777620 161
1673777620 154
1673777620 128
1673777620 197
1673777620 137
1673777621 179
1673777621 114
1673777621 136
1673777621 106
1673777621 102
1673777622 143
1673777622 164
1673777622 181
1673777623 143
1673777623 109
1673777623 120
1673777625 173
1673777627 140
1673777628 192
1673777628 172
1673777629 149
1673777630 167
1673777630 148
1673777630 186
1673777631 174
1673777631 175
1673777631 175
1673777631 130
1673777631 160
1673777632 112
1673777632 176
1673777633 165
1673777633 151
1673777633 163
1673777633 125
1673777633 156
1673777633 123
1673777634 104
1673777634 132
1673777634 111
1673777634 120
1673777634 153
1673777634 122
1673777634 189
1673777634 184
1673777634 138
1673777635 118
1673777635 183
1673777635 155
1673777635 186
1673777635 174
1673777636 183
1673777636 124
1673777636 175
1673777636 139
1673777637 151
1673777638 183
1673777638 169
1673777638 167
1673777639 193
1673777639 193
1673777639 180
1673777639 153
1673777639 126
1673777639 119
1673777640 137
1673777640 131
1673777640 167
1673777640 142
1673777641 147
1673777641 149
1673777641 194
1673777642 109
1673777643 149
1673777643 197
1673777643 137
1673777643 143
1673777644 127
1673777644 145
1673777644 132
1673777644 136
1673777645 167
1673777645 130
1673777645 174
1673777646 117
1673777647 114
1673777647 161
1673777650 147
1673777650 175
1673777650 191
1673777652 120
1673777652 191
1673777652 157
1673777652 112
1673777654 183
1673777655 124
1673777655 170
1673777655 104
1673777657 178
1673777657 132
1673777657 131
1673777660 112
1673777660 167
1673777663 187
1673777663 192
1673777665 142
1673777665 145
1673777668 152
1673777668 160
1673777669 186
1673777669 162
1673777670 138
1673777671 129
1673777672 113
1673777672 124
1673777673 113
1673777675 187
1673777677 110
1673777678 150
1673777678 155
1673777678 171
1673777682 158
1673777682 161
1673777682 124
1673777683 188
1673777683 138
1673777685 184
1673777685 157
1673777686 129
1673777687 107
1673777688 154
1673777689 176
1673777689 115
1673777689 182
1673777689 194
1673777689 126
1673777690 145
1673777690 179
1673777691 161
1673777691 165
1673777691 158
1673777692 128
1673777692 158
1673777693 142
1673777694 156
1673777694 131
1673777695 108
1673777695 138
1673777696 191
1673777696 159
1673777697 139
1673777697 188
1673777697 107
1673777697 161
1673777697 138
1673777699 160
1673777699 173
1673777700 133
1673777700 140
1673777700 162
1673777700 148
1673777701 108
1673777701 175
1673777701 195
1673777701 127
1673777702 170
1673777702 114
1673777702 137
1673777703 162
1673777703 128
1673777703 152
1673777703 142
1673777703 131
1673777704 120
1673777704 163
1673777704 112
1673777705 115
1673777705 200
1673777707 111
1673777707 182
1673777707 128
1673777711 123
1673777716 108
1673777716 106
1673777716 147
1673777716 182
1673777717 138
1673777717 139
1673777717 145
1673777717 107
1673777718 106
1673777718 146
1673777718 106
1673777718 106
1673777719 179
1673777719 165
1673777720 107
1673777720 193
1673777721 141
1673777722 175
1673777723 104
1673777723 148
1673777723 166
1673777724 184
1673777724 181
1673777724 135
1673777724 101
1673777724 108
1673777725 198
1673777725 103
1673777725 160
1673777726 142
1673777726 187
1673777727 124
1673777727 165
1673777727 137
1673777728 113
1673777728 180
1673777729 135
1673777729 112
1673777729 111
1673777729 140
1673777730 179
1673777730 126
1673777730 192
1673777730 179
1673777731 184
1673777731 196
1673777731 120
1673777732 104
1673777732 101
1673777732 132
1673777732 165
1673777732 190
1673777733 154
1673777733 103
1673777734 188
1673777734 200
1673777734 180
1673777734 155
1673777736 105
1673777736 118
1673777737 130
1673777737 129
1673777737 175
1673777738 171
1673777739 147
1673777739 121
1673777739 197
1673777739 192
1673777739 171
1673777740 135
1673777740 164
1673777740 169
1673777741 108
1673777741 105
1673777741 193
1673777741 154
1673777742 149
1673777742 150
1673777742 188
1673777742 191
1673777742 172
1673777742 177
1673777742 192
1673777743 135
1673777744 125
1673777744 165
1673777745 143
1673777745 134
1673777745 117
1673777745 181
1673777746 139
1673777746 104
1673777747 123
1673777747 118
1673777749 194
1673777749 106
1673777749 145
1673777749 121
1673777750 147
1673777750 185
1673777751 115
1673777751 179
1673777751 147
1673777752 114
1673777752 105
1673777753 132
1673777754 161
1673777754 151
1673777754 168
1673777754 106
1673777754 118
1673777754 127
1673777755 141
1673777756 145
1673777756 199
1673777756 132
1673777756 156
1673777757 167
1673777757 127
1673777759 161
1673777759 108
1673777759 198
1673777760 164
1673777761 133
1673777761 171
1673777761 123
1673777761 113
1673777761 188
1673777762 131
1673777762 171
1673777762 126
1673777763 150
1673777763 104
1673777763 197
1673777763 131
1673777764 115
1673777765 165
1673777765 186
1673777765 196
1673777775 145
1673777775 107
1673777776 138
1673777776 129
1673777777 101
1673777777 157
1673777778 109
1673777779 180
1673777782 145
1673777782 126
1673777784 151
1673777785 194
1673777785 165
1673777786 107
1673777786 161
1673777788 132
1673777791 165
1673777792 198
1673777796 141
1673777798 103
1673777802 179
1673777804 156
1673777805 188
1673777807 168
1673777807 105
1673777807 131
1673777808 111
1673777810 194
1673777811 164
1673777811 144
1673777812 193
1673777813 152
1673777817 132
1673777818 198
1673777818 198
1673777818 185
1673777820 154
1673777820 103
1673777821 188
1673777827 113
1673777833 152
1673777833 119
1673777834 172
1673777834 153
1673777836 121
1673777836 120
1673777836 125
1673777836 109
1673777837 122
1673777837 176
1673777838 159
1673777839 176
1673777840 189
1673777841 144
1673777844 176
1673777844 165
1673777844 162
1673777844 116
1673777846 110
1673777846 144
1673777846 160
1673777848 125
1673777849 171
1673777849 155
1673777855 174
1673777857 155
1673777857 108
1673777857 146
1673777860 101
1673777860 174
1673777860 135
1673777860 145
1673777861 186
1673777861 118
1673777861 196
1673777867 181
1673777867 162
1673777868 128
1673777868 116
1673777868 139
1673777868 115
1673777868 145
1673777868 182
1673777873 125
1673777875 130
1673777875 163
1673777876 138
1673777880 159
1673777880 166
1673777881 170
1673777881 157
1673777885 159
1673777886 146
1673777902 124
1673777903 171
1673777905 145
1673777909 125
1673777909 110
1673777910 165
1673777910 156
1673777910 188
1673777914 108
1673777914 176
1673777915 140
1673777915 169
1673777916 152
1673777916 132
1673777916 139
1673777916 111
1673777916 132
1673777916 106
1673777917 152
1673777917 173
1673777917 183
1673777917 133
1673777917 153
1673777918 136
1673777920 131
1673777923 147
1673777923 119
1673777927 150
1673777928 151
1673777929 120
1673777929 188
1673777930 191
1673777931 157
1673777932 191
1673777934 193
1673777935 107
1673777936 151
1673777936 129
1673777937 140
1673777937 146
1673777938 138
1673777939 195
1673777940 169
1673777940 196
1673777940 160
1673777940 173
1673777943 130
1673777943 101
1673777945 129
1673777946 179
1673777946 142
1673777946 120
1673777947 166
1673777948 127
1673777948 104
1673777948 180
1673777948 166
1673777950 150
1673777954 154
1673777954 152
1673777954 112
1673777957 118
1673777958 169
1673777959 136
1673777959 183
1673777959 113
1673777960 136
1673777963 166
1673777964 148
1673777968 179
1673777969 186
1673777970 102
1673777972 170
1673777972 200
1673777973 148
1673777974 132
1673777974 120
1673777982 193
1673777985 102
1673777986 130
1673777986 162
1673777987 112
1673777987 158
1673777987 138
1673777987 113
1673777990 193
1673777991 192
1673777996 185
1673777996 195
1673777998 103
1673777998 104
1673777999 114
1673777999 169
1673778004 164
1673778005 147
1673778005 127
1673778005 178
1673778005 193
1673778007 128
1673778007 135
1673778008 180
1673778008 184
1673778010 175
1673778010 173
1673778010 111
1673778010 106
1673778011 172
1673778012 152
1673778012 164
1673778012 116
1673778012 158
1673778014 165
1673778017 197
1673778018 115
1673778018 157
1673778018 161
1673778024 165
1673778027 123
1673778027 195
1673778030 157
1673778034 108
1673778042 145
1673778043 160
1673778048 195
1673778048 148
1673778051 120
1673778056 183
1673778056 129
1673778057 181
1673778064 188
1673778065 107
1673778067 178
1673778067 128
1673778070 106
1673778070 180
1673778072 136
1673778073 129
1673778076 199
1673778076 141
1673778076 110
1673778083 135
1673778084 160
1673778084 153
1673778084 190
1673778084 196
1673778084 151
1673778086 180
1673778086 170
1673778087 118
1673778094 140
1673778094 150
1673778095 172
1673778095 141
1673778095 101
1673778095 184
1673778105 154
1673778107 172
1673778107 200
1673778107 187
1673778108 126
1673778109 153
1673778109 124
1673778119 137
1673778119 111
1673778119 157
1673778120 108
1673778122 173
1673778123 107
1673778130 136
1673778130 133
1673778132 159
1673778133 135
1673778133 165
1673778133 200
1673778133 163
1673778140 120
1673778140 139
1673778143 144
1673778144 191
1673778144 125
1673778147 109
1673778147 198
1673778147 131
1673778148 147
1673778154 117
1673778157 115
1673778157 185
1673778159 167
1673778159 190
1673778159 168
1673778160 182
1673778160 179
1673778164 129
1673778164 145
1673778165 118
1673778167 147
1673778167 127
1673778167 139
1673778167 179
1673778167 167
1673778168 102
1673778168 122
1673778170 154
1673778170 112
1673778171 126
1673778171 128
1673778176 106
1673778176 140
1673778177 124
1673778177 156
1673778177 149
1673778177 147
1673778177 127
1673778181 103
1673778182 142
1673778189 113
1673778192 194
1673778194 128
1673778195 172
1673778196 147
1673778197 185
1673778198 159
1673778199 187
1673778199 184
1673778200 138
1673778200 137
1673778203 113
1673778203 166
1673778204 121
1673778205 163
1673778205 103
1673778205 112
1673778205 186
1673778207 158
1673778207 133
1673778207 163
1673778209 163
1673778209 200
1673778209 110
1673778211 140
1673778211 189
1673778211 129
1673778211 116
1673778212 153
1673778212 116
1673778212 142
1673778212 131
1673778214 169
1673778216 181
1673778216 106
1673778216 139
1673778217 138
1673778217 126
1673778219 170
1673778221 160
1673778221 108
1673778221 140
1673778222 148
1673778222 194
1673778223 125
1673778224 111
1673778225 199
1673778225 197
1673778225 184
1673778225 167
1673778226 139
1673778226 157
1673778227 106
1673778228 116
1673778228 103
1673778228 123
1673778228 152
1673778228 109
1673778230 119
1673778233 178
1673778233 158
1673778234 109
1673778234 173
1673778236 116
1673778236 169
1673778236 120
1673778236 149
1673778237 171
1673778237 194
1673778238 191
1673778238 123
1673778238 150
1673778239 121
1673778239 174
1673778239 188
1673778239 162
1673778240 108
1673778241 115
1673778241 118
1673778241 135
1673778243 197
1673778243 171
1673778243 164
1673778243 152
1673778243 198
1673778243 146
1673778244 178
1673778244 127
1673778246 179
1673778246 191
1673778246 113
1673778246 198
1673778246 108
1673778247 114
1673778247 169
1673778248 174
1673778248 113
1673778248 148
1673778248 113
1673778249 109
1673778249 179
1673778249 126
1673778250 173
1673778250 112
1673778251 107
1673778251 132
1673778251 144
1673778252 181
1673778252 116
1673778253 164
1673778254 123
1673778254 126
1673778254 121
1673778254 175
1673778255 178
1673778255 164
1673778255 115
1673778256 198
1673778257 198
1673778257 189
1673778257 128
1673778258 112
1673778258 121
1673778258 155
1673778258 173
1673778258 145
1673778259 114
1673778260 133
1673778261 159
1673778261 112
1673778261 160
1673778262 198
1673778262 114
1673778262 142
1673778263 103
1673778263 103
1673778263 143
1673778264 185
1673778264 115
1673778264 146
1673778265 155
1673778265 147
1673778265 128
1673778265 128
1673778266 149
1673778266 163
1673778266 151
1673778266 165
1673778267 194
1673778267 152
1673778267 118
1673778269 172
1673778270 194
1673778270 131
1673778270 191
1673778271 190
1673778272 124
1673778272 160
1673778272 138
1673778272 186
1673778272 117
1673778274 171
1673778274 103
1673778275 131
1673778277 105
1673778277 123
1673778279 135
1673778279 113
1673778279 180
1673778279 167
1673778279 156
1673778279 192
1673778280 139
1673778280 130
1673778280 196
1673778280 200
1673778280 103
1673778280 176
1673778281 103
1673778281 175
1673778281 167
1673778281 133
1673778282 117
1673778282 103
1673778282 101
1673778282 149
1673778282 133
1673778283 148
1673778283 162
1673778283 149
1673778283 145
1673778284 161
1673778284 199
1673778284 199
1673778284 148
1673778285 151
1673778285 169
1673778286 114
1673778286 132
1673778286 149
1673778287 151
1673778288 110
1673778288 188
1673778289 154
1673778289 159
1673778290 155
1673778290 120
1673778291 109
1673778291 114
1673778291 139
1673778292 125
1673778292 124
1673778292 118
1673778293 104
1673778293 124
1673778293 117
1673778293 199
1673778294 136
1673778294 160
1673778294 191
1673778295 125
1673778296 140
1673778297 160
1673778297 142
1673778297 105
1673778298 169
1673778299 200
1673778299 195
1673778299 155
1673778299 182
1673778299 195
1673778300 189
1673778301 196
1673778301 175
1673778301 188
1673778301 159
1673778301 166
1673778302 126
1673778302 115
1673778302 135
1673778302 183
1673778302 182
1673778303 142
1673778303 153
1673778303 177
1673778303 159
1673778304 188
1673778304 200
1673778304 118
1673778304 125
1673778304 196
1673778305 162
1673778305 111
1673778305 135
1673778306 199
1673778307 116
1673778307 113
1673778308 162
1673778308 122
1673778309 180
1673778309 184
1673778309 160
1673778310 132
1673778311 115
1673778312 141
1673778312 172
1673778312 196
1673778312 148
1673778312 129
1673778312 119
1673778312 186
1673778313 190
1673778313 148
1673778314 199
1673778314 117
1673778314 196
1673778315 124
1673778315 134
1673778315 182
1673778315 101
1673778316 185
1673778316 170
1673778317 166
1673778317 113
1673778318 110
1673778318 133
1673778318 187
1673778319 124
1673778319 161
1673778319 148
1673778319 192
1673778320 140
1673778320 198
1673778320 187
1673778320 150
1673778320 105
1673778320 109
1673778321 135
1673778321 157
1673778321 142
1673778321 172
1673778321 168
1673778324 147
1673778324 115
1673778324 151
1673778324 157
1673778324 192
1673778324 166
1673778325 138
1673778326 185
1673778326 178
1673778327 153
1673778327 178
1673778327 102
1673778328 154
1673778328 190
1673778329 123
1673778329 106
1673778329 165
1673778330 122
1673778330 158
1673778330 191
1673778330 136
1673778331 179
1673778331 154
1673778332 174
1673778333 139
1673778334 197
1673778334 127
1673778335 138
1673778336 162
1673778336 197
1673778336 141
1673778336 161
1673778337 148
1673778337 137
1673778338 156
1673778338 162
1673778338 149
1673778338 135
1673778339 161
1673778339 154
1673778339 173
1673778339 128
1673778340 109
1673778340 115
1673778341 168
1673778341 151
1673778341 107
1673778341 192
1673778342 108
1673778343 107
1673778343 135
1673778343 158
1673778343 157
1673778344 178
1673778344 148
1673778346 167
1673778346 147
1673778346 148
1673778346 163
1673778346 198
1673778346 116
1673778347 162
1673778347 172
1673778347 161
1673778347 188
1673778349 154
1673778349 172
1673778349 151
1673778349 187
1673778350 158
1673778350 107
1673778350 193
1673778350 114
1673778351 188
1673778351 169
1673778351 117
1673778351 109
1673778352 137
1673778352 140
1673778352 128
1673778352 150
1673778352 111
1673778353 121
1673778353 114
1673778353 156
1673778353 195
1673778353 171
1673778354 151
1673778354 106
1673778354 188
1673778354 148
1673778355 164
1673778355 152
1673778355 167
1673778356 155
1673778357 159
1673778357 149
1673778357 150
1673778357 159
1673778357 121
1673778358 165
1673778358 146
1673778359 125
1673778359 154
1673778360 108
1673778360 139
1673778360 187
1673778360 136
1673778361 130
1673778361 115
1673778361 163
1673778361 161
1673778361 116
1673778362 129
1673778362 123
1673778363 137
1673778363 129
1673778364 179
1673778364 126
1673778364 172
1673778364 177
1673778365 150
1673778365 171
1673778366 180
1673778366 149
1673778366 117
1673778367 164
1673778367 101
1673778367 160
1673778368 142
1673778368 115
1673778368 111
1673778368 113
1673778368 147
1673778369 170
1673778369 126
1673778369 192
1673778370 151
1673778370 199
1673778371 145
1673778371 102
1673778371 132
1673778372 169
1673778372 190
1673778372 123
1673778372 182
1673778372 160
1673778374 178
1673778374 117
1673778374 170
1673778375 129
1673778375 124
1673778375 119
1673778375 182
1673778376 104
1673778376 102
1673778376 162
1673778376 129
1673778376 152
1673778377 178
1673778377 137
1673778378 192
1673778378 186
1673778379 140
1673778380 190
1673778380 124
1673778380 175
1673778380 132
1673778380 114
1673778381 111
1673778381 158
1673778382 132
1673778382 125
1673778382 145
1673778383 200
1673778383 186
1673778384 162
1673778385 105
1673778385 103
1673778385 176
1673778386 147
1673778386 130
1673778386 197
1673778386 177
1673778387 192
1673778387 143
1673778387 134
1673778388 111
1673778388 107
1673778388 128
1673778388 199
1673778389 169
1673778389 129
1673778390 200
1673778390 174
1673778390 185
1673778390 188
1673778392 168
1673778393 139
1673778393 128
1673778393 134
1673778394 155
1673778394 168
1673778396 176
1673778396 143
1673778396 166
1673778397 189
1673778397 143
1673778397 141
1673778398 147
1673778399 160
1673778399 190
1673778400 165
1673778400 129
1673778400 117
1673778400 186
1673778401 147
1673778401 101
1673778401 126
1673778402 155
1673778402 170
1673778402 182
1673778402 111
1673778402 180
1673778403 173
1673778403 199
1673778403 184
1673778404 148
1673778404 118
1673778404 144
1673778405 199
1673778405 127
1673778405 181
1673778406 130
1673778406 193
1673778406 168
1673778407 153
1673778407 189
1673778408 153
1673778408 130
1673778408 146
1673778408 132
1673778409 111
1673778409 115
1673778410 148
1673778410 133
1673778410 172
1673778411 146
1673778412 189
1673778412 147
1673778412 182
1673778413 140
1673778413 142
1673778414 105
1673778414 103
1673778414 197
1673778414 156
1673778415 195
1673778415 193
1673778415 119
1673778416 171
1673778416 118
1673778416 193
1673778416 152
1673778416 130
1673778417 187
1673778417 199
1673778417 110
1673778417 189
1673778418 146
1673778419 107
1673778419 127
1673778419 108
1673778420 113
1673778421 155
1673778421 164
1673778422 130
1673778422 142
1673778422 186
1673778422 160
1673778423 120
1673778423 142
1673778423 157
1673778424 115
1673778424 129
1673778424 133
1673778424 117
1673778424 124
1673778425 132
1673778425 151
1673778426 187
1673778426 107
1673778426 148
1673778427 194
1673778427 102
1673778429 131
1673778429 101
1673778429 196
1673778430 174
1673778430 189
1673778430 186
1673778430 194
1673778430 176
1673778431 120
1673778431 198
1673778432 199
1673778432 103
1673778432 185
1673778432 198
1673778432 133
1673778433 101
1673778433 112
1673778434 152
1673778434 104
1673778434 177
1673778435 109
1673778436 165
1673778436 129
1673778436 194
1673778436 163
1673778437 129
1673778437 170
1673778437 177
1673778438 177
1673778439 144
1673778439 128
1673778439 123
1673778439 147
1673778440 117
1673778441 181
1673778441 157
1673778441 195
1673778441 161
1673778442 116
1673778442 184
1673778442 173
1673778442 113
1673778442 143
1673778442 126
1673778442 177
1673778442 145
1673778443 155
1673778443 119
1673778443 112
1673778444 187
1673778444 148
1673778445 140
1673778445 111
1673778445 127
1673778446 101
1673778446 154
1673778446 130
1673778446 171
1673778447 141
1673778447 113
1673778447 199
1673778448 109
1673778448 134
1673778448 173
1673778449 131
1673778449 194
1673778449 140
1673778449 156
1673778450 148
1673778451 197
1673778451 134
1673778452 107
1673778452 179
1673778453 162
1673778453 184
1673778454 101
1673778455 176
1673778455 172
1673778455 199
1673778455 129
1673778456 146
1673778456 140
1673778457 175
1673778457 176
1673778458 158
1673778459 183
1673778460 112
1673778460 164
1673778460 112
1673778460 105
1673778460 200
1673778461 142
1673778461 196
1673778461 121
1673778462 140
1673778462 157
1673778462 170
1673778463 168
1673778463 103
1673778463 154
1673778463 103
1673778463 193
1673778464 157
1673778464 198
1673778464 155
1673778464 169
1673778464 120
1673778465 172
1673778465 163
1673778467 107
1673778467 118
1673778467 135
1673778468 153
1673778469 130
1673778469 160
1673778469 157
1673778469 155
1673778470 116
1673778470 160
1673778471 142
1673778471 167
1673778471 166
1673778472 131
1673778473 111
1673778473 161
1673778473 163
1673778473 118
1673778473 144
1673778474 116
1673778475 200
1673778475 160
1673778476 190
1673778476 193
1673778476 124
1673778476 179
1673778476 167
1673778476 105
1673778476 125
1673778477 159
1673778478 111
1673778479 170
1673778479 177
1673778480 191
1673778480 169
1673778481 149
1673778481 122
1673778481 136
1673778482 173
1673778482 191
1673778482 183
1673778483 159
1673778483 188
1673778483 101
1673778483 142
1673778484 119
1673778484 147
1673778484 173
1673778484 135
1673778484 197
1673778485 187
1673778485 149
1673778486 196
1673778486 101
1673778486 181
1673778486 120
1673778487 146
1673778487 192
1673778487 137
1673778488 196
1673778488 112
1673778488 124
1673778488 130
1673778488 194
1673778489 165
1673778489 122
1673778489 197
1673778489 167
1673778489 111
1673778490 127
1673778490 200
1673778490 182
1673778491 123
1673778492 151
1673778493 199
1673778493 136
1673778493 131
1673778494 142
1673778494 168
1673778494 139
1673778494 107
1673778495 167
1673778495 102
1673778496 159
1673778496 190
1673778496 192
1673778497 140
1673778497 199
1673778497 134
1673778498 144
1673778499 142
1673778500 130
1673778500 182
1673778500 187
1673778501 142
1673778502 159
1673778503 186
1673778504 105
1673778504 160
1673778504 121
1673778505 117
1673778505 197
1673778506 200
1673778506 199
1673778506 114
1673778507 148
1673778507 148
1673778507 121
1673778508 156
1673778509 101
1673778509 108
1673778509 124
1673778510 181
1673778510 148
1673778511 150
1673778511 160
1673778511 114
1673778512 102
1673778512 141
1673778512 139
1673778512 102
1673778512 174
1673778513 188
1673778514 194
1673778515 129
1673778516 158
1673778516 159
1673778517 103
1673778518 149
1673778518 173
1673778519 115
1673778519 180
1673778519 114
1673778520 159
1673778520 101
1673778520 152
1673778521 119
1673778521 123
1673778521 152
1673778522 149
1673778522 130
1673778523 114
1673778523 166
1673778523 136
1673778524 102
1673778524 107
1673778524 101
1673778525 166
1673778525 187
1673778525 180
1673778526 127
1673778526 117
1673778526 139
1673778527 199
1673778527 189
1673778528 136
1673778528 152
1673778528 199
1673778529 193
1673778529 127
1673778530 112
1673778530 150
1673778530 166
1673778531 120
1673778531 143
1673778531 120
1673778531 186
1673778531 188
1673778532 181
1673778533 145
1673778534 123
1673778534 141
1673778534 157
1673778534 175
1673778534 123
1673778535 168
1673778536 117
1673778536 185
1673778536 154
1673778536 110
1673778536 120
1673778537 187
1673778537 187
1673778537 121
1673778538 129
1673778538 172
1673778539 121
1673778540 102
1673778540 129
1673778540 185
1673778541 147
1673778541 156
1673778541 192
1673778542 148
1673778542 189
1673778542 195
1673778542 129
1673778543 135
1673778543 190
1673778544 153
1673778544 163
1673778544 165
1673778544 139
1673778545 157
1673778545 149
1673778546 114
1673778546 101
1673778546 150
1673778546 191
1673778546 176
1673778546 161
1673778547 167
1673778547 175
1673778547 118
1673778548 137
1673778548 131
1673778548 135
1673778548 105
1673778549 166
1673778549 102
1673778549 176
1673778549 167
1673778549 161
1673778549 124
1673778550 168
1673778551 181
1673778551 162
1673778552 116
1673778552 174
1673778552 109
1673778552 130
1673778553 125
1673778553 151
1673778554 144
1673778555 120
1673778555 198
1673778555 135
1673778555 157
1673778555 175
1673778555 189
1673778555 118
1673778555 121
1673778556 167
1673778556 170
1673778556 143
1673778557 172
1673778557 177
1673778560 161
1673778561 137
1673778561 117
1673778561 143
1673778561 182
1673778561 191
1673778561 146
1673778563 196
1673778563 183
1673778563 123
1673778564 154
1673778564 103
1673778564 116
1673778564 190
1673778565 176
1673778565 114
1673778566 171
1673778566 109
1673778566 102
1673778566 138
1673778566 149
1673778566 124
1673778567 164
1673778567 135
1673778567 157
1673778568 149
1673778569 190
1673778569 120
1673778569 155
1673778570 200
1673778571 103
1673778572 144
1673778572 121
1673778572 160
1673778573 183
1673778573 147
1673778573 149
1673778574 167
1673778574 169
1673778574 108
1673778574 159
1673778575 118
1673778575 194
1673778576 164
1673778577 180
1673778577 107
1673778577 117
1673778578 155
1673778578 174
1673778579 200
1673778579 175
1673778579 121
1673778580 162
1673778581 156
1673778581 196
1673778581 139
1673778582 169
1673778582 196
1673778582 125
1673778582 155
1673778583 171
1673778583 153
1673778583 162
1673778583 184
1673778583 104
1673778584 197
1673778584 128
1673778584 140
1673778584 119
1673778585 120
1673778586 151
1673778586 157
1673778586 111
1673778588 119
1673778588 111
1673778588 113
1673778588 130
1673778588 142
1673778588 193
1673778588 116
1673778588 158
1673778589 159
1673778589 178
1673778589 121
1673778589 189
1673778589 194
1673778591 138
1673778591 167
1673778591 114
1673778592 164
1673778592 135
1673778593 103
1673778593 150
1673778593 181
1673778594 173
1673778595 125
1673778596 128
1673778596 109
1673778597 150
1673778598 161
1673778598 170
1673778598 149
1673778599 120
1673778600 170
1673778600 124
1673778600 187
1673778601 164
1673778602 143
1673778602 117
1673778602 117
1673778602 126
1673778603 161
1673778603 193
1673778603 171
1673778603 117
1673778604 150
1673778604 156
1673778604 146
1673778605 143
1673778605 128
1673778605 111
1673778605 143
1673778606 128
1673778606 157
1673778606 140
1673778607 154
1673778608 129
1673778608 146
1673778608 108
1673778609 128
1673778610 128
1673778611 171
1673778611 133
1673778611 132
1673778611 172
1673778611 191
1673778612 129
1673778612 180
1673778612 165
1673778612 169
1673778612 177
1673778613 167
1673778613 166
1673778614 131
1673778614 109
1673778615 152
1673778615 176
1673778616 198
1673778616 175
1673778616 177
1673778616 134
1673778617 171
1673778617 125
1673778617 120
1673778617 144
1673778618 193
1673778618 190
1673778619 113
1673778619 117
1673778619 195
1673778619 177
1673778620 105
1673778621 103
1673778621 116
1673778621 195
1673778622 117
1673778622 191
1673778622 142
1673778623 187
1673778624 187
1673778624 142
1673778624 130
1673778624 142
1673778625 176
1673778625 149
1673778625 141
1673778625 188
1673778625 200
1673778625 167
1673778625 143
1673778625 136
1673778627 110
1673778627 168
1673778627 190
1673778628 133
1673778628 175
1673778631 193
1673778631 106
1673778631 137
1673778631 102
1673778631 192
1673778631 171
1673778632 124
1673778632 199
1673778633 115
1673778633 196
1673778633 104
1673778633 160
1673778633 189
1673778634 142
1673778635 158
1673778635 125
1673778636 146
1673778636 195
1673778637 149
1673778637 164
1673778637 197
1673778637 193
1673778637 165
1673778637 129
1673778637 124
1673778638 190
1673778638 121
1673778639 119
1673778639 186
1673778639 165
1673778639 162
1673778639 119
1673778639 152
1673778640 129
1673778640 120
1673778640 166
1673778641 141
1673778641 122
1673778642 166
1673778643 101
1673778644 198
1673778644 146
1673778644 161
1673778645 109
1673778645 159
1673778645 120
1673778645 182
1673778645 126
1673778645 143
1673778647 103
1673778648 108
1673778648 155
1673778648 155
1673778648 192
1673778648 163
1673778648 153
1673778649 115
1673778650 150
1673778650 121
1673778650 198
1673778650 195
1673778651 200
1673778651 162
1673778651 162
1673778651 188
1673778651 114
1673778652 194
1673778652 195
1673778652 142
1673778653 118
1673778653 156
1673778653 142
1673778653 189
1673778653 186
1673778653 164
1673778653 104
1673778655 123
1673778655 118
1673778655 167
1673778657 193
1673778657 146
1673778657 144
1673778657 198
1673778657 131
1673778658 101
1673778658 161
1673778658 150
1673778659 165
1673778659 137
1673778659 193
1673778659 117
1673778659 166
1673778660 151
1673778660 147
1673778661 129
1673778661 121
1673778661 186
1673778661 139
1673778662 168
1673778662 195
1673778662 196
1673778662 190
1673778663 139
1673778664 199
1673778664 184
1673778665 175
1673778665 174
1673778665 116
1673778665 198
1673778666 139
1673778666 175
1673778666 186
1673778667 139
1673778667 125
1673778667 198
1673778668 135
1673778668 189
1673778668 114
1673778668 186
1673778669 114
1673778669 171
1673778670 164
1673778670 148
1673778671 174
1673778673 186
1673778673 198
1673778673 165
1673778674 195
1673778675 181
1673778675 137
1673778675 166
1673778675 150
1673778676 148
1673778676 170
1673778678 135
1673778678 141
1673778678 188
1673778679 183
1673778679 180
1673778679 187
1673778680 158
1673778680 183
1673778681 112
1673778681 115
1673778681 171
1673778682 124
1673778683 128
1673778683 132
1673778683 164
1673778683 102
1673778684 135
1673778684 176
1673778685 135
1673778685 181
1673778686 149
1673778686 134
1673778686 125
1673778687 169
1673778687 170
1673778687 190
1673778687 195
1673778687 154
1673778688 164
1673778688 165
1673778688 137
1673778688 111
1673778689 154
1673778689 171
1673778689 104
1673778691 104
1673778691 186
1673778691 163
1673778691 150
1673778692 170
1673778692 186
1673778692 197
1673778693 178
1673778693 122
1673778693 124
1673778693 138
1673778694 166
1673778694 193
1673778694 125
1673778694 175
1673778694 161
1673778695 189
1673778695 171
1673778695 139
1673778695 122
1673778695 153
1673778695 144
1673778696 154
1673778696 161
1673778696 141
1673778697 149
1673778697 146
1673778697 177
1673778697 181
1673778697 167
1673778697 160
1673778698 141
1673778698 172
1673778699 104
1673778699 137
1673778699 121
1673778699 185
1673778700 194
1673778700 143
1673778700 105
1673778700 132
1673778700 186
1673778700 187
1673778700 119
1673778701 132
1673778701 108
1673778701 119
1673778702 147
1673778702 188
1673778703 194
1673778703 137
1673778703 105
1673778703 162
1673778703 170
1673778703 141
1673778704 177
1673778704 193
1673778704 125
1673778705 154
1673778705 191
1673778705 105
1673778706 109
1673778707 191
1673778707 112
1673778707 131
1673778708 172
1673778708 118
1673778709 165
1673778709 173
1673778709 128
1673778710 190
1673778710 199
1673778710 140
1673778711 140
1673778711 192
1673778711 197
1673778712 165
1673778712 185
1673778712 200
1673778712 161
1673778713 144
1673778713 151
1673778713 123
1673778713 157
1673778713 154
1673778714 135
1673778714 123
1673778715 173
1673778715 173
1673778715 142
1673778716 142
1673778716 161
1673778716 150
1673778717 190
1673778717 159
1673778717 130
1673778718 144
1673778718 132
1673778719 196
1673778719 130
1673778720 102
1673778720 116
1673778720 159
1673778720 129
1673778720 172
1673778720 109
1673778721 115
1673778721 171
1673778722 135
1673778722 149
1673778722 179
1673778722 165
1673778723 115
1673778723 193
1673778723 150
1673778724 162
1673778724 116
1673778724 102
1673778725 115
1673778725 170
1673778725 152
1673778726 160
1673778727 128
1673778727 105
1673778727 195
1673778727 159
1673778729 119
1673778729 122
1673778730 184
1673778731 138
1673778731 106
1673778732 176
1673778732 143
1673778732 136
1673778733 194
1673778733 190
1673778734 119
1673778734 113
1673778735 155
1673778735 196
1673778737 200
1673778737 115
1673778738 149
1673778738 194
1673778738 149
1673778739 114
1673778739 122
1673778739 122
1673778739 156
1673778741 149
1673778741 145
1673778742 163
1673778742 125
1673778742 141
1673778742 144
1673778742 172
1673778742 158
1673778742 123
1673778743 142
1673778743 192
1673778743 183
1673778743 146
1673778743 150
1673778744 153
1673778744 122
1673778744 142
1673778744 109
1673778744 180
1673778746 153
1673778746 115
1673778747 168
1673778747 177
1673778747 157
1673778748 128
1673778748 170
1673778748 145
1673778749 130
1673778750 171
1673778750 105
1673778752 200
1673778752 116
1673778752 137
1673778753 159
1673778755 188
1673778755 114
1673778756 161
1673778757 142
1673778757 113
1673778757 155
1673778758 141
1673778758 171
1673778758 104
1673778758 195
1673778759 149
1673778759 198
1673778760 136
1673778760 181
1673778761 198
1673778763 183
1673778763 168
1673778763 195
1673778763 170
1673778763 172
1673778764 188
1673778765 131
1673778766 116
1673778766 144
1673778766 147
1673778767 198
1673778767 128
1673778767 143
1673778767 169
1673778768 174
1673778769 159
1673778769 103
1673778769 161
1673778770 170
1673778770 186
1673778771 135
1673778771 186
1673778771 132
1673778772 107
1673778773 175
1673778774 140
1673778774 122
1673778774 190
1673778774 200
1673778774 182
1673778774 114
1673778775 197
1673778775 111
1673778775 129
1673778775 106
1673778775 104
1673778775 157
1673778775 152
1673778775 153
1673778775 107
1673778777 198
1673778777 108
1673778777 146
1673778777 131
1673778778 138
1673778779 135
1673778779 183
1673778781 147
1673778782 159
1673778782 122
1673778782 149
1673778783 185
1673778783 150
1673778785 123
1673778786 180
1673778786 115
1673778786 188
1673778787 106
1673778787 194
1673778787 178
1673778787 108
1673778787 137
1673778787 138
1673778788 161
1673778788 140
1673778788 163
1673778788 200
1673778789 102
1673778789 165
1673778789 131
1673778789 148
1673778789 200
1673778790 110
1673778790 163
1673778790 173
1673778791 153
1673778791 105
1673778791 190
1673778792 186
1673778792 146
1673778792 105
1673778793 126
1673778793 145
1673778794 134
1673778794 106
1673778794 155
1673778795 171
1673778796 161
1673778796 194
1673778797 127
1673778797 157
1673778798 113
1673778799 177
1673778799 164
1673778799 150
1673778799 115
1673778800 124
1673778800 137
1673778800 102
1673778801 174
1673778801 102
1673778801 103
1673778801 172
1673778802 134
1673778802 130
1673778803 155
1673778804 198
1673778804 178
1673778804 198
1673778804 148
1673778805 177
1673778805 158
1673778805 192
1673778806 199
1673778807 160
1673778807 146
1673778807 154
1673778808 183
1673778808 118
1673778808 186
1673778809 188
1673778809 198
1673778809 166
1673778810 174
1673778810 175
1673778810 123
1673778810 195
1673778810 115
1673778810 147
1673778811 190
1673778811 184
1673778812 152
1673778812 160
1673778813 127
1673778813 130
1673778813 146
1673778813 129
1673778813 120
1673778814 194
1673778814 144
1673778814 109
1673778816 163
1673778816 192
1673778816 132
1673778816 157
1673778816 178
1673778816 152
1673778817 108
1673778817 144
1673778817 103
1673778817 111
1673778818 191
1673778818 134
1673778818 156
1673778819 184
1673778819 153
1673778819 135
1673778819 144
1673778820 162
1673778821 103
1673778821 145
1673778822 141
1673778823 181
1673778824 172
1673778824 132
1673778824 128
1673778825 184
1673778825 102
1673778825 153
1673778826 133
1673778826 104
1673778826 137
1673778826 153
1673778826 191
1673778826 141
1673778827 162
1673778827 110
1673778827 102
1673778827 160
1673778827 134
1673778827 136
1673778828 155
1673778828 119
1673778829 104
1673778829 123
1673778830 104
1673778830 164
1673778831 124
1673778831 184
1673778832 173
1673778832 117
1673778832 156
1673778833 131
1673778833 112
1673778833 155
1673778833 156
1673778834 121
1673778835 132
1673778835 118
1673778835 101
1673778835 161
1673778836 192
1673778836 150
1673778836 114
1673778836 189
1673778837 184
1673778837 115
1673778837 109
1673778837 200
1673778838 157
1673778838 143
1673778838 140
1673778838 179
1673778838 152
1673778839 130
1673778839 170
1673778839 148
1673778840 138
1673778840 186
1673778840 141
1673778840 103
1673778841 187
1673778841 103
1673778841 191
1673778842 176
1673778842 138
1673778842 161
1673778843 146
1673778844 194
1673778844 197
1673778845 191
1673778845 152
1673778845 147
1673778845 163
1673778845 195
1673778846 188
1673778846 175
1673778847 196
1673778847 144
1673778848 148
1673778848 168
1673778848 174
1673778849 132
1673778849 154
1673778849 150
1673778849 197
1673778850 179
1673778850 132
1673778850 132
1673778850 154
1673778850 110
1673778850 115
1673778851 149
1673778852 169
1673778852 127
1673778852 136
1673778853 105
1673778853 148
1673778854 130
1673778854 138
1673778856 129
1673778856 106
1673778856 121
1673778857 111
1673778858 193
1673778858 156
1673778859 130
1673778859 200
1673778859 180
1673778859 101
1673778860 154
1673778860 114
1673778861 197
1673778861 108
1673778861 110
1673778862 164
1673778862 110
1673778862 123
1673778862 152
1673778863 126
1673778863 144
1673778864 117
1673778864 111
1673778864 146
1673778864 167
1673778865 126
1673778865 179
1673778865 111
1673778866 110
1673778866 160
1673778866 173
1673778866 117
1673778867 191
1673778867 129
1673778867 191
1673778868 156
1673778868 167
1673778869 152
1673778870 150
1673778870 192
1673778871 141
1673778872 111
1673778872 106
1673778873 182
1673778874 137
1673778875 194
1673778875 106
1673778875 200
1673778876 192
1673778876 175
1673778876 146
1673778876 108
1673778876 172
1673778878 127
1673778878 184
1673778878 109
1673778879 184
1673778879 178
1673778879 147
1673778880 166
1673778880 102
1673778880 169
1673778881 163
1673778881 188
1673778883 168
1673778883 182
1673778885 197
1673778885 156
1673778886 169
1673778886 102
1673778886 147
1673778887 107
1673778887 174
1673778887 199
1673778887 123
1673778887 166
1673778888 110
1673778888 163
1673778888 176
1673778888 113
1673778888 188
1673778889 200
1673778889 115
1673778891 133
1673778891 157
1673778891 135
1673778892 167
1673778892 166
1673778892 182
1673778892 184
1673778893 169
1673778893 150
1673778893 101
1673778894 188
1673778894 167
1673778895 135
1673778895 184
1673778895 153
1673778897 114
1673778897 164
1673778897 114
1673778897 138
1673778897 170
1673778898 190
1673778898 174
1673778898 196
1673778898 141
1673778898 130
1673778898 165
1673778899 155
1673778899 157
1673778900 106
1673778900 121
1673778900 156
1673778900 193
1673778901 141
1673778901 102
1673778901 198
1673778901 102
1673778902 124
1673778903 162
1673778903 147
1673778904 102
1673778904 177
1673778905 199
1673778905 164
1673778905 166
1673778905 120
1673778906 121
1673778906 195
1673778907 186
1673778907 103
1673778908 155
1673778908 133
1673778908 133
1673778908 193
1673778909 174
1673778909 113
1673778909 170
1673778909 114
1673778910 118
1673778910 101
1673778910 113
1673778910 177
1673778911 172
1673778911 185
1673778911 200
1673778912 109
1673778912 158
1673778913 144
1673778913 117
1673778913 199
1673778914 113
1673778914 157
1673778915 183
1673778916 137
1673778917 136
1673778917 136
1673778917 104
1673778919 128
1673778921 179
1673778921 133
1673778921 120
1673778921 181
1673778921 196
1673778921 166
1673778922 120
1673778922 124
1673778922 157
1673778922 165
1673778923 159
1673778924 181
1673778924 144
1673778924 129
1673778925 116
1673778925 158
1673778926 106
1673778926 121
1673778927 115
1673778927 107
1673778927 120
1673778927 153
1673778928 143
1673778928 180
1673778928 200
1673778928 149
1673778928 196
1673778929 173
1673778930 196
1673778931 114
1673778931 153
1673778931 160
1673778932 173
1673778932 146
1673778932 139
1673778933 157
1673778933 193
1673778933 170
1673778933 180
1673778933 143
1673778933 182
1673778933 128
1673778933 134
1673778934 133
1673778935 105
1673778935 148
1673778935 124
1673778935 176
1673778935 157
1673778936 120
1673778936 192
1673778936 123
1673778936 116
1673778936 187
1673778937 194
1673778937 166
1673778938 136
1673778938 113
1673778939 147
1673778939 187
1673778939 122
1673778939 193
1673778939 184
1673778940 161
1673778940 150
1673778941 114
1673778941 186
1673778941 151
1673778941 185
1673778941 147
1673778942 139
1673778942 101
1673778944 175
1673778944 133
1673778945 185
1673778945 111
1673778945 153
1673778945 109
1673778945 106
1673778946 161
1673778947 132
1673778947 165
1673778947 166
1673778947 195
1673778947 140
1673778948 159
1673778948 180
1673778948 103
1673778949 110
1673778949 164
1673778950 196
1673778950 193
1673778951 158
1673778953 194
1673778953 146
1673778953 187
1673778954 194
1673778954 146
1673778954 140
1673778955 167
1673778955 141
1673778956 200
1673778956 178
1673778957 150
1673778957 189
1673778957 157
1673778957 141
1673778958 128
1673778958 149
1673778958 188
1673778959 197
1673778959 175
1673778959 184
1673778960 116
1673778960 158
1673778962 188
1673778962 147
1673778962 116
1673778963 129
1673778963 135
1673778963 169
1673778964 124
1673778965 190
1673778965 185
1673778965 128
1673778965 135
1673778965 132
1673778965 199
1673778966 137
1673778966 127
1673778966 180
1673778966 118
1673778967 106
1673778967 155
1673778967 103
1673778968 117
1673778968 111
1673778969 167
1673778969 188
1673778970 194
1673778970 107
1673778970 186
1673778970 168
1673778971 129
1673778971 129
1673778971 111
1673778971 193
1673778971 171
1673778972 165
1673778972 126
1673778972 110
1673778972 199
1673778973 171
1673778973 184
1673778973 132
1673778973 163
1673778974 134
1673778975 193
1673778975 189
1673778975 186
1673778976 182
1673778976 141
1673778976 111
1673778976 102
1673778977 186
1673778977 106
1673778978 173
1673778979 176
1673778979 177
1673778980 180
1673778980 125
1673778980 152
1673778980 104
1673778981 119
1673778981 191
1673778981 124
1673778981 164
1673778982 147
1673778982 131
1673778982 123
1673778982 163
1673778982 172
1673778983 121
1673778984 121
1673778984 199
1673778984 166
1673778984 161
1673778985 155
1673778985 138
1673778985 105
1673778985 175
1673778986 119
1673778987 112
1673778987 147
1673778988 133
1673778988 129
1673778988 139
1673778988 157
1673778988 105
1673778989 150
1673778989 191
1673778989 144
1673778989 123
1673778992 140
1673778992 147
1673778992 200
1673778992 149
1673778993 105
1673778993 170
1673778993 138
1673778994 123
1673778994 155
1673778994 109
1673778994 132
1673778994 131
1673778994 129
1673778996 158
1673778996 188
1673778997 173
1673778997 188
1673778997 109
1673778997 163
1673778997 172
1673778997 107
1673778997 199
1673778998 162
1673778998 184
1673778998 153
1673778998 151
1673778999 116
1673779000 104
1673779000 111
1673779001 129
1673779001 137
1673779001 134
1673779002 105
1673779002 142
1673779002 173
1673779002 181
1673779003 151
1673779003 167
1673779003 200
1673779003 142
1673779003 150
1673779004 177
1673779004 139
1673779005 106
1673779005 133
1673779005 106
1673779005 184
1673779005 170
1673779005 138
1673779006 118
1673779006 189
1673779006 138
1673779007 193
1673779007 111
1673779008 145
1673779008 132
1673779008 198
1673779009 199
1673779009 155
1673779009 145
1673779009 121
1673779009 116
1673779010 190
1673779010 144
1673779010 144
1673779011 145
1673779011 177
1673779011 140
1673779012 177
1673779012 133
1673779012 198
1673779013 114
1673779014 156
1673779014 131
1673779015 194
1673779015 153
1673779015 195
1673779015 112
1673779016 144
1673779016 193
1673779016 120
1673779016 162
1673779017 155
1673779017 153
1673779017 168
1673779017 149
1673779018 107
1673779018 107
1673779019 143
1673779019 191
1673779019 123
1673779019 145
1673779020 159
1673779021 180
1673779021 153
1673779021 188
1673779021 196
1673779021 174
1673779021 183
1673779022 136
1673779022 182
1673779022 197
1673779023 135
1673779023 158
1673779024 132
1673779024 165
1673779025 121
1673779025 140
1673779026 192
1673779026 141
1673779026 187
1673779026 157
1673779027 113
1673779027 188
1673779027 197
1673779027 190
1673779027 186
1673779028 181
1673779028 122
1673779029 160
1673779029 118
1673779029 174
1673779029 169
1673779030 104
1673779030 190
1673779030 166
1673779030 123
1673779031 127
1673779031 109
1673779031 139
1673779032 182
1673779032 179
1673779032 198
1673779032 108
1673779033 191
1673779034 111
1673779035 111
1673779035 137
1673779035 177
1673779036 165
1673779036 116
1673779036 142
1673779037 196
1673779037 178
1673779037 161
1673779038 139
1673779038 163
1673779038 157
1673779039 156
1673779039 115
1673779039 142
1673779039 103
1673779040 134
1673779040 156
1673779040 135
1673779041 180
1673779041 112
1673779041 168
1673779041 138
1673779041 151
1673779041 157
1673779042 128
1673779042 176
1673779043 164
1673779043 152
1673779043 158
1673779044 107
1673779044 186
1673779045 166
1673779045 184
1673779046 170
1673779047 195
1673779047 123
1673779048 108
1673779048 147
1673779049 124
1673779049 170
1673779049 184
1673779050 153
1673779050 182
1673779051 167
1673779051 185
1673779053 137
1673779053 125
1673779053 150
1673779053 165
1673779054 192
1673779054 179
1673779055 197
1673779055 166
1673779056 176
1673779056 166
1673779056 136
1673779056 199
1673779056 174
1673779056 162
1673779056 174
1673779057 179
1673779058 149
1673779058 143
1673779059 176
1673779059 120
1673779059 132
1673779060 162
1673779061 140
1673779061 117
1673779061 126
1673779061 115
1673779062 129
1673779062 170
1673779063 157
1673779063 148
1673779063 185
1673779063 194
1673779064 120
1673779064 190
1673779064 111
1673779064 191
1673779065 141
1673779065 174
1673779065 139
1673779065 185
1673779065 156
1673779066 158
1673779067 148
1673779067 160
1673779068 158
1673779068 183
1673779068 187
1673779068 155
1673779069 171
1673779069 156
1673779070 119
1673779070 169
1673779071 142
1673779071 137
1673779071 134
1673779072 161
1673779072 137
1673779073 114
1673779073 161
1673779073 200
1673779073 108
1673779073 177
1673779073 110
1673779074 111
1673779074 191
1673779074 135
1673779074 136
1673779074 120
1673779075 134
1673779075 103
1673779076 105
1673779077 191
1673779077 138
1673779078 160
1673779078 175
1673779078 109
1673779078 176
1673779078 138
1673779078 111
1673779078 124
1673779079 103
1673779079 107
1673779080 162
1673779080 186
1673779081 128
1673779081 104
1673779082 177
1673779082 162
1673779082 143
1673779082 122
1673779083 148
1673779083 106
1673779083 195
1673779084 146
1673779084 186
1673779084 101
1673779084 190
1673779085 138
1673779085 154
1673779086 190
1673779087 149
1673779087 169
1673779087 158
1673779089 130
1673779089 137
1673779089 154
1673779090 150
1673779090 111
1673779090 178
1673779091 105
1673779091 143
1673779092 195
1673779092 156
1673779093 101
1673779093 147
1673779094 116
1673779094 104
1673779094 106
1673779094 168
1673779094 195
1673779095 114
1673779095 136
1673779095 107
1673779095 111
1673779095 130
1673779096 142
1673779097 155
1673779097 165
1673779097 188
1673779097 116
1673779097 184
1673779098 137
1673779098 102
1673779098 171
1673779098 105
1673779098 164
1673779098 110
1673779098 101
1673779098 195
1673779098 127
1673779098 112
1673779099 177
1673779100 157
1673779100 145
1673779100 146
1673779100 103
1673779100 177
1673779100 138
1673779101 102
1673779101 147
1673779102 104
1673779102 142
1673779102 152
1673779102 140
1673779102 176
1673779102 156
1673779102 146
1673779102 137
1673779103 196
1673779103 160
1673779104 151
1673779104 113
1673779104 172
1673779105 169
1673779105 155
1673779106 178
1673779107 177
1673779107 183
1673779107 196
1673779108 113
1673779109 182
1673779109 134
1673779109 144
1673779111 113
1673779111 167
1673779111 122
1673779112 135
1673779112 198
1673779112 176
1673779113 195
1673779113 153
1673779113 162
1673779114 198
1673779115 141
1673779116 117
1673779116 111
1673779116 129
1673779117 112
1673779117 191
1673779117 160
1673779117 105
1673779117 144
1673779118 132
1673779118 158
1673779118 148
1673779118 159
1673779118 158
1673779119 173
1673779119 106
1673779120 110
1673779120 127
1673779120 180
1673779120 170
1673779121 161
1673779121 136
1673779122 126
1673779122 197
1673779123 130
1673779124 121
1673779125 136
1673779125 164
1673779125 151
1673779126 167
1673779126 118
1673779126 126
1673779126 120
1673779127 134
1673779127 161
1673779127 184
1673779128 175
1673779129 103
1673779129 169
1673779129 107
1673779129 199
1673779129 174
1673779130 186
1673779131 183
1673779131 131
1673779132 191
1673779133 109
1673779133 150
1673779133 162
1673779134 175
1673779134 182
1673779134 171
1673779135 165
1673779135 161
1673779136 104
1673779136 178
1673779138 110
1673779138 198
1673779138 129
1673779139 156
1673779140 185
1673779140 173
1673779140 138
1673779140 107
1673779141 172
1673779141 109
1673779142 117
1673779142 116
1673779143 150
1673779143 159
1673779144 171
1673779144 113
1673779144 116
1673779144 128
1673779144 119
1673779144 115
1673779145 138
1673779145 134
1673779145 175
1673779147 123
1673779147 155
1673779147 159
1673779148 118
1673779148 159
1673779148 151
1673779148 146
1673779149 116
1673779149 133
1673779150 160
1673779150 183
1673779150 198
1673779150 140
1673779151 164
1673779151 127
1673779151 169
1673779152 185
1673779152 153
1673779152 148
1673779153 172
1673779153 124
1673779154 194
1673779154 197
1673779154 138
1673779154 139
1673779154 186
1673779154 123
1673779155 157
1673779155 122
1673779156 183
1673779156 101
1673779157 175
1673779157 102
1673779157 115
1673779158 182
1673779158 133
1673779158 117
1673779159 187
1673779161 141
1673779161 131
1673779162 178
1673779163 196
1673779163 169
1673779163 186
1673779163 175
1673779164 161
1673779164 143
1673779164 183
1673779165 174
1673779165 193
1673779165 182
1673779165 143
1673779165 187
1673779165 102
1673779166 144
1673779166 166
1673779167 164
1673779167 125
1673779168 162
1673779168 137
1673779168 172
1673779169 111
1673779169 181
1673779169 160
1673779169 169
1673779170 199
1673779170 149
1673779170 176
1673779170 131
1673779170 169
1673779170 153
1673779171 188
1673779171 120
1673779171 194
1673779172 186
1673779172 164
1673779172 106
1673779173 105
1673779173 187
1673779174 154
1673779174 162
1673779175 149
1673779176 117
1673779176 133
1673779176 127
1673779177 130
1673779178 112
1673779178 195
1673779179 125
1673779180 175
1673779180 101
1673779180 151
1673779180 102
1673779181 172
1673779181 128
1673779183 113
1673779183 149
1673779184 105
1673779184 150
1673779184 177
1673779185 185
1673779185 162
1673779185 135
1673779185 101
1673779185 136
1673779186 172
1673779186 173
1673779186 105
1673779186 162
1673779188 183
1673779188 106
1673779188 177
1673779188 194
1673779188 107
1673779189 135
1673779189 131
1673779189 190
1673779189 168
1673779189 111
1673779189 160
1673779190 164
1673779190 134
1673779190 128
1673779190 132
1673779191 148
1673779191 161
1673779191 117
1673779192 179
1673779192 185
1673779192 196
1673779192 182
1673779192 105
1673779192 165
1673779192 169
1673779192 128
1673779192 185
1673779193 153
1673779193 153
1673779193 180
1673779193 126
1673779193 200
1673779193 113
1673779193 114
1673779194 170
1673779194 194
1673779195 114
1673779195 131
1673779195 139
1673779195 196
1673779195 125
1673779196 142
1673779196 197
1673779196 144
1673779196 146
1673779196 114
1673779197 152
1673779197 155
1673779197 159
1673779198 187
1673779198 147
1673779198 168
1673779199 183
1673779201 152
1673779201 156
1673779202 199
1673779205 129
1673779205 156
1673779206 132
1673779206 165
1673779207 185
1673779207 146
1673779207 161
1673779207 112
1673779208 102
1673779208 114
1673779209 103
1673779209 101
1673779209 164
1673779209 188
1673779210 135
1673779210 133
1673779210 114
1673779210 177
1673779211 152
1673779212 176
1673779213 190
1673779213 191
1673779214 126
1673779214 180
1673779215 103
1673779215 132
1673779216 125
1673779216 123
1673779216 161
1673779216 158
1673779217 175
1673779218 192
1673779219 181
1673779219 180
1673779219 127
1673779219 112
1673779219 127
1673779219 194
1673779220 190
1673779220 133
1673779220 109
1673779220 149
1673779220 180
1673779221 147
1673779221 121
1673779222 170
1673779222 120
1673779222 152
1673779223 152
1673779223 173
1673779224 179
1673779224 138
1673779224 159
1673779224 105
1673779225 188
1673779225 162
1673779225 156
1673779225 107
1673779226 156
1673779226 137
1673779226 162
1673779227 163
1673779227 182
1673779227 163
1673779227 127
1673779228 182
1673779229 137
1673779229 185
1673779229 143
1673779229 113
1673779231 170
1673779231 163
1673779231 179
1673779231 165
1673779232 118
1673779232 165
1673779233 189
1673779233 144
1673779233 190
1673779233 166
1673779234 113
1673779235 146
1673779235 123
1673779235 164
1673779236 123
1673779236 121
1673779236 127
1673779236 134
1673779237 142
1673779237 122
1673779237 153
1673779238 114
1673779238 132
1673779238 154
1673779238 144
1673779238 155
1673779239 131
1673779239 151
1673779239 109
1673779239 118
1673779239 149
1673779240 169
1673779240 163
1673779240 114
1673779240 184
1673779241 136
1673779241 174
1673779241 173
1673779241 163
1673779242 137
1673779242 190
1673779242 181
1673779243 152
1673779243 164
1673779243 144
1673779244 112
1673779244 161
1673779244 150
1673779245 133
1673779245 151
1673779245 160
1673779245 169
1673779245 104
1673779246 150
1673779246 136
1673779246 184
1673779246 186
1673779246 151
1673779247 170
1673779247 141
1673779247 121
1673779250 199
1673779250 200
1673779251 144
1673779251 177
1673779251 111
1673779252 154
1673779252 129
1673779253 191
1673779253 104
1673779253 107
1673779254 104
1673779255 132
1673779255 200
1673779255 125
1673779255 194
1673779255 121
1673779256 187
1673779257 187
1673779257 137
1673779257 129
1673779257 120
1673779258 145
1673779258 128
1673779258 189
1673779259 134
1673779259 112
1673779259 142
1673779259 115
1673779259 183
1673779260 159
1673779260 111
1673779260 155
1673779260 149
1673779260 106
1673779260 143
1673779260 177
1673779261 166
1673779262 140
1673779262 127
1673779263 156
1673779263 111
1673779263 109
1673779263 107
1673779264 190
1673779264 152
1673779264 104
1673779264 173
1673779265 191
1673779265 165
1673779265 125
1673779265 136
1673779265 159
1673779265 198
1673779266 116
1673779266 111
1673779266 141
1673779267 122
1673779267 133
1673779267 169
1673779267 134
1673779268 106
1673779268 114
1673779268 145
1673779268 107
1673779269 184
1673779270 182
1673779270 159
1673779271 137
1673779271 181
1673779272 120
1673779272 128
1673779273 141
1673779273 113
1673779273 130
1673779273 194
1673779273 136
1673779273 119
1673779274 140
1673779274 172
1673779274 168
1673779275 180
1673779277 195
1673779277 113
1673779277 121
1673779277 151
1673779278 127
1673779278 161
1673779279 111
1673779280 107
1673779280 180
1673779281 145
1673779281 131
1673779281 134
1673779281 170
1673779281 166
1673779282 170
1673779282 161
1673779282 187
1673779282 196
1673779283 189
1673779283 167
1673779284 177
1673779284 151
1673779284 170
1673779285 180
1673779285 164
1673779285 189
1673779286 121
1673779286 194
1673779286 158
1673779286 143
1673779286 197
1673779287 176
1673779287 145
1673779289 181
1673779289 162
1673779289 122
1673779289 168
1673779289 164
1673779290 199
1673779290 111
1673779290 103
1673779290 150
1673779290 193
