1673776802 131
1673776803 178
1673776806 181
1673776806 157
1673776806 180
1673776807 139
1673776809 179
1673776809 115
1673776810 141
1673776810 167
1673776810 185
1673776812 149
1673776813 109
1673776813 156
1673776813 139
1673776815 184
1673776815 128
1673776816 169
1673776818 191
1673776821 112
1673776821 187
1673776821 121
1673776822 147
1673776823 157
1673776823 146
1673776823 145
1673776824 135
1673776824 151
1673776826 130
1673776828 196
1673776828 161
1673776829 162
1673776829 108
1673776830 147
1673776832 169
1673776833 104
1673776833 105
1673776834 157
1673776835 105
1673776836 199
1673776836 183
1673776837 118
1673776837 197
1673776842 141
1673776848 195
1673776849 168
1673776849 103
1673776850 197
1673776850 176
1673776851 118
1673776851 139
1673776853 186
1673776853 169
1673776853 113
1673776857 117
1673776857 134
1673776858 151
1673776860 166
1673776860 187
1673776861 174
1673776862 114
1673776863 186
1673776863 144
1673776866 118
1673776866 159
1673776869 151
1673776869 190
1673776871 181
1673776871 125
1673776872 192
1673776873 104
1673776873 104
1673776874 102
1673776877 108
1673776878 145
1673776878 180
1673776879 176
1673776879 187
1673776880 106
1673776880 123
1673776880 161
1673776880 150
1673776880 189
1673776882 131
1673776883 189
1673776884 121
1673776885 151
1673776885 176
1673776885 188
1673776886 183
1673776886 117
1673776888 179
1673776889 192
1673776889 199
1673776889 169
1673776890 125
1673776892 190
1673776893 103
1673776893 159
1673776894 198
1673776895 165
1673776895 173
1673776897 109
1673776898 172
1673776899 173
1673776899 177
1673776900 163
1673776900 131
1673776900 140
1673776902 132
1673776902 123
1673776903 111
1673776903 116
1673776904 172
1673776904 112
1673776905 151
1673776905 129
1673776915 200
1673776917 159
1673776917 199
1673776917 125
1673776921 199
1673776921 173
1673776923 136
1673776923 183
1673776923 196
1673776923 148
1673776923 141
1673776924 178
1673776924 126
1673776924 121
1673776924 155
1673776925 171
1673776925 174
1673776925 113
1673776925 166
1673776926 155
1673776926 112
1673776927 194
1673776927 145
1673776927 185
1673776927 117
1673776928 160
1673776928 151
1673776929 157
1673776931 135
1673776931 113
1673776931 138
1673776931 106
1673776932 178
1673776932 147
1673776932 108
1673776933 125
1673776933 109
1673776933 171
1673776933 134
1673776933 189
1673776934 178
1673776934 183
1673776934 185
1673776935 145
1673776935 153
1673776936 160
1673776937 124
1673776938 102
1673776938 128
1673776938 171
1673776938 178
1673776938 134
1673776939 193
1673776940 126
1673776940 110
1673776941 139
1673776941 144
1673776941 122
1673776941 146
1673776942 151
1673776942 129
1673776942 148
1673776942 151
1673776942 166
1673776943 152
1673776943 132
1673776943 191
1673776944 106
1673776944 197
1673776945 144
1673776946 170
1673776946 179
1673776947 169
1673776948 138
1673776949 148
1673776949 191
1673776949 199
1673776949 157
1673776950 113
1673776950 143
1673776950 163
1673776951 199
1673776951 168
1673776952 161
1673776952 104
1673776953 119
1673776953 124
1673776954 120
1673776954 161
1673776955 183
1673776956 193
1673776956 139
1673776958 153
1673776958 187
1673776958 172
1673776959 181
1673776959 136
1673776960 179
1673776960 200
1673776960 175
1673776961 109
1673776961 123
1673776961 168
1673776961 157
1673776961 117
1673776961 196
1673776962 107
1673776962 165
1673776963 164
1673776963 142
1673776963 119
1673776964 137
1673776964 200
1673776964 173
1673776965 178
1673776965 161
1673776966 174
1673776966 150
1673776966 187
1673776966 169
1673776966 200
1673776967 186
1673776967 131
1673776967 147
1673776968 123
1673776969 111
1673776970 101
1673776970 198
1673776970 151
1673776971 107
1673776971 114
1673776971 104
1673776972 144
1673776972 123
1673776973 191
1673776973 115
1673776974 151
1673776974 177
1673776974 106
1673776974 169
1673776974 107
1673776975 149
1673776976 185
1673776976 123
1673776976 125
1673776976 160
1673776977 116
1673776978 130
1673776978 144
1673776978 154
1673776978 162
1673776978 166
1673776978 109
1673776979 155
1673776979 154
1673776980 194
1673776980 197
1673776980 161
1673776980 103
1673776982 196
1673776982 117
1673776982 144
1673776983 188
1673776983 112
1673776985 150
1673776986 108
1673776986 158
1673776986 171
1673776987 186
1673776987 172
1673776987 171
1673776988 107
1673776988 188
1673776989 174
1673776990 109
1673776992 162
1673776992 168
1673776995 179
1673776996 195
1673776996 102
1673776996 144
1673776998 130
1673776998 166
1673776999 158
1673776999 110
1673777000 182
1673777000 112
1673777001 134
1673777001 165
1673777001 109
1673777002 138
1673777003 116
1673777003 122
1673777004 150
1673777004 170
1673777004 135
1673777005 159
1673777006 169
1673777007 182
1673777007 108
1673777008 116
1673777008 150
1673777008 137
1673777009 122
1673777009 188
1673777009 123
1673777010 114
1673777011 150
1673777012 137
1673777012 146
1673777013 177
1673777013 193
1673777013 166
1673777013 176
1673777014 151
1673777014 131
1673777015 171
1673777015 101
1673777015 124
1673777017 140
1673777018 104
1673777019 169
1673777019 161
1673777019 149
1673777020 136
1673777021 185
1673777021 196
1673777022 114
1673777022 156
1673777022 155
1673777023 154
1673777024 146
1673777024 152
1673777025 162
1673777025 138
1673777025 144
1673777025 150
1673777025 115
1673777026 112
1673777026 157
1673777026 154
1673777026 197
1673777026 114
1673777027 157
1673777029 171
1673777029 176
1673777029 124
1673777030 124
1673777030 114
1673777031 113
1673777031 180
1673777031 125
1673777032 112
1673777032 101
1673777033 194
1673777033 103
1673777033 174
1673777034 185
1673777034 136
1673777034 107
1673777035 182
1673777035 200
1673777036 150
1673777036 103
1673777036 117
1673777036 137
1673777036 122
1673777036 137
1673777037 111
1673777037 137
1673777038 181
1673777038 107
1673777039 153
1673777039 187
1673777040 168
1673777040 136
1673777040 106
1673777040 189
1673777041 138
1673777041 180
1673777041 167
1673777041 137
1673777042 183
1673777043 128
1673777043 171
1673777043 178
1673777043 106
1673777044 190
1673777044 116
1673777044 140
1673777044 161
1673777045 134
1673777045 111
1673777045 193
1673777046 162
1673777046 181
1673777047 116
1673777047 193
1673777047 193
1673777047 115
1673777047 144
1673777048 200
1673777048 159
1673777048 124
1673777048 182
1673777049 141
1673777049 105
1673777049 140
1673777050 185
1673777050 152
1673777050 192
1673777050 136
1673777051 164
1673777051 153
1673777051 125
1673777051 132
1673777052 116
1673777052 133
1673777053 131
1673777053 185
1673777054 195
1673777054 154
1673777054 119
1673777054 156
1673777055 177
1673777055 117
1673777055 174
1673777055 145
1673777055 188
1673777058 148
1673777058 187
1673777058 182
1673777058 190
1673777058 153
1673777058 106
1673777059 200
1673777059 135
1673777059 140
1673777060 103
1673777060 189
1673777061 173
1673777063 110
1673777063 115
1673777064 174
1673777064 154
1673777064 183
1673777064 196
1673777064 173
1673777064 190
1673777065 167
1673777065 161
1673777065 199
1673777065 195
1673777065 196
1673777065 156
1673777066 174
1673777066 111
1673777066 119
1673777066 187
1673777067 200
1673777067 136
1673777068 185
1673777068 169
1673777068 129
1673777069 161
1673777069 164
1673777069 146
1673777069 126
1673777069 193
1673777070 178
1673777070 148
1673777070 155
1673777071 199
1673777071 123
1673777071 179
1673777073 110
1673777073 178
1673777073 172
1673777073 170
1673777073 151
1673777074 189
1673777074 186
1673777074 102
1673777074 144
1673777075 174
1673777075 142
1673777075 199
1673777076 167
1673777076 115
1673777076 162
1673777076 127
1673777076 181
1673777077 177
1673777078 146
1673777079 197
1673777079 175
1673777079 178
1673777079 112
1673777080 123
1673777080 174
1673777080 101
1673777080 119
1673777080 103
1673777080 141
1673777081 139
1673777081 158
1673777082 110
1673777082 159
1673777082 149
1673777082 188
1673777082 180
1673777082 155
1673777083 141
1673777083 165
1673777084 148
1673777084 181
1673777084 151
1673777084 175
1673777085 149
1673777085 150
1673777086 104
1673777086 134
1673777086 134
1673777088 124
1673777088 144
1673777089 164
1673777089 151
1673777090 194
1673777090 184
1673777091 125
1673777091 117
1673777091 178
1673777091 152
1673777092 195
1673777092 200
1673777092 128
1673777092 160
1673777093 133
1673777093 154
1673777093 113
1673777093 183
1673777094 130
1673777094 197
1673777094 162
1673777094 134
1673777095 173
1673777095 112
1673777095 128
1673777096 102
1673777096 138
1673777097 178
1673777097 156
1673777097 146
1673777097 170
1673777097 111
1673777097 199
1673777097 195
1673777097 119
1673777098 189
1673777098 120
1673777098 132
1673777098 187
1673777099 130
1673777099 125
1673777099 184
1673777099 110
1673777100 138
1673777100 168
1673777100 151
1673777101 160
1673777102 200
1673777102 129
1673777103 109
1673777103 152
1673777105 151
1673777107 113
1673777107 178
1673777107 173
1673777108 140
1673777108 179
1673777108 103
1673777108 104
1673777108 162
1673777110 141
1673777110 105
1673777110 106
1673777110 133
1673777111 193
1673777112 102
1673777112 145
1673777113 143
1673777113 192
1673777113 125
1673777113 167
1673777114 177
1673777114 197
1673777114 114
1673777115 184
1673777115 170
1673777116 112
1673777116 180
1673777117 103
1673777117 197
1673777117 103
1673777118 128
1673777118 143
1673777119 194
1673777119 138
1673777121 138
1673777121 112
1673777121 185
1673777121 189
1673777122 127
1673777122 156
1673777122 151
1673777122 135
1673777122 158
1673777122 142
1673777122 102
1673777122 187
1673777122 158
1673777123 181
1673777123 171
1673777124 125
1673777124 178
1673777125 163
1673777125 124
1673777126 105
1673777126 142
1673777127 161
1673777127 115
1673777127 121
1673777127 144
1673777127 113
1673777129 156
1673777130 169
1673777130 177
1673777130 199
1673777130 132
1673777130 124
1673777132 151
1673777132 172
1673777132 123
1673777132 181
1673777132 183
1673777132 104
1673777133 164
1673777133 183
1673777133 173
1673777133 175
1673777133 131
1673777134 200
1673777134 164
1673777134 174
1673777134 155
1673777135 195
1673777135 149
1673777136 187
1673777136 151
1673777136 127
1673777136 169
1673777137 120
1673777137 161
1673777138 126
1673777138 172
1673777139 121
1673777139 143
1673777140 158
1673777140 143
1673777141 152
1673777141 167
1673777141 173
1673777142 172
1673777142 120
1673777143 141
1673777143 178
1673777144 182
1673777145 166
1673777145 155
1673777145 115
1673777146 105
1673777146 186
1673777147 195
1673777147 133
1673777147 127
1673777147 194
1673777148 150
1673777148 195
1673777150 173
1673777150 104
1673777150 147
1673777150 143
1673777150 191
1673777151 155
1673777152 148
1673777152 165
1673777153 140
1673777153 145
1673777153 191
1673777154 145
1673777154 113
1673777154 180
1673777154 186
1673777155 167
1673777155 192
1673777155 127
1673777155 178
1673777155 134
1673777155 121
1673777155 188
1673777155 112
1673777156 118
1673777156 138
1673777156 177
1673777156 173
1673777157 198
1673777157 111
1673777157 142
1673777157 136
1673777158 103
1673777159 103
1673777159 104
1673777160 135
1673777161 138
1673777162 184
1673777162 132
1673777162 115
1673777163 155
1673777163 188
1673777163 176
1673777164 142
1673777164 179
1673777164 172
1673777164 149
1673777164 198
1673777164 153
1673777164 155
1673777165 164
1673777166 176
1673777166 181
1673777166 129
1673777167 121
1673777167 109
1673777168 189
1673777169 119
1673777169 120
1673777169 191
1673777169 141
1673777169 141
1673777170 112
1673777170 142
1673777170 175
1673777171 129
1673777171 142
1673777171 154
1673777172 109
1673777172 127
1673777173 128
1673777173 181
1673777173 163
1673777174 188
1673777175 162
1673777176 141
1673777176 115
1673777176 117
1673777177 187
1673777178 120
1673777178 166
1673777179 191
1673777179 172
1673777180 194
1673777180 107
1673777180 144
1673777181 139
1673777181 191
1673777181 152
1673777181 121
1673777181 119
1673777182 153
1673777183 154
1673777183 190
1673777183 180
1673777184 115
1673777184 173
1673777184 123
1673777184 181
1673777186 119
1673777186 178
1673777187 162
1673777187 171
1673777188 166
1673777188 139
1673777188 155
1673777189 166
1673777189 168
1673777189 182
1673777189 166
1673777189 173
1673777190 103
1673777190 127
1673777190 154
1673777191 132
1673777191 157
1673777192 108
1673777192 167
1673777193 150
1673777193 178
1673777193 114
1673777194 126
1673777194 184
1673777194 135
1673777195 181
1673777195 199
1673777195 149
1673777195 149
1673777196 189
1673777196 166
1673777197 114
1673777197 200
1673777198 121
1673777199 200
1673777199 154
1673777199 126
1673777199 103
1673777200 199
1673777200 141
1673777201 104
1673777201 104
1673777201 138
1673777202 200
1673777202 105
1673777203 101
1673777204 152
1673777204 172
1673777204 122
1673777205 191
1673777205 169
1673777205 118
1673777205 151
1673777206 116
1673777206 194
1673777206 104
1673777206 136
1673777207 132
1673777207 115
1673777208 113
1673777208 119
1673777208 123
1673777208 142
1673777209 152
1673777210 142
1673777210 162
1673777210 104
1673777211 123
1673777211 184
1673777211 163
1673777212 120
1673777213 119
1673777213 186
1673777213 188
1673777214 163
1673777214 150
1673777214 130
1673777214 119
1673777215 183
1673777215 153
1673777215 187
1673777216 114
1673777217 147
1673777217 125
1673777217 133
1673777218 102
1673777218 162
1673777219 171
1673777219 175
1673777219 161
1673777219 144
1673777220 143
1673777220 154
1673777220 139
1673777221 163
1673777221 148
1673777221 123
1673777222 135
1673777222 154
1673777222 180
1673777222 158
1673777223 158
1673777224 174
1673777224 155
1673777224 173
1673777225 192
1673777225 111
1673777226 149
1673777227 111
1673777227 149
1673777228 116
1673777228 188
1673777229 102
1673777229 145
1673777229 118
1673777229 187
1673777229 175
1673777230 146
1673777232 133
1673777233 137
1673777233 190
1673777234 184
1673777234 138
1673777234 135
1673777235 173
1673777235 154
1673777236 107
1673777236 170
1673777237 108
1673777237 103
1673777239 121
1673777239 166
1673777240 187
1673777240 112
1673777240 105
1673777241 116
1673777241 117
1673777241 162
1673777241 189
1673777242 199
1673777244 154
1673777244 193
1673777244 126
1673777244 167
1673777245 107
1673777247 145
1673777247 165
1673777247 197
1673777248 133
1673777248 102
1673777249 183
1673777249 154
1673777250 106
1673777251 173
1673777251 152
1673777252 200
1673777252 166
1673777253 151
1673777253 198
1673777253 140
1673777254 163
1673777254 174
1673777254 178
1673777254 159
1673777255 153
1673777255 151
1673777256 111
1673777257 183
1673777257 119
1673777257 110
1673777257 129
1673777258 101
1673777258 161
1673777259 148
1673777259 189
1673777260 189
1673777260 119
1673777261 153
1673777261 195
1673777261 143
1673777262 165
1673777262 102
1673777262 162
1673777262 136
1673777263 172
1673777263 165
1673777264 191
1673777264 158
1673777264 177
1673777265 141
1673777265 192
1673777265 171
1673777266 124
1673777266 101
1673777267 200
1673777267 140
1673777267 103
1673777268 186
1673777268 171
1673777268 107
1673777269 104
1673777269 160
1673777269 181
1673777269 143
1673777270 109
1673777271 107
1673777273 141
1673777273 165
1673777273 148
1673777274 187
1673777274 132
1673777275 120
1673777275 183
1673777276 199
1673777276 164
1673777276 169
1673777276 108
1673777277 137
1673777277 111
1673777277 144
1673777278 153
1673777278 145
1673777279 103
1673777279 187
1673777280 177
1673777281 151
1673777281 191
1673777282 137
1673777282 135
1673777282 104
1673777282 110
1673777283 184
1673777283 114
1673777283 186
1673777283 137
1673777284 160
1673777284 124
1673777285 177
1673777285 109
1673777286 152
1673777286 109
1673777286 122
1673777286 152
1673777287 159
1673777289 181
1673777289 179
1673777290 107
1673777290 148
1673777290 151
1673777291 154
1673777292 163
1673777294 103
1673777294 133
1673777295 176
1673777295 111
1673777296 106
1673777296 151
1673777296 103
1673777296 147
1673777297 179
1673777297 154
1673777298 123
1673777298 196
1673777298 155
1673777298 152
1673777298 114
1673777300 162
1673777300 188
1673777300 170
1673777300 190
1673777300 166
1673777300 147
1673777301 137
1673777301 187
1673777301 117
1673777301 151
1673777302 147
1673777303 116
1673777303 122
1673777303 113
1673777303 170
1673777304 157
1673777304 151
1673777304 168
1673777306 124
1673777306 133
1673777306 158
1673777306 144
1673777307 108
1673777308 195
1673777308 128
1673777308 117
1673777310 163
1673777310 174
1673777310 157
1673777311 122
1673777311 170
1673777312 108
1673777312 147
1673777312 111
1673777313 137
1673777314 199
1673777315 134
1673777315 174
1673777316 109
1673777316 134
1673777316 189
1673777318 127
1673777318 178
1673777319 186
1673777319 169
1673777319 148
1673777320 114
1673777321 125
1673777322 119
1673777322 108
1673777322 175
1673777322 109
1673777322 126
1673777323 108
1673777323 155
1673777323 155
1673777323 129
1673777323 129
1673777323 113
1673777324 161
1673777324 133
1673777325 148
1673777325 148
1673777326 193
1673777327 150
1673777327 157
1673777328 151
1673777328 197
1673777328 156
1673777328 167
1673777328 105
1673777329 172
1673777329 102
1673777329 181
1673777329 181
1673777329 138
1673777329 108
1673777329 140
1673777330 132
1673777330 120
1673777330 150
1673777331 199
1673777331 185
1673777331 164
1673777332 147
1673777333 188
1673777333 121
1673777333 131
1673777334 159
1673777335 112
1673777336 132
1673777336 155
1673777336 198
1673777336 177
1673777336 184
1673777336 122
1673777337 187
1673777337 124
1673777338 180
1673777338 148
1673777338 101
1673777339 177
1673777339 156
1673777339 160
1673777340 138
1673777340 197
1673777340 193
1673777340 190
1673777340 125
1673777340 104
1673777340 133
1673777341 103
1673777341 189
1673777341 158
1673777341 105
1673777342 177
1673777342 164
1673777342 177
1673777342 154
1673777342 188
1673777342 175
1673777342 137
1673777343 125
1673777344 105
1673777344 134
1673777344 119
1673777345 135
1673777345 145
1673777347 171
1673777348 143
1673777360 182
1673777360 164
1673777361 114
1673777362 176
1673777362 140
1673777362 154
1673777363 161
1673777363 130
1673777363 131
1673777363 127
1673777364 125
1673777364 131
1673777365 116
1673777365 163
1673777365 144
1673777365 103
1673777365 125
1673777366 163
1673777366 159
1673777367 188
1673777367 152
1673777367 180
1673777368 172
1673777368 173
1673777368 133
1673777368 153
1673777369 186
1673777369 146
1673777369 198
1673777370 109
1673777371 142
1673777372 187
1673777372 106
1673777373 153
1673777373 146
1673777373 102
1673777373 108
1673777374 121
1673777375 171
1673777375 173
1673777375 122
1673777375 184
1673777375 143
1673777376 152
1673777377 132
1673777377 129
1673777377 109
1673777378 125
1673777378 129
1673777378 147
1673777379 126
1673777379 168
1673777379 130
1673777380 110
1673777380 107
1673777380 114
1673777380 111
1673777380 135
1673777381 106
1673777381 173
1673777381 126
1673777382 167
1673777382 151
1673777382 143
1673777382 102
1673777382 102
1673777383 197
1673777383 131
1673777384 123
1673777384 197
1673777386 123
1673777386 118
1673777386 136
1673777386 121
1673777386 133
1673777387 105
1673777387 105
1673777387 133
1673777387 172
1673777387 111
1673777388 144
1673777388 104
1673777388 131
1673777389 107
1673777389 167
1673777389 186
1673777390 157
1673777391 179
1673777391 152
1673777391 180
1673777392 183
1673777392 172
1673777392 159
1673777392 164
1673777392 177
1673777392 171
1673777392 196
1673777393 141
1673777393 172
1673777393 161
1673777393 122
1673777393 105
1673777395 136
1673777395 147
1673777395 147
1673777397 192
1673777397 177
1673777397 158
1673777397 122
1673777397 126
1673777397 161
1673777398 143
1673777398 147
1673777399 180
1673777399 136
1673777399 148
1673777399 133
1673777400 189
1673777400 170
1673777401 172
1673777402 122
1673777402 166
1673777402 129
1673777402 111
1673777402 141
1673777403 184
1673777403 158
1673777403 138
1673777403 153
1673777403 135
1673777404 115
1673777404 108
1673777406 140
1673777406 125
1673777406 159
1673777406 124
1673777407 112
1673777407 110
1673777407 141
1673777408 112
1673777408 115
1673777408 170
1673777409 143
1673777409 158
1673777409 150
1673777410 147
1673777410 173
1673777410 104
1673777410 113
1673777410 140
1673777411 122
1673777411 138
1673777411 129
1673777411 197
1673777412 167
1673777413 128
1673777413 183
1673777414 193
1673777414 113
1673777414 169
1673777414 149
1673777414 115
1673777414 115
1673777415 108
1673777415 104
1673777415 132
1673777415 184
1673777416 176
1673777416 129
1673777416 102
1673777417 112
1673777417 141
1673777417 135
1673777417 135
1673777418 196
1673777418 104
1673777418 140
1673777419 137
1673777419 131
1673777420 139
1673777420 139
1673777420 189
1673777421 118
1673777421 127
1673777421 178
1673777422 136
1673777422 117
1673777422 109
1673777423 191
1673777423 193
1673777424 151
1673777424 152
1673777424 138
1673777425 194
1673777425 147
1673777426 167
1673777426 125
1673777427 102
1673777427 141
1673777427 179
1673777428 109
1673777428 103
1673777428 126
1673777428 165
1673777429 104
1673777429 120
1673777430 146
1673777430 167
1673777430 142
1673777430 189
1673777430 148
1673777430 117
1673777430 122
1673777431 128
1673777431 154
1673777431 105
1673777431 149
1673777432 198
1673777432 119
1673777433 162
1673777433 194
1673777433 197
1673777433 109
1673777434 133
1673777434 106
1673777434 141
1673777435 132
1673777435 181
1673777435 177
1673777435 137
1673777436 151
1673777436 151
1673777437 130
1673777437 154
1673777438 178
1673777438 168
1673777438 198
1673777438 193
1673777438 134
1673777439 123
1673777439 175
1673777439 147
1673777439 153
1673777439 155
1673777439 131
1673777440 171
1673777440 113
1673777441 160
1673777441 103
1673777442 195
1673777442 188
1673777442 140
1673777443 173
1673777444 148
1673777444 189
1673777444 192
1673777444 153
1673777445 170
1673777445 121
1673777445 128
1673777445 138
1673777445 197
1673777445 132
1673777446 139
1673777446 145
1673777447 187
1673777447 175
1673777448 148
1673777448 114
1673777449 143
1673777449 172
1673777449 183
1673777449 122
1673777450 128
1673777450 152
1673777450 114
1673777450 138
1673777450 154
1673777451 194
1673777451 174
1673777451 146
1673777451 141
1673777451 191
1673777452 103
1673777452 161
1673777452 157
1673777452 107
1673777452 123
1673777453 101
1673777453 145
1673777453 188
1673777453 125
1673777454 182
1673777455 194
1673777455 156
1673777455 134
1673777455 159
1673777455 140
1673777455 157
1673777456 116
1673777456 109
1673777456 127
1673777456 190
1673777456 103
1673777456 189
1673777457 142
1673777457 153
1673777457 167
1673777458 192
1673777458 185
1673777458 144
1673777459 176
1673777459 107
1673777460 182
1673777460 188
1673777460 156
1673777460 102
1673777460 153
1673777460 197
1673777460 153
1673777460 198
1673777460 184
1673777461 149
1673777461 190
1673777461 115
1673777461 193
1673777461 131
1673777462 106
1673777463 135
1673777463 122
1673777463 127
1673777464 189
1673777464 135
1673777464 200
1673777465 180
1673777466 199
1673777466 183
1673777467 116
1673777467 135
1673777467 121
1673777467 108
1673777468 138
1673777468 178
1673777468 198
1673777468 118
1673777469 197
1673777469 125
1673777469 112
1673777469 181
1673777471 178
1673777471 141
1673777471 146
1673777471 171
1673777471 178
1673777472 148
1673777472 119
1673777472 102
1673777472 120
1673777472 156
1673777473 125
1673777473 124
1673777474 165
1673777474 164
1673777474 170
1673777475 165
1673777475 125
1673777476 158
1673777476 180
1673777476 120
1673777477 191
1673777477 112
1673777478 188
1673777479 189
1673777480 193
1673777480 154
1673777480 113
1673777480 134
1673777481 165
1673777482 135
1673777482 116
1673777482 119
1673777483 108
1673777483 143
1673777483 195
1673777484 197
1673777484 113
1673777485 164
1673777485 193
1673777485 170
1673777485 111
1673777485 133
1673777486 185
1673777486 104
1673777487 160
1673777487 154
1673777488 123
1673777488 169
1673777489 176
1673777489 172
1673777490 106
1673777490 184
1673777490 142
1673777491 190
1673777491 136
1673777491 142
1673777491 112
1673777491 116
1673777491 154
1673777491 185
1673777491 135
1673777492 176
1673777492 129
1673777492 192
1673777492 109
1673777492 154
1673777492 159
1673777493 192
1673777493 161
1673777494 172
1673777494 120
1673777494 192
1673777494 123
1673777494 199
1673777494 110
1673777494 186
1673777495 140
1673777495 169
1673777495 101
1673777495 159
1673777495 169
1673777495 122
1673777496 158
1673777496 162
1673777496 124
1673777497 179
1673777497 128
1673777497 136
1673777497 191
1673777497 178
1673777498 135
1673777498 132
1673777498 155
1673777498 164
1673777498 183
1673777498 165
1673777498 145
1673777498 132
1673777499 200
1673777500 117
1673777500 191
1673777500 120
1673777500 148
1673777500 144
1673777501 104
1673777501 166
1673777501 118
1673777502 177
1673777503 146
1673777503 174
1673777504 175
1673777504 184
1673777505 124
1673777505 128
1673777506 176
1673777506 197
1673777506 176
1673777507 152
1673777507 144
1673777507 193
1673777507 157
1673777507 164
1673777507 161
1673777508 200
1673777508 131
1673777508 134
1673777508 125
1673777508 189
1673777509 119
1673777509 126
1673777509 182
1673777510 172
1673777510 155
1673777510 129
1673777511 163
1673777511 174
1673777511 139
1673777511 143
1673777512 146
1673777512 199
1673777512 186
1673777512 157
1673777513 191
1673777513 178
1673777514 138
1673777514 114
1673777514 156
1673777515 122
1673777515 127
1673777516 119
1673777516 154
1673777516 156
1673777516 198
1673777516 130
1673777517 106
1673777517 163
1673777517 138
1673777517 112
1673777518 127
1673777518 199
1673777518 172
1673777518 140
1673777519 171
1673777519 148
1673777519 180
1673777520 191
1673777520 148
1673777520 156
1673777521 153
1673777522 123
1673777522 165
1673777523 114
1673777524 165
1673777524 169
1673777524 186
1673777524 170
1673777525 117
1673777526 181
1673777526 121
1673777526 104
1673777526 176
1673777526 151
1673777527 101
1673777528 123
1673777528 166
1673777528 120
1673777528 151
1673777528 138
1673777529 141
1673777530 175
1673777530 188
1673777530 149
1673777530 134
1673777531 172
1673777531 169
1673777532 117
1673777533 168
1673777533 143
1673777533 148
1673777533 122
1673777533 187
1673777533 179
1673777534 149
1673777534 155
1673777536 185
1673777536 156
1673777537 167
1673777537 140
1673777537 153
1673777537 173
1673777537 198
1673777538 184
1673777538 176
1673777538 154
1673777539 147
1673777539 189
1673777541 146
1673777541 166
1673777541 180
1673777541 125
1673777541 134
1673777541 105
1673777541 168
1673777541 190
1673777542 117
1673777542 146
1673777542 184
1673777543 186
1673777543 194
1673777543 131
1673777543 192
1673777544 134
1673777544 178
1673777545 118
1673777545 165
1673777546 146
1673777546 133
1673777547 132
1673777547 184
1673777547 129
1673777548 133
1673777548 135
1673777548 173
1673777548 160
1673777549 181
1673777549 147
1673777550 190
1673777550 123
1673777550 124
1673777550 190
1673777550 174
1673777551 151
1673777551 179
1673777551 121
1673777552 144
1673777552 139
1673777552 194
1673777552 121
1673777553 178
1673777554 198
1673777554 107
1673777554 157
1673777555 165
1673777556 196
1673777556 115
1673777556 121
1673777557 117
1673777557 120
1673777558 110
1673777558 138
1673777558 128
1673777558 151
1673777558 179
1673777559 196
1673777559 194
1673777560 196
1673777560 195
1673777560 135
1673777560 101
1673777561 187
1673777561 189
1673777561 105
1673777561 182
1673777561 124
1673777562 179
1673777562 178
1673777562 174
1673777562 164
1673777562 153
1673777563 166
1673777564 133
1673777564 171
1673777564 118
1673777564 186
1673777565 187
1673777566 197
1673777566 110
1673777567 135
1673777567 156
1673777568 122
1673777568 152
1673777568 189
1673777568 137
1673777568 136
1673777568 189
1673777569 129
1673777569 159
1673777569 183
1673777570 188
1673777571 172
1673777571 170
1673777571 105
1673777572 137
1673777572 178
1673777572 150
1673777572 182
1673777572 178
1673777572 141
1673777573 167
1673777573 193
1673777574 151
1673777574 162
1673777574 109
1673777575 163
1673777575 149
1673777575 137
1673777575 173
1673777575 190
1673777576 185
1673777576 102
1673777576 140
1673777576 157
1673777577 193
1673777578 199
1673777578 164
1673777579 178
1673777579 124
1673777579 111
1673777580 195
1673777580 178
1673777580 174
1673777581 109
1673777581 138
1673777581 140
1673777582 190
1673777583 132
1673777583 197
1673777583 178
1673777583 141
1673777584 118
1673777584 120
1673777584 195
1673777584 151
1673777584 167
1673777585 117
1673777585 192
1673777586 194
1673777586 193
1673777587 156
1673777588 170
1673777588 125
1673777589 119
1673777589 106
1673777590 165
1673777590 138
1673777590 122
1673777590 191
1673777590 128
1673777591 150
1673777592 158
1673777592 105
1673777593 116
1673777593 114
1673777593 157
1673777593 153
1673777593 134
1673777593 175
1673777594 132
1673777594 124
1673777594 199
1673777594 147
1673777595 153
1673777596 152
1673777596 115
1673777596 136
1673777597 102
1673777597 160
1673777597 118
1673777597 181
1673777597 127
1673777598 199
1673777598 104
1673777598 139
1673777598 194
1673777598 151
1673777598 132
1673777599 150
1673777599 196
1673777599 167
1673777599 136
1673777599 167
1673777599 125
1673777600 196
1673777600 118
1673777600 177
1673777601 159
1673777601 165
1673777601 144
1673777601 159
1673777601 189
1673777602 180
1673777603 160
1673777604 101
1673777604 190
1673777604 189
1673777605 146
1673777605 168
1673777606 126
1673777606 165
1673777607 200
1673777607 108
1673777607 134
1673777607 188
1673777607 120
1673777607 110
1673777607 124
1673777608 143
1673777609 131
1673777609 136
1673777610 181
1673777610 133
1673777610 179
1673777610 162
1673777610 200
1673777610 157
1673777611 153
1673777612 198
1673777612 168
1673777612 162
1673777612 180
1673777613 193
1673777613 197
1673777613 111
1673777614 146
1673777614 116
1673777614 164
1673777615 151
1673777615 135
1673777616 169
1673777616 157
1673777616 161
1673777617 174
1673777617 190
1673777617 120
1673777619 161
1673777619 194
1673777621 164
1673777622 154
1673777622 153
1673777622 146
1673777623 193
1673777623 129
1673777623 171
1673777623 119
1673777624 137
1673777624 141
1673777624 152
1673777624 194
1673777624 149
1673777624 133
1673777625 179
1673777625 103
1673777625 131
1673777626 148
1673777626 177
1673777627 134
1673777629 192
1673777629 195
1673777630 186
1673777631 131
1673777631 171
1673777632 125
1673777632 110
1673777632 198
1673777632 162
1673777633 193
1673777634 172
1673777634 163
1673777634 147
1673777634 117
1673777635 130
1673777635 181
1673777636 154
1673777636 115
1673777636 129
1673777637 157
1673777637 192
1673777637 106
1673777637 150
1673777637 157
1673777638 167
1673777639 170
1673777640 178
1673777640 152
1673777641 117
1673777641 158
1673777641 107
1673777641 190
1673777642 188
1673777642 157
1673777642 192
1673777643 108
1673777643 166
1673777643 121
1673777644 154
1673777644 156
1673777645 172
1673777645 154
1673777646 136
1673777646 190
1673777646 134
1673777647 166
1673777648 138
1673777650 148
1673777652 167
1673777657 196
1673777658 105
1673777658 159
1673777658 101
1673777660 102
1673777661 178
1673777662 123
1673777662 118
1673777664 156
1673777664 125
1673777666 137
1673777668 123
1673777669 160
1673777670 181
1673777670 186
1673777671 191
1673777673 155
1673777675 152
1673777675 129
1673777675 122
1673777678 103
1673777678 153
1673777681 142
1673777681 133
1673777683 105
1673777683 110
1673777683 116
1673777683 185
1673777683 150
1673777685 123
1673777687 179
1673777688 177
1673777689 109
1673777689 175
1673777690 199
1673777691 106
1673777691 152
1673777691 195
1673777693 182
1673777694 181
1673777694 193
1673777694 183
1673777694 125
1673777695 163
1673777695 173
1673777695 109
1673777695 146
1673777695 199
1673777695 164
1673777696 171
1673777696 157
1673777697 111
1673777697 101
1673777697 148
1673777697 112
1673777698 104
1673777698 134
1673777698 127
1673777698 129
1673777699 134
1673777700 177
1673777700 152
1673777701 139
1673777701 174
1673777703 161
1673777703 108
1673777704 172
1673777704 174
1673777704 148
1673777704 108
1673777705 156
1673777705 113
1673777707 141
1673777707 143
1673777707 183
1673777708 120
1673777708 186
1673777708 153
1673777709 115
1673777716 181
1673777717 169
1673777717 132
1673777717 167
1673777718 195
1673777718 136
1673777718 166
1673777719 185
1673777719 161
1673777719 159
1673777720 162
1673777720 132
1673777720 198
1673777721 116
1673777721 150
1673777721 121
1673777721 197
1673777721 134
1673777722 105
1673777722 111
1673777722 197
1673777723 183
1673777724 127
1673777725 167
1673777725 172
1673777725 196
1673777726 199
1673777726 132
1673777727 103
1673777727 200
1673777728 162
1673777729 145
1673777730 123
1673777730 155
1673777730 150
1673777730 117
1673777730 156
1673777730 110
1673777731 115
1673777731 112
1673777731 176
1673777732 126
1673777732 157
1673777733 101
1673777733 124
1673777733 185
1673777734 126
1673777734 180
1673777734 158
1673777734 181
1673777735 148
1673777735 129
1673777735 154
1673777735 117
1673777736 105
1673777736 162
1673777736 103
1673777738 135
1673777738 195
1673777738 118
1673777738 170
1673777739 165
1673777739 187
1673777739 124
1673777740 127
1673777740 165
1673777740 131
1673777740 165
1673777740 177
1673777741 127
1673777741 135
1673777742 135
1673777743 184
1673777744 128
1673777745 119
1673777746 107
1673777746 140
1673777746 125
1673777747 150
1673777747 128
1673777747 141
1673777748 101
1673777749 161
1673777750 187
1673777750 113
1673777750 115
1673777750 193
1673777751 117
1673777751 161
1673777752 169
1673777752 163
1673777752 148
1673777752 144
1673777752 161
1673777753 166
1673777753 167
1673777753 166
1673777754 109
1673777754 200
1673777755 148
1673777756 122
1673777756 139
1673777757 170
1673777757 135
1673777757 173
1673777758 140
1673777758 154
1673777759 137
1673777759 111
1673777759 134
1673777759 169
1673777760 123
1673777760 102
1673777760 163
1673777761 161
1673777762 120
1673777763 180
1673777763 186
1673777763 125
1673777764 182
1673777767 199
1673777775 170
1673777778 191
1673777781 142
1673777782 153
1673777785 110
1673777785 176
1673777786 184
1673777788 127
1673777788 119
1673777791 182
1673777800 163
1673777802 148
1673777802 137
1673777802 108
1673777804 146
1673777805 162
1673777807 167
1673777808 133
1673777808 137
1673777808 162
1673777810 125
1673777811 184
1673777811 130
1673777811 176
1673777813 194
1673777813 172
1673777813 129
1673777814 189
1673777815 124
1673777817 150
1673777818 166
1673777818 200
1673777819 159
1673777819 194
1673777819 148
1673777819 109
1673777820 129
1673777820 192
1673777820 155
1673777833 122
1673777834 188
1673777835 102
1673777838 190
1673777839 136
1673777840 129
1673777844 190
1673777844 104
1673777844 196
1673777846 134
1673777846 147
1673777846 169
1673777849 191
1673777849 108
1673777854 180
1673777855 141
1673777856 113
1673777857 150
1673777860 198
1673777860 140
1673777860 153
1673777861 143
1673777861 113
1673777866 147
1673777868 176
1673777868 186
1673777869 131
1673777869 114
1673777869 103
1673777872 198
1673777873 121
1673777875 166
1673777875 161
1673777875 159
1673777875 147
1673777876 137
1673777880 163
1673777888 193
1673777892 143
1673777900 135
1673777902 102
1673777902 152
1673777903 141
1673777904 124
1673777909 163
1673777910 125
1673777910 107
1673777910 165
1673777910 147
1673777910 134
1673777911 119
1673777912 130
1673777914 124
1673777915 177
1673777915 168
1673777915 131
1673777915 178
1673777916 189
1673777917 124
1673777917 167
1673777921 151
1673777921 186
1673777925 141
1673777925 133
1673777927 140
1673777928 194
1673777928 142
1673777928 172
1673777930 146
1673777931 167
1673777932 164
1673777933 162
1673777936 176
1673777936 151
1673777937 179
1673777938 104
1673777938 141
1673777938 104
1673777938 179
1673777939 119
1673777940 175
1673777944 134
1673777944 192
1673777944 133
1673777946 156
1673777947 150
1673777947 179
1673777947 195
1673777948 151
1673777953 125
1673777953 143
1673777954 121
1673777956 150
1673777957 143
1673777959 185
1673777960 172
1673777964 128
1673777964 119
1673777965 114
1673777968 107
1673777968 153
1673777971 172
1673777971 122
1673777971 129
1673777971 168
1673777972 168
1673777973 187
1673777973 114
1673777973 174
1673777976 198
1673777980 176
1673777981 186
1673777982 176
1673777982 129
1673777982 130
1673777984 198
1673777985 171
1673777985 179
1673777986 130
1673777986 138
1673777986 199
1673777987 190
1673777988 129
1673777988 199
1673777988 131
1673777988 174
1673777991 185
1673777996 101
1673777997 167
1673777998 129
1673777999 144
1673778000 138
1673778001 156
1673778001 176
1673778002 126
1673778003 121
1673778004 126
1673778004 196
1673778005 124
1673778007 183
1673778007 114
1673778007 179
1673778007 174
1673778007 144
1673778010 167
1673778010 103
1673778010 130
1673778011 173
1673778011 121
1673778012 159
1673778012 147
1673778012 125
1673778012 179
1673778012 110
1673778013 108
1673778013 110
1673778016 152
1673778016 157
1673778018 138
1673778018 180
1673778026 130
1673778026 156
1673778027 103
1673778030 129
1673778032 165
1673778034 146
1673778034 170
1673778037 168
1673778037 200
1673778044 114
1673778048 149
1673778048 153
1673778049 192
1673778049 118
1673778050 102
1673778056 167
1673778057 157
1673778057 188
1673778063 119
1673778063 151
1673778064 189
1673778065 199
1673778067 162
1673778067 145
1673778068 173
1673778070 103
1673778071 140
1673778072 132
1673778076 123
1673778076 194
1673778080 154
1673778083 107
1673778083 119
1673778083 169
1673778084 121
1673778084 165
1673778084 168
1673778084 113
1673778084 142
1673778086 113
1673778087 172
1673778094 172
1673778094 144
1673778100 126
1673778100 159
1673778101 120
1673778102 131
1673778102 168
1673778107 104
1673778107 101
1673778108 161
1673778119 135
1673778120 178
1673778120 121
1673778122 200
1673778123 143
1673778123 155
1673778127 160
1673778127 128
1673778129 119
1673778130 187
1673778130 159
1673778131 191
1673778138 168
1673778138 185
1673778138 178
1673778139 140
1673778139 182
1673778140 114
1673778140 177
1673778140 159
1673778141 196
1673778144 160
1673778147 114
1673778157 130
1673778157 119
1673778159 193
1673778159 185
1673778160 109
1673778160 145
1673778160 155
1673778161 142
1673778161 124
1673778161 156
1673778162 157
1673778164 147
1673778165 131
1673778165 113
1673778167 111
1673778167 107
1673778168 108
1673778168 179
1673778168 195
1673778169 102
1673778188 106
1673778190 194
1673778190 107
1673778190 169
1673778196 127
1673778196 184
1673778196 120
1673778197 102
1673778197 186
1673778198 129
1673778199 143
1673778201 124
1673778201 172
1673778203 121
1673778204 173
1673778204 158
1673778206 115
1673778207 133
1673778208 103
1673778208 107
1673778208 193
1673778209 187
1673778211 111
1673778212 126
1673778212 120
1673778213 114
1673778214 133
1673778214 133
1673778215 137
1673778215 140
1673778216 114
1673778217 149
1673778217 104
1673778221 123
1673778221 104
1673778221 190
1673778222 160
1673778222 128
1673778225 188
1673778226 165
1673778226 168
1673778227 136
1673778227 169
1673778227 103
1673778228 159
1673778228 125
1673778228 105
1673778229 170
1673778229 125
1673778231 149
1673778232 162
1673778233 120
1673778233 161
1673778234 180
1673778234 140
1673778235 111
1673778235 116
1673778235 180
1673778235 196
1673778236 165
1673778236 189
1673778237 180
1673778237 171
1673778238 182
1673778238 147
1673778238 176
1673778239 103
1673778239 162
1673778239 163
1673778239 162
1673778239 192
1673778239 109
1673778240 153
1673778240 125
1673778240 130
1673778241 157
1673778241 149
1673778241 127
1673778242 193
1673778242 169
1673778242 135
1673778244 165
1673778244 115
1673778244 156
1673778244 114
1673778244 117
1673778245 106
1673778247 187
1673778247 185
1673778247 185
1673778248 155
1673778248 111
1673778248 118
1673778248 166
1673778249 151
1673778249 173
1673778250 195
1673778251 110
1673778251 137
1673778251 126
1673778251 103
1673778252 125
1673778252 150
1673778252 112
1673778253 154
1673778253 118
1673778254 131
1673778254 162
1673778254 173
1673778254 168
1673778254 178
1673778254 134
1673778255 162
1673778256 115
1673778256 170
1673778256 109
1673778256 155
1673778256 147
1673778257 103
1673778257 125
1673778259 190
1673778259 181
1673778260 188
1673778260 146
1673778260 111
1673778261 113
1673778261 130
1673778262 171
1673778262 142
1673778262 108
1673778262 189
1673778262 135
1673778263 179
1673778263 196
1673778264 189
1673778265 175
1673778265 103
1673778265 176
1673778265 190
1673778266 123
1673778266 200
1673778266 196
1673778267 172
1673778267 185
1673778267 129
1673778268 145
1673778269 163
1673778269 178
1673778269 181
1673778269 137
1673778269 128
1673778269 126
1673778270 115
1673778270 141
1673778270 118
1673778272 131
1673778272 114
1673778272 156
1673778272 120
1673778272 190
1673778273 134
1673778273 115
1673778273 130
1673778274 159
1673778274 130
1673778275 105
1673778275 193
1673778275 137
1673778275 107
1673778276 163
1673778276 124
1673778276 153
1673778277 109
1673778277 114
1673778277 121
1673778277 152
1673778278 112
1673778279 138
1673778279 155
1673778280 140
1673778281 146
1673778281 144
1673778281 112
1673778281 188
1673778282 177
1673778282 153
1673778282 171
1673778282 184
1673778284 131
1673778284 145
1673778284 115
1673778285 182
1673778285 175
1673778285 129
1673778285 124
1673778286 112
1673778286 199
1673778286 170
1673778286 162
1673778286 178
1673778287 142
1673778287 189
1673778287 102
1673778288 148
1673778288 130
1673778288 103
1673778288 173
1673778289 153
1673778289 155
1673778289 117
1673778290 125
1673778290 189
1673778290 137
1673778291 155
1673778291 110
1673778291 145
1673778292 182
1673778292 133
1673778292 182
1673778293 188
1673778293 141
1673778293 168
1673778294 175
1673778294 157
1673778294 171
1673778294 106
1673778295 175
1673778295 105
1673778296 147
1673778296 116
1673778296 117
1673778296 182
1673778297 183
1673778297 150
1673778297 180
1673778297 110
1673778297 188
1673778298 166
1673778298 176
1673778298 149
1673778298 145
1673778298 143
1673778298 173
1673778299 171
1673778299 160
1673778299 199
1673778301 108
1673778301 146
1673778301 160
1673778301 135
1673778301 153
1673778304 131
1673778304 198
1673778305 197
1673778305 106
1673778305 121
1673778305 175
1673778306 150
1673778306 184
1673778306 176
1673778306 135
1673778306 116
1673778307 121
1673778307 123
1673778307 126
1673778308 155
1673778308 143
1673778308 136
1673778309 107
1673778309 143
1673778310 199
1673778311 165
1673778312 175
1673778312 104
1673778312 129
1673778313 185
1673778313 133
1673778313 142
1673778313 125
1673778314 118
1673778314 128
1673778314 188
1673778315 126
1673778315 184
1673778316 196
1673778316 147
1673778317 105
1673778317 181
1673778317 144
1673778318 158
1673778318 192
1673778318 167
1673778319 169
1673778319 163
1673778320 146
1673778321 196
1673778321 163
1673778321 195
1673778321 180
1673778321 143
1673778322 195
1673778322 101
1673778323 174
1673778323 140
1673778323 185
1673778323 103
1673778324 191
1673778324 165
1673778324 187
1673778324 118
1673778324 199
1673778325 187
1673778325 112
1673778326 128
1673778326 188
1673778326 198
1673778326 155
1673778327 122
1673778327 197
1673778327 169
1673778329 165
1673778329 157
1673778329 186
1673778329 140
1673778331 135
1673778331 188
1673778331 170
1673778332 137
1673778332 134
1673778333 147
1673778333 102
1673778333 173
1673778333 112
1673778334 127
1673778334 135
1673778335 138
1673778335 178
1673778335 135
1673778336 183
1673778336 170
1673778337 109
1673778337 121
1673778337 114
1673778337 183
1673778338 164
1673778338 132
1673778339 150
1673778339 174
1673778340 167
1673778340 166
1673778340 112
1673778340 163
1673778340 192
1673778341 121
1673778341 112
1673778341 170
1673778341 153
1673778342 141
1673778342 180
1673778342 154
1673778342 182
1673778343 108
1673778343 126
1673778343 116
1673778345 142
1673778345 123
1673778345 113
1673778345 154
1673778346 194
1673778346 130
1673778346 192
1673778347 124
1673778347 176
1673778347 102
1673778348 162
1673778349 148
1673778349 143
1673778349 141
1673778350 119
1673778350 184
1673778351 162
1673778351 192
1673778351 119
1673778351 121
1673778353 170
1673778354 153
1673778354 170
1673778354 183
1673778355 131
1673778355 141
1673778356 163
1673778356 129
1673778357 115
1673778358 181
1673778361 168
1673778361 166
1673778361 121
1673778361 169
1673778362 149
1673778363 121
1673778364 103
1673778364 188
1673778365 167
1673778365 186
1673778365 158
1673778365 135
1673778366 150
1673778366 143
1673778366 130
1673778368 126
1673778368 177
1673778369 179
1673778369 188
1673778369 131
1673778370 123
1673778370 172
1673778370 135
1673778370 173
1673778370 114
1673778371 186
1673778371 175
1673778371 166
1673778372 153
1673778372 102
1673778372 108
1673778372 155
1673778374 179
1673778374 106
1673778375 191
1673778375 133
1673778375 115
1673778375 113
1673778376 177
1673778377 186
1673778377 160
1673778378 181
1673778379 167
1673778379 102
1673778379 114
1673778380 158
1673778382 123
1673778383 150
1673778383 198
1673778383 107
1673778383 185
1673778383 161
1673778384 196
1673778384 155
1673778385 134
1673778385 138
1673778385 161
1673778385 187
1673778386 195
1673778386 200
1673778386 105
1673778386 112
1673778386 184
1673778387 169
1673778387 149
1673778387 132
1673778387 142
1673778387 200
1673778387 108
1673778388 115
1673778388 148
1673778388 127
1673778388 159
1673778390 149
1673778390 133
1673778391 173
1673778392 184
1673778392 106
1673778392 176
1673778393 188
1673778393 199
1673778394 196
1673778394 199
1673778394 111
1673778394 166
1673778394 146
1673778394 122
1673778395 136
1673778395 138
1673778395 122
1673778395 156
1673778395 127
1673778396 195
1673778396 137
1673778397 126
1673778397 148
1673778398 170
1673778398 108
1673778399 124
1673778399 149
1673778400 193
1673778400 143
1673778400 137
1673778401 177
1673778401 155
1673778402 159
1673778402 124
1673778402 180
1673778402 162
1673778404 104
1673778404 128
1673778404 172
1673778405 130
1673778405 161
1673778406 129
1673778407 196
1673778408 173
1673778408 190
1673778408 155
1673778408 169
1673778409 104
1673778409 158
1673778410 138
1673778410 199
1673778410 165
1673778410 153
1673778410 140
1673778410 151
1673778411 171
1673778411 165
1673778412 111
1673778412 170
1673778412 102
1673778413 106
1673778413 171
1673778413 105
1673778413 171
1673778413 192
1673778413 175
1673778414 161
1673778414 153
1673778414 184
1673778415 170
1673778416 159
1673778416 139
1673778416 156
1673778417 148
1673778417 135
1673778417 148
1673778417 128
1673778417 140
1673778417 127
1673778418 115
1673778418 197
1673778418 140
1673778418 151
1673778420 101
1673778420 176
1673778420 101
1673778420 132
1673778421 140
1673778421 113
1673778421 197
1673778422 149
1673778422 191
1673778422 117
1673778423 161
1673778423 181
1673778423 133
1673778423 119
1673778423 141
1673778424 136
1673778424 179
1673778424 114
1673778424 103
1673778425 146
1673778425 184
1673778426 179
1673778427 159
1673778427 199
1673778427 124
1673778428 169
1673778428 163
1673778428 171
1673778429 110
1673778429 159
1673778429 158
1673778430 161
1673778431 199
1673778431 149
1673778432 143
1673778432 157
1673778432 185
1673778432 156
1673778433 142
1673778433 105
1673778433 149
1673778434 107
1673778434 196
1673778434 126
1673778435 142
1673778435 199
1673778435 101
1673778437 148
1673778437 200
1673778437 199
1673778437 164
1673778438 106
1673778438 155
1673778439 196
1673778439 180
1673778439 175
1673778439 196
1673778440 154
1673778440 121
1673778440 160
1673778441 194
1673778441 139
1673778441 114
1673778441 130
1673778442 165
1673778442 166
1673778442 174
1673778442 148
1673778443 171
1673778443 101
1673778443 166
1673778443 192
1673778443 135
1673778444 150
1673778444 122
1673778444 187
1673778445 193
1673778446 108
1673778446 111
1673778446 101
1673778447 127
1673778447 197
1673778447 172
1673778447 189
1673778447 103
1673778447 106
1673778448 153
1673778448 151
1673778448 198
1673778448 152
1673778451 200
1673778451 110
1673778452 138
1673778452 195
1673778452 105
1673778452 136
1673778452 193
1673778453 131
1673778453 186
1673778453 123
1673778454 180
1673778455 130
1673778456 194
1673778457 181
1673778458 106
1673778458 162
1673778459 101
1673778459 109
1673778459 131
1673778460 115
1673778460 170
1673778460 175
1673778460 154
1673778460 180
1673778461 157
1673778461 107
1673778461 173
1673778461 133
1673778461 127
1673778461 195
1673778461 108
1673778462 118
1673778462 159
1673778463 137
1673778463 193
1673778463 182
1673778463 133
1673778465 148
1673778465 113
1673778465 183
1673778465 116
1673778465 118
1673778466 148
1673778466 102
1673778466 133
1673778467 137
1673778469 199
1673778469 177
1673778469 179
1673778470 178
1673778470 123
1673778470 117
1673778472 147
1673778472 177
1673778472 138
1673778472 141
1673778472 168
1673778473 122
1673778474 150
1673778474 185
1673778474 124
1673778475 114
1673778476 126
1673778476 114
1673778476 171
1673778477 110
1673778477 178
1673778477 150
1673778477 159
1673778478 162
1673778478 164
1673778478 193
1673778478 104
1673778479 193
1673778479 142
1673778479 143
1673778479 183
1673778479 177
1673778479 110
1673778480 139
1673778480 108
1673778480 182
1673778480 124
1673778481 113
1673778481 183
1673778481 116
1673778482 102
1673778482 102
1673778482 130
1673778482 195
1673778482 107
1673778483 170
1673778483 167
1673778485 134
1673778485 103
1673778485 175
1673778486 193
1673778487 147
1673778488 106
1673778488 188
1673778489 198
1673778489 145
1673778490 147
1673778490 170
1673778491 163
1673778492 148
1673778492 146
1673778492 110
1673778492 163
1673778492 159
1673778493 159
1673778493 119
1673778493 187
1673778493 153
1673778494 128
1673778494 168
1673778495 104
1673778495 115
1673778495 118
1673778495 132
1673778496 141
1673778496 184
1673778497 195
1673778497 132
1673778497 105
1673778498 176
1673778498 111
1673778498 156
1673778498 154
1673778498 136
1673778499 176
1673778499 139
1673778499 193
1673778499 116
1673778499 180
1673778499 186
1673778500 184
1673778500 157
1673778501 169
1673778501 165
1673778501 167
1673778502 140
1673778502 159
1673778504 123
1673778504 125
1673778504 191
1673778505 154
1673778505 154
1673778505 161
1673778505 121
1673778505 115
1673778506 120
1673778506 103
1673778506 184
1673778506 189
1673778507 116
1673778507 197
1673778508 104
1673778508 102
1673778508 131
1673778509 101
1673778509 154
1673778510 160
1673778510 164
1673778510 136
1673778510 139
1673778511 166
1673778512 192
1673778512 175
1673778513 153
1673778514 122
1673778514 130
1673778514 159
1673778515 137
1673778515 122
1673778515 173
1673778515 185
1673778515 152
1673778515 164
1673778515 165
1673778516 181
1673778516 102
1673778516 198
1673778516 197
1673778517 180
1673778517 131
1673778517 153
1673778517 140
1673778518 189
1673778520 167
1673778520 153
1673778521 196
1673778521 194
1673778521 171
1673778522 131
1673778522 127
1673778523 104
1673778523 138
1673778523 178
1673778524 111
1673778524 193
1673778524 193
1673778524 136
1673778525 135
1673778526 119
1673778526 195
1673778527 125
1673778528 150
1673778528 192
1673778529 128
1673778529 188
1673778529 110
1673778530 145
1673778530 182
1673778531 131
1673778531 145
1673778532 134
1673778532 146
1673778532 191
1673778533 118
1673778533 189
1673778534 197
1673778535 196
1673778535 166
1673778535 146
1673778536 150
1673778536 132
1673778536 159
1673778536 150
1673778536 136
1673778537 110
1673778537 180
1673778538 142
1673778538 107
1673778538 176
1673778538 185
1673778539 196
1673778539 126
1673778539 139
1673778539 137
1673778540 185
1673778541 167
1673778542 197
1673778542 174
1673778542 178
1673778542 147
1673778542 199
1673778543 146
1673778543 108
1673778544 149
1673778544 178
1673778544 148
1673778544 172
1673778545 160
1673778545 193
1673778546 197
1673778547 154
1673778547 146
1673778547 197
1673778548 181
1673778549 161
1673778549 123
1673778549 111
1673778550 160
1673778550 159
1673778550 104
1673778551 118
1673778552 104
1673778553 134
1673778554 142
1673778554 131
1673778556 189
1673778557 179
1673778557 101
1673778557 187
1673778558 176
1673778558 143
1673778558 131
1673778559 121
1673778560 139
1673778560 157
1673778562 103
1673778562 132
1673778562 122
1673778563 153
1673778564 189
1673778564 116
1673778564 102
1673778564 181
1673778565 175
1673778566 199
1673778566 192
1673778566 132
1673778567 131
1673778567 148
1673778567 138
1673778568 155
1673778568 167
1673778569 135
1673778569 137
1673778569 160
1673778569 128
1673778569 125
1673778569 179
1673778570 178
1673778570 102
1673778570 112
1673778571 122
1673778571 135
1673778571 172
1673778571 187
1673778572 106
1673778572 156
1673778572 112
1673778573 118
1673778574 180
1673778574 113
1673778574 156
1673778574 141
1673778576 101
1673778576 162
1673778577 192
1673778577 151
1673778577 144
1673778577 181
1673778578 188
1673778578 139
1673778578 165
1673778578 110
1673778578 141
1673778580 189
1673778580 168
1673778580 172
1673778581 176
1673778581 199
1673778582 122
1673778582 193
1673778582 137
1673778583 116
1673778584 141
1673778584 109
1673778584 197
1673778584 117
1673778585 122
1673778586 101
1673778586 160
1673778586 163
1673778586 117
1673778586 145
1673778587 148
1673778587 154
1673778588 133
1673778588 174
1673778589 138
1673778589 177
1673778590 116
1673778590 162
1673778590 103
1673778590 170
1673778590 185
1673778590 113
1673778591 165
1673778591 140
1673778591 161
1673778591 179
1673778592 109
1673778592 118
1673778593 137
1673778593 151
1673778593 147
1673778594 138
1673778594 131
1673778594 155
1673778594 194
1673778594 115
1673778595 120
1673778595 164
1673778595 129
1673778596 151
1673778597 181
1673778597 180
1673778598 157
1673778598 116
1673778598 130
1673778598 134
1673778599 173
1673778599 121
1673778600 175
1673778600 123
1673778601 105
1673778601 136
1673778601 127
1673778601 183
1673778602 191
1673778602 101
1673778602 114
1673778603 162
1673778603 152
1673778604 193
1673778604 171
1673778604 197
1673778604 120
1673778605 187
1673778605 200
1673778605 136
1673778606 194
1673778606 123
1673778607 162
1673778607 163
1673778607 105
1673778607 175
1673778608 106
1673778608 194
1673778608 116
1673778608 151
1673778609 165
1673778609 105
1673778609 191
1673778610 116
1673778610 192
1673778611 136
1673778611 155
1673778612 150
1673778612 160
1673778612 166
1673778612 167
1673778612 153
1673778612 122
1673778613 164
1673778613 180
1673778613 146
1673778613 123
1673778614 158
1673778614 123
1673778614 101
1673778614 137
1673778615 116
1673778615 116
1673778616 178
1673778617 105
1673778617 106
1673778617 135
1673778618 126
1673778618 106
1673778620 111
1673778620 188
1673778621 109
1673778621 191
1673778622 181
1673778622 196
1673778622 118
1673778624 170
1673778624 123
1673778625 157
1673778625 145
1673778625 176
1673778625 125
1673778626 146
1673778626 134
1673778626 109
1673778626 187
1673778626 156
1673778627 153
1673778627 142
1673778627 132
1673778627 139
1673778628 110
1673778628 104
1673778629 131
1673778630 129
1673778630 123
1673778630 162
1673778631 161
1673778631 133
1673778631 131
1673778631 110
1673778632 179
1673778633 114
1673778633 147
1673778634 174
1673778634 104
1673778635 177
1673778635 115
1673778635 155
1673778635 178
1673778635 191
1673778636 141
1673778636 127
1673778636 178
1673778638 107
1673778638 175
1673778638 109
1673778639 119
1673778640 139
1673778640 111
1673778641 180
1673778641 110
1673778642 117
1673778642 134
1673778642 174
1673778643 157
1673778643 198
1673778643 174
1673778644 140
1673778644 105
1673778645 117
1673778645 115
1673778646 195
1673778646 182
1673778647 161
1673778647 101
1673778647 166
1673778647 133
1673778647 151
1673778647 134
1673778647 145
1673778648 149
1673778648 102
1673778648 175
1673778649 138
1673778649 163
1673778649 170
1673778650 191
1673778650 142
1673778651 183
1673778651 172
1673778652 123
1673778652 195
1673778653 152
1673778653 129
1673778654 164
1673778654 156
1673778655 171
1673778655 117
1673778655 133
1673778655 125
1673778655 197
1673778656 114
1673778656 161
1673778656 145
1673778657 182
1673778657 127
1673778657 192
1673778657 131
1673778657 192
1673778658 153
1673778658 170
1673778658 183
1673778659 156
1673778659 147
1673778659 116
1673778659 102
1673778659 136
1673778660 198
1673778660 117
1673778660 133
1673778660 121
1673778660 101
1673778660 132
1673778660 185
1673778661 141
1673778661 110
1673778662 172
1673778662 130
1673778662 109
1673778662 129
1673778663 137
1673778663 131
1673778663 169
1673778664 167
1673778664 137
1673778665 165
1673778666 173
1673778666 180
1673778667 119
1673778667 143
1673778667 137
1673778667 197
1673778668 157
1673778668 119
1673778668 134
1673778668 105
1673778669 186
1673778670 191
1673778670 151
1673778670 121
1673778670 167
1673778670 167
1673778671 171
1673778671 184
1673778673 161
1673778673 108
1673778674 165
1673778675 187
1673778675 195
1673778676 141
1673778676 137
1673778676 123
1673778676 188
1673778676 180
1673778676 103
1673778676 138
1673778677 185
1673778677 142
1673778678 200
1673778678 175
1673778678 146
1673778678 113
1673778678 124
1673778679 111
1673778679 152
1673778679 136
1673778679 126
1673778679 172
1673778679 136
1673778680 128
1673778680 171
1673778681 106
1673778681 182
1673778682 168
1673778682 197
1673778682 122
1673778682 141
1673778683 200
1673778683 149
1673778684 127
1673778684 191
1673778685 138
1673778685 145
1673778685 163
1673778685 189
1673778686 183
1673778687 145
1673778687 128
1673778687 200
1673778688 129
1673778688 109
1673778688 107
1673778689 181
1673778690 117
1673778690 180
1673778691 143
1673778691 173
1673778691 171
1673778691 200
1673778692 126
1673778692 122
1673778693 163
1673778693 142
1673778693 163
1673778694 145
1673778694 137
1673778694 144
1673778694 200
1673778696 170
1673778696 198
1673778696 108
1673778696 133
1673778696 195
1673778697 124
1673778697 125
1673778697 144
1673778697 184
1673778697 106
1673778697 139
1673778698 181
1673778698 161
1673778698 124
1673778698 183
1673778698 185
1673778698 130
1673778698 136
1673778699 117
1673778699 127
1673778699 159
1673778699 153
1673778700 157
1673778700 130
1673778700 166
1673778701 115
1673778702 152
1673778702 119
1673778702 179
1673778702 128
1673778702 169
1673778702 142
1673778703 175
1673778703 189
1673778703 124
1673778703 165
1673778704 102
1673778704 143
1673778705 149
1673778705 116
1673778705 173
1673778706 132
1673778707 149
1673778708 183
1673778708 158
1673778708 167
1673778708 170
1673778709 172
1673778709 158
1673778709 141
1673778710 154
1673778711 158
1673778711 141
1673778711 171
1673778712 136
1673778712 154
1673778714 183
1673778714 133
1673778715 157
1673778715 143
1673778715 155
1673778715 105
1673778716 121
1673778716 173
1673778716 191
1673778716 149
1673778717 104
1673778717 103
1673778717 116
1673778718 198
1673778718 133
1673778718 168
1673778718 148
1673778719 126
1673778719 191
1673778719 141
1673778719 112
1673778719 132
1673778719 173
1673778720 199
1673778720 172
1673778721 178
1673778721 173
1673778721 116
1673778721 184
1673778722 146
1673778722 133
1673778722 164
1673778723 159
1673778723 176
1673778723 152
1673778724 176
1673778724 139
1673778724 186
1673778725 109
1673778726 148
1673778726 183
1673778726 125
1673778726 145
1673778727 193
1673778727 129
1673778727 159
1673778727 193
1673778727 199
1673778728 160
1673778729 178
1673778730 112
1673778730 155
1673778730 170
1673778730 146
1673778730 198
1673778730 192
1673778730 125
1673778731 116
1673778731 117
1673778732 151
1673778732 172
1673778733 195
1673778733 176
1673778734 110
1673778735 119
1673778735 178
1673778735 150
1673778735 114
1673778735 131
1673778735 128
1673778736 112
1673778737 107
1673778738 113
1673778738 173
1673778738 119
1673778738 103
1673778738 136
1673778739 151
1673778739 121
1673778739 169
1673778739 195
1673778739 104
1673778739 118
1673778740 130
1673778740 177
1673778740 107
1673778741 190
1673778741 102
1673778741 200
1673778741 193
1673778741 198
1673778741 190
1673778742 191
1673778742 134
1673778742 131
1673778742 127
1673778742 164
1673778742 200
1673778742 156
1673778743 200
1673778744 199
1673778744 110
1673778744 189
1673778745 132
1673778745 105
1673778745 185
1673778745 141
1673778745 131
1673778747 141
1673778747 184
1673778747 153
1673778747 112
1673778747 106
1673778747 154
1673778749 132
1673778750 141
1673778750 131
1673778751 117
1673778751 120
1673778751 176
1673778751 146
1673778752 150
1673778752 103
1673778752 131
1673778753 171
1673778754 136
1673778754 134
1673778754 175
1673778754 101
1673778754 127
1673778754 180
1673778755 171
1673778755 122
1673778755 174
1673778755 138
1673778755 190
1673778756 124
1673778756 197
1673778756 141
1673778758 161
1673778759 149
1673778759 198
1673778760 144
1673778761 135
1673778761 114
1673778761 101
1673778761 198
1673778761 109
1673778762 134
1673778762 150
1673778763 159
1673778763 112
1673778763 153
1673778763 198
1673778763 168
1673778764 126
1673778764 104
1673778764 184
1673778764 108
1673778765 184
1673778765 127
1673778765 107
1673778765 195
1673778765 126
1673778765 191
1673778765 106
1673778765 139
1673778766 105
1673778766 186
1673778766 134
1673778766 126
1673778767 187
1673778769 193
1673778769 120
1673778771 159
1673778771 148
1673778771 130
1673778771 162
1673778771 185
1673778772 107
1673778772 196
1673778773 145
1673778773 127
1673778773 109
1673778773 107
1673778773 200
1673778773 158
1673778774 152
1673778774 155
1673778774 158
1673778774 167
1673778775 180
1673778775 165
1673778775 168
1673778776 148
1673778776 195
1673778777 110
1673778777 167
1673778777 107
1673778777 113
1673778778 194
1673778778 161
1673778778 191
1673778778 193
1673778779 188
1673778780 171
1673778780 104
1673778780 176
1673778782 110
1673778782 110
1673778783 106
1673778783 176
1673778783 127
1673778784 121
1673778784 136
1673778785 113
1673778786 105
1673778786 180
1673778786 122
1673778786 189
1673778787 190
1673778787 157
1673778787 107
1673778788 169
1673778788 194
1673778788 199
1673778788 153
1673778788 159
1673778788 188
1673778789 197
1673778790 131
1673778790 133
1673778791 128
1673778791 133
1673778792 143
1673778792 193
1673778792 156
1673778792 187
1673778793 124
1673778793 140
1673778794 139
1673778794 187
1673778794 188
1673778794 173
1673778795 195
1673778795 119
1673778795 144
1673778795 136
1673778796 173
1673778797 194
1673778797 119
1673778797 144
1673778797 187
1673778798 199
1673778798 145
1673778799 145
1673778799 181
1673778799 170
1673778800 101
1673778801 188
1673778801 107
1673778802 156
1673778803 124
1673778803 104
1673778803 162
1673778804 121
1673778804 144
1673778804 126
1673778805 112
1673778805 145
1673778805 119
1673778806 188
1673778806 180
1673778806 103
1673778807 137
1673778807 127
1673778807 102
1673778808 160
1673778808 146
1673778809 121
1673778809 126
1673778810 181
1673778810 154
1673778810 130
1673778811 198
1673778811 155
1673778811 183
1673778812 153
1673778812 118
1673778813 136
1673778813 122
1673778813 125
1673778813 139
1673778813 129
1673778814 141
1673778814 133
1673778814 157
1673778815 111
1673778816 149
1673778819 177
1673778820 173
1673778820 132
1673778820 105
1673778820 114
1673778821 113
1673778822 109
1673778822 183
1673778823 189
1673778823 158
1673778823 193
1673778824 200
1673778824 190
1673778826 145
1673778826 165
1673778826 171
1673778826 124
1673778826 187
1673778826 162
1673778827 133
1673778827 167
1673778828 181
1673778829 167
1673778829 138
1673778829 123
1673778830 176
1673778830 170
1673778831 152
1673778831 190
1673778832 154
1673778833 123
1673778833 153
1673778833 113
1673778833 143
1673778834 164
1673778834 171
1673778834 121
1673778834 104
1673778834 191
1673778835 154
1673778835 124
1673778836 184
1673778836 126
1673778837 180
1673778837 176
1673778838 106
1673778838 189
1673778838 129
1673778839 164
1673778839 188
1673778840 111
1673778840 115
1673778840 116
1673778840 124
1673778841 199
1673778841 172
1673778841 131
1673778841 181
1673778841 197
1673778841 101
1673778841 118
1673778841 131
1673778842 125
1673778842 160
1673778842 123
1673778842 175
1673778842 188
1673778843 143
1673778843 101
1673778843 172
1673778843 112
1673778844 197
1673778844 133
1673778844 111
1673778844 200
1673778845 181
1673778845 132
1673778845 140
1673778845 132
1673778846 102
1673778846 108
1673778846 137
1673778846 175
1673778847 198
1673778847 198
1673778848 171
1673778848 181
1673778848 115
1673778848 138
1673778848 165
1673778849 106
1673778850 121
1673778850 143
1673778850 163
1673778850 132
1673778851 163
1673778851 107
1673778851 155
1673778851 185
1673778853 137
1673778853 175
1673778854 158
1673778854 150
1673778854 135
1673778855 196
1673778855 122
1673778856 162
1673778857 101
1673778857 176
1673778857 145
1673778858 159
1673778858 186
1673778858 189
1673778859 151
1673778859 158
1673778859 146
1673778859 179
1673778859 174
1673778860 119
1673778860 183
1673778861 107
1673778861 178
1673778861 147
1673778861 198
1673778861 197
1673778862 170
1673778862 192
1673778862 186
1673778862 180
1673778863 137
1673778863 173
1673778863 117
1673778863 157
1673778863 145
1673778863 130
1673778864 116
1673778864 139
1673778864 152
1673778864 192
1673778864 182
1673778865 123
1673778865 198
1673778865 200
1673778865 172
1673778866 176
1673778866 140
1673778866 161
1673778866 157
1673778867 165
1673778867 187
1673778867 144
1673778868 112
1673778868 136
1673778868 132
1673778869 179
1673778869 107
1673778870 117
1673778871 134
1673778871 195
1673778872 126
1673778872 141
1673778872 168
1673778873 142
1673778873 160
1673778873 140
1673778874 167
1673778874 197
1673778875 175
1673778875 152
1673778876 187
1673778876 168
1673778877 160
1673778877 138
1673778877 198
1673778877 195
1673778878 195
1673778878 122
1673778879 103
1673778879 118
1673778880 148
1673778881 184
1673778881 105
1673778881 139
1673778881 182
1673778881 198
1673778881 118
1673778881 168
1673778882 170
1673778882 151
1673778882 173
1673778882 169
1673778883 186
1673778883 108
1673778884 128
1673778884 195
1673778884 180
1673778885 163
1673778885 114
1673778886 117
1673778887 164
1673778888 138
1673778888 194
1673778888 188
1673778889 135
1673778889 170
1673778889 141
1673778890 189
1673778890 145
1673778891 138
1673778891 124
1673778892 114
1673778892 112
1673778893 181
1673778893 158
1673778893 147
1673778894 142
1673778895 200
1673778895 159
1673778896 140
1673778897 190
1673778897 200
1673778897 197
1673778897 177
1673778897 121
1673778897 189
1673778898 177
1673778898 150
1673778899 118
1673778900 125
1673778900 143
1673778900 140
1673778901 130
1673778901 108
1673778901 126
1673778902 172
1673778902 176
1673778902 167
1673778903 161
1673778903 147
1673778904 176
1673778905 137
1673778905 157
1673778905 190
1673778906 156
1673778907 116
1673778907 105
1673778908 143
1673778908 160
1673778908 151
1673778908 132
1673778908 131
1673778909 188
1673778909 192
1673778909 112
1673778909 132
1673778909 185
1673778910 148
1673778911 183
1673778911 192
1673778912 123
1673778912 127
1673778913 200
1673778913 159
1673778914 162
1673778914 121
1673778914 172
1673778915 105
1673778915 149
1673778916 153
1673778916 147
1673778916 172
1673778917 172
1673778917 178
1673778917 147
1673778917 182
1673778917 189
1673778917 193
1673778918 168
1673778918 156
1673778918 172
1673778918 194
1673778919 176
1673778919 105
1673778919 199
1673778919 200
1673778920 148
1673778920 121
1673778920 191
1673778921 166
1673778921 199
1673778923 157
1673778923 117
1673778923 177
1673778923 103
1673778924 169
1673778924 199
1673778925 133
1673778925 194
1673778925 109
1673778926 165
1673778926 198
1673778926 151
1673778927 152
1673778927 142
1673778927 115
1673778928 119
1673778928 143
1673778928 135
1673778928 195
1673778929 166
1673778929 132
1673778930 134
1673778930 191
1673778931 180
1673778931 189
1673778931 186
1673778931 113
1673778931 108
1673778932 199
1673778932 149
1673778932 103
1673778932 131
1673778933 125
1673778933 147
1673778934 105
1673778935 170
1673778935 158
1673778935 109
1673778936 165
1673778936 190
1673778936 136
1673778936 146
1673778936 136
1673778937 156
1673778937 161
1673778938 158
1673778938 109
1673778938 127
1673778939 139
1673778939 170
1673778940 105
1673778940 144
1673778940 112
1673778940 181
1673778941 193
1673778942 109
1673778942 178
1673778943 138
1673778944 175
1673778944 156
1673778945 154
1673778946 132
1673778946 108
1673778947 166
1673778947 178
1673778947 133
1673778948 188
1673778948 192
1673778949 133
1673778949 173
1673778949 107
1673778949 145
1673778949 107
1673778949 142
1673778950 186
1673778951 120
1673778951 142
1673778952 178
1673778952 199
1673778953 166
1673778953 169
1673778953 101
1673778953 134
1673778953 181
1673778953 192
1673778954 193
1673778954 136
1673778954 138
1673778954 140
1673778954 103
1673778954 119
1673778954 196
1673778955 120
1673778955 115
1673778955 192
1673778955 151
1673778956 131
1673778956 157
1673778956 105
1673778956 123
1673778957 129
1673778958 183
1673778958 157
1673778958 105
1673778959 133
1673778960 135
1673778960 137
1673778961 115
1673778961 125
1673778962 104
1673778962 102
1673778962 132
1673778963 197
1673778964 102
1673778964 151
1673778964 147
1673778965 159
1673778965 138
1673778965 159
1673778965 196
1673778965 181
1673778966 146
1673778967 168
1673778968 115
1673778968 154
1673778969 187
1673778970 193
1673778970 197
1673778970 178
1673778970 174
1673778971 200
1673778972 199
1673778972 164
1673778973 197
1673778973 120
1673778973 115
1673778974 176
1673778974 125
1673778974 177
1673778974 119
1673778974 123
1673778975 117
1673778975 117
1673778976 158
1673778976 107
1673778976 132
1673778977 125
1673778977 144
1673778977 183
1673778978 174
1673778978 143
1673778978 156
1673778978 137
1673778979 151
1673778979 127
1673778980 172
1673778980 132
1673778980 103
1673778980 185
1673778981 144
1673778981 101
1673778981 116
1673778982 152
1673778982 185
1673778982 160
1673778982 141
1673778982 149
1673778982 194
1673778983 106
1673778983 120
1673778983 182
1673778984 121
1673778984 163
1673778984 133
1673778984 149
1673778985 173
1673778985 159
1673778985 141
1673778986 152
1673778986 195
1673778986 155
1673778987 130
1673778988 188
1673778988 174
1673778988 198
1673778989 194
1673778989 172
1673778990 136
1673778990 132
1673778990 132
1673778991 172
1673778991 152
1673778991 159
1673778992 127
1673778993 107
1673778994 136
1673778994 145
1673778994 170
1673778994 182
1673778995 101
1673778995 105
1673778995 137
1673778995 148
1673778995 124
1673778995 123
1673778995 151
1673778996 150
1673778997 188
1673778997 171
1673778998 150
1673778998 151
1673778998 101
1673778998 177
1673778999 173
1673779000 145
1673779000 165
1673779000 143
1673779001 197
1673779002 187
1673779002 161
1673779003 137
1673779003 174
1673779003 183
1673779003 179
1673779004 193
1673779004 197
1673779004 155
1673779004 166
1673779005 190
1673779005 188
1673779005 174
1673779005 185
1673779006 151
1673779006 105
1673779007 109
1673779007 159
1673779007 189
1673779008 186
1673779008 181
1673779008 119
1673779009 120
1673779009 150
1673779010 198
1673779010 133
1673779010 198
1673779011 185
1673779011 102
1673779012 121
1673779012 180
1673779012 122
1673779013 171
1673779013 140
1673779013 145
1673779013 106
1673779013 198
1673779014 159
1673779014 172
1673779015 174
1673779015 138
1673779015 193
1673779015 119
1673779015 125
1673779015 165
1673779017 145
1673779017 184
1673779017 183
1673779018 115
1673779018 158
1673779018 115
1673779018 113
1673779018 172
1673779018 137
1673779018 125
1673779018 182
1673779019 120
1673779019 172
1673779020 145
1673779021 135
1673779021 183
1673779021 155
1673779021 178
1673779021 120
1673779022 144
1673779022 193
1673779023 179
1673779023 181
1673779023 121
1673779024 140
1673779024 188
1673779024 149
1673779024 129
1673779024 179
1673779025 122
1673779025 109
1673779025 104
1673779026 145
1673779027 183
1673779027 154
1673779027 154
1673779028 172
1673779028 149
1673779028 115
1673779028 124
1673779028 200
1673779028 125
1673779029 108
1673779030 200
1673779030 166
1673779030 126
1673779030 186
1673779030 109
1673779031 142
1673779032 120
1673779032 185
1673779032 109
1673779032 113
1673779032 102
1673779032 118
1673779033 182
1673779033 119
1673779034 172
1673779034 145
1673779034 188
1673779034 194
1673779034 180
1673779034 112
1673779035 105
1673779035 158
1673779036 124
1673779036 109
1673779036 174
1673779036 124
1673779037 122
1673779038 113
1673779038 185
1673779039 152
1673779040 179
1673779040 116
1673779040 194
1673779041 200
1673779042 127
1673779042 117
1673779042 158
1673779042 117
1673779042 184
1673779042 173
1673779042 102
1673779043 189
1673779043 199
1673779044 164
1673779044 143
1673779044 106
1673779044 105
1673779044 176
1673779044 111
1673779045 182
1673779045 161
1673779045 165
1673779045 182
1673779045 141
1673779047 164
1673779047 177
1673779048 172
1673779048 152
1673779048 110
1673779049 187
1673779049 131
1673779049 168
1673779049 129
1673779050 170
1673779051 108
1673779051 196
1673779052 192
1673779052 127
1673779052 192
1673779053 187
1673779053 124
1673779053 165
1673779054 173
1673779054 195
1673779054 139
1673779055 187
1673779055 165
1673779055 174
1673779056 106
1673779056 198
1673779056 136
1673779057 150
1673779057 196
1673779058 167
1673779059 159
1673779059 161
1673779059 122
1673779059 155
1673779060 148
1673779060 125
1673779061 109
1673779063 143
1673779063 123
1673779063 189
1673779063 136
1673779064 139
1673779064 110
1673779064 159
1673779064 181
1673779065 102
1673779065 161
1673779066 196
1673779067 114
1673779067 187
1673779067 189
1673779067 166
1673779067 165
1673779068 158
1673779068 183
1673779068 154
1673779069 192
1673779069 196
1673779069 147
1673779069 123
1673779069 121
1673779070 101
1673779070 176
1673779070 110
1673779071 192
1673779071 114
1673779071 196
1673779072 126
1673779073 148
1673779073 140
1673779073 159
1673779074 111
1673779074 103
1673779074 177
1673779075 131
1673779075 143
1673779076 133
1673779077 111
1673779078 132
1673779078 133
1673779079 123
1673779079 142
1673779080 190
1673779080 118
1673779081 141
1673779081 199
1673779082 141
1673779083 117
1673779083 127
1673779084 190
1673779084 167
1673779084 189
1673779084 183
1673779085 171
1673779085 135
1673779085 120
1673779086 141
1673779086 155
1673779086 138
1673779086 180
1673779087 163
1673779087 167
1673779087 189
1673779088 195
1673779088 130
1673779089 133
1673779089 121
1673779089 165
1673779089 159
1673779089 185
1673779089 145
1673779089 125
1673779090 107
1673779090 174
1673779090 173
1673779090 169
1673779091 105
1673779091 104
1673779092 150
1673779093 133
1673779094 107
1673779094 136
1673779095 101
1673779095 162
1673779095 175
1673779097 129
1673779097 145
1673779098 146
1673779099 156
1673779099 123
1673779099 102
1673779099 151
1673779099 192
1673779100 183
1673779101 180
1673779101 163
1673779102 153
1673779102 180
1673779102 173
1673779103 119
1673779104 111
1673779104 155
1673779105 111
1673779105 153
1673779105 116
1673779105 180
1673779105 166
1673779105 168
1673779105 140
1673779105 149
1673779105 109
1673779105 120
1673779105 108
1673779106 163
1673779106 199
1673779106 161
1673779107 159
1673779107 179
1673779108 156
1673779108 133
1673779109 196
1673779109 152
1673779109 149
1673779110 190
1673779110 138
1673779110 163
1673779110 168
1673779110 163
1673779110 188
1673779111 169
1673779111 194
1673779112 136
1673779112 130
1673779112 190
1673779113 121
1673779113 149
1673779113 132
1673779113 109
1673779115 171
1673779116 165
1673779117 101
1673779117 191
1673779117 178
1673779118 189
1673779118 197
1673779120 145
1673779121 181
1673779121 178
1673779121 167
1673779121 165
1673779123 188
1673779124 178
1673779124 168
1673779124 184
1673779125 121
1673779125 138
1673779126 195
1673779126 179
1673779127 139
1673779127 166
1673779127 197
1673779127 171
1673779127 165
1673779127 150
1673779127 189
1673779127 145
1673779128 133
1673779128 145
1673779129 134
1673779129 111
1673779129 167
1673779129 119
1673779130 113
1673779131 111
1673779131 139
1673779131 151
1673779132 123
1673779133 151
1673779133 157
1673779135 142
1673779136 154
1673779136 137
1673779137 194
1673779137 127
1673779138 193
1673779138 146
1673779138 147
1673779138 149
1673779139 143
1673779139 153
1673779139 137
1673779139 200
1673779139 169
1673779140 117
1673779140 183
1673779140 129
1673779140 167
1673779141 114
1673779141 110
1673779141 107
1673779141 132
1673779142 127
1673779142 160
1673779142 109
1673779142 164
1673779142 123
1673779143 198
1673779143 114
1673779144 169
1673779144 180
1673779145 152
1673779146 157
1673779146 150
1673779146 196
1673779147 161
1673779147 121
1673779147 119
1673779147 102
1673779147 108
1673779147 171
1673779148 102
1673779148 130
1673779149 181
1673779149 124
1673779150 193
1673779150 154
1673779150 160
1673779150 198
1673779150 165
1673779151 189
1673779151 115
1673779152 119
1673779153 176
1673779153 198
1673779153 140
1673779154 156
1673779155 181
1673779155 190
1673779155 181
1673779155 140
1673779156 144
1673779156 117
1673779157 113
1673779157 162
1673779157 190
1673779157 153
1673779158 195
1673779158 163
1673779158 106
1673779158 139
1673779159 130
1673779159 102
1673779159 123
1673779159 192
1673779160 189
1673779160 196
1673779160 162
1673779160 193
1673779160 191
1673779160 157
1673779161 112
1673779161 104
1673779161 146
1673779161 189
1673779161 103
1673779162 162
1673779162 165
1673779162 143
1673779162 156
1673779163 160
1673779163 197
1673779164 140
1673779165 118
1673779165 152
1673779166 119
1673779166 172
1673779166 108
1673779166 101
1673779167 176
1673779167 175
1673779167 192
1673779168 117
1673779168 166
1673779168 146
1673779168 155
1673779168 103
1673779169 169
1673779169 183
1673779169 192
1673779170 160
1673779170 119
1673779170 127
1673779170 138
1673779170 164
1673779171 113
1673779171 139
1673779171 181
1673779171 122
1673779171 143
1673779172 174
1673779172 119
1673779172 105
1673779172 172
1673779172 104
1673779173 172
1673779173 168
1673779173 126
1673779174 180
1673779174 142
1673779174 142
1673779174 137
1673779175 142
1673779175 151
1673779175 178
1673779176 148
1673779176 188
1673779176 171
1673779177 125
1673779177 182
1673779177 137
1673779177 122
1673779178 126
1673779179 186
1673779179 200
1673779180 159
1673779180 126
1673779180 102
1673779181 155
1673779181 143
1673779181 174
1673779182 146
1673779182 181
1673779183 107
1673779183 175
1673779183 105
1673779183 120
1673779183 105
1673779183 110
1673779184 143
1673779184 144
1673779184 177
1673779185 124
1673779185 178
1673779185 160
1673779185 116
1673779185 103
1673779186 110
1673779186 122
1673779186 195
1673779187 107
1673779187 184
1673779187 186
1673779187 147
1673779188 120
1673779188 168
1673779189 101
1673779189 175
1673779189 158
1673779189 177
1673779190 177
1673779190 128
1673779190 182
1673779190 138
1673779190 200
1673779191 166
1673779191 124
1673779192 106
1673779194 190
1673779195 120
1673779195 156
1673779195 128
1673779195 122
1673779196 162
1673779196 181
1673779197 162
1673779198 148
1673779198 191
1673779198 163
1673779198 159
1673779198 176
1673779199 139
1673779199 191
1673779200 172
1673779200 127
1673779201 189
1673779202 139
1673779202 170
1673779202 135
1673779203 105
1673779203 105
1673779203 190
1673779205 110
1673779205 137
1673779206 153
1673779206 170
1673779207 108
1673779207 101
1673779208 126
1673779208 200
1673779208 163
1673779209 182
1673779209 194
1673779210 169
1673779210 128
1673779210 199
1673779210 182
1673779210 177
1673779211 171
1673779211 147
1673779211 168
1673779211 200
1673779211 125
1673779212 175
1673779212 107
1673779212 124
1673779213 112
1673779213 137
1673779213 168
1673779214 193
1673779214 153
1673779214 197
1673779215 145
1673779216 195
1673779216 170
1673779216 147
1673779216 174
1673779216 131
1673779217 145
1673779217 148
1673779217 192
1673779218 189
1673779218 168
1673779219 138
1673779219 125
1673779219 156
1673779221 178
1673779221 162
1673779222 123
1673779222 146
1673779222 117
1673779223 103
1673779224 140
1673779224 173
1673779224 141
1673779224 149
1673779224 180
1673779225 161
1673779225 197
1673779225 145
1673779225 151
1673779225 194
1673779226 186
1673779227 171
1673779227 116
1673779227 168
1673779228 177
1673779228 120
1673779228 150
1673779229 196
1673779229 182
1673779229 103
1673779229 121
1673779229 188
1673779230 137
1673779231 141
1673779231 118
1673779231 158
1673779232 149
1673779232 174
1673779232 137
1673779232 141
1673779233 173
1673779233 164
1673779233 168
1673779233 164
1673779233 162
1673779234 103
1673779234 137
1673779234 125
1673779234 170
1673779234 115
1673779235 182
1673779235 153
1673779236 180
1673779236 122
1673779236 113
1673779237 131
1673779237 184
1673779239 106
1673779239 161
1673779239 169
1673779240 109
1673779240 198
1673779241 193
1673779241 124
1673779241 191
1673779242 102
1673779242 156
1673779243 138
1673779243 169
1673779243 127
1673779244 155
1673779244 145
1673779244 137
1673779245 152
1673779245 131
1673779245 136
1673779245 143
1673779246 118
1673779246 169
1673779247 120
1673779247 111
1673779247 120
1673779248 195
1673779248 128
1673779249 200
1673779249 187
1673779249 160
1673779249 185
1673779250 197
1673779250 170
1673779250 193
1673779250 163
1673779250 190
1673779250 170
1673779251 170
1673779251 154
1673779251 150
1673779251 171
1673779252 106
1673779252 176
1673779252 160
1673779253 128
1673779253 192
1673779253 172
1673779254 166
1673779254 166
1673779255 105
1673779255 106
1673779255 114
1673779256 156
1673779256 101
1673779257 111
1673779258 102
1673779258 155
1673779259 181
1673779261 121
1673779261 185
1673779261 118
1673779262 200
1673779262 161
1673779262 133
1673779263 134
1673779263 196
1673779263 188
1673779263 109
1673779265 121
1673779265 180
1673779265 137
1673779266 106
1673779266 113
1673779266 181
1673779267 141
1673779267 149
1673779267 175
1673779268 185
1673779269 139
1673779269 152
1673779269 127
1673779269 182
1673779269 194
1673779272 107
1673779272 187
1673779272 175
1673779272 143
1673779272 182
1673779272 145
1673779273 193
1673779273 137
1673779273 191
1673779273 128
1673779273 140
1673779274 137
1673779274 188
1673779274 170
1673779275 173
1673779275 166
1673779276 151
1673779277 190
1673779277 164
1673779277 166
1673779277 152
1673779277 193
1673779278 187
1673779278 190
1673779278 135
1673779280 139
1673779280 125
1673779280 188
1673779280 189
1673779280 194
1673779281 178
1673779282 167
1673779282 103
1673779283 148
1673779284 132
1673779284 118
1673779284 136
1673779284 199
1673779284 151
1673779284 126
1673779285 172
1673779286 163
1673779287 196
1673779287 147
1673779287 172
1673779288 116
1673779288 196
1673779288 163
1673779288 168
1673779289 197
1673779289 121
1673779290 172
1673779290 174
1673779290 111
