1673960279 106
1673960279 107
1673960279 188
1673960279 124
1673960279 120
1673960279 122
1673960279 134
1673960279 194
1673960279 167
1673960279 142
1673960279 142
1673960279 154
1673960279 174
1673960279 174
1673960279 168
1673960279 165
1673960279 137
1673960279 137
1673960279 138
1673960280 160
1673960280 177
1673960280 182
1673960280 185
1673960280 158
1673960280 165
1673960280 169
1673960280 176
1673960280 175
1673960280 183
1673960280 179
1673960280 174
1673960280 165
1673960280 141
1673960280 181
1673960280 153
1673960280 164
1673960280 172
1673960280 173
1673960280 176
1673960280 177
1673960280 177
1673960280 179
1673960280 162
1673960280 170
1673960280 146
1673960280 187
1673960280 195
1673960280 159
1673960280 170
1673960280 152
1673960280 147
1673960280 147
1673960280 168
1673960280 170
1673960280 176
1673960280 142
1673960280 142
1673960280 141
1673960280 140
1673960280 140
1673960280 161
1673960280 183
1673960280 192
1673960280 175
1673960280 160
1673960280 180
1673960280 180
1673960280 180
1673960280 196
1673960280 171
1673960280 161
1673960280 149
1673960280 161
1673960280 183
1673960280 138
1673960280 139
1673960280 149
1673960280 185
1673960281 177
1673960281 159
1673960281 190
1673960281 190
1673960281 189
1673960281 188
1673960281 185
1673960281 184
1673960281 190
1673960281 191
1673960281 192
1673960281 192
1673960281 193
1673960281 197
1673960281 198
1673960281 180
1673960281 165
1673960281 165
1673960281 151
1673960281 156
1673960281 157
1673960281 180
1673960281 176
1673960281 181
1673960281 183
1673960281 193
1673960281 191
1673960281 182
1673960281 179
1673960281 163
1673960281 198
1673960281 135
1673960281 139
1673960281 167
1673960281 163
1673960281 176
1673960281 182
1673960281 184
1673960281 184
1673960281 183
1673960281 182
1673960281 181
1673960281 179
1673960281 181
1673960281 174
1673960281 172
1673960281 168
1673960281 167
1673960281 167
1673960281 161
1673960281 153
1673960281 153
1673960281 153
1673960281 178
1673960281 178
1673960281 176
1673960281 174
1673960281 168
1673960281 170
1673960281 166
1673960281 165
1673960281 165
1673960281 163
1673960281 179
1673960281 181
1673960281 191
1673960281 167
1673960281 167
1673960281 169
1673960281 171
1673960281 160
1673960281 153
1673960282 182
1673960282 198
1673960282 195
1673960282 193
1673960282 195
1673960282 200
1673960282 176
1673960282 174
1673960282 171
1673960282 166
1673960282 162
1673960282 170
1673960282 182
1673960282 187
1673960282 179
1673960282 169
1673960282 192
1673960282 199
1673960282 194
1673960282 194
1673960282 189
1673960282 189
1673960282 187
1673960282 183
1673960282 182
1673960282 178
1673960282 188
1673960282 197
1673960282 200
1673960282 195
1673960282 190
1673960282 188
1673960282 187
1673960282 181
1673960282 179
1673960282 174
1673960282 164
1673960282 165
1673960282 165
1673960282 172
1673960282 177
1673960282 179
1673960282 185
1673960282 187
1673960282 184
1673960282 175
1673960282 173
1673960282 122
1673960282 119
1673960282 133
1673960282 197
1673960282 195
1673960282 194
1673960282 194
1673960282 193
1673960282 192
1673960282 190
1673960282 185
1673960282 185
1673960282 185
1673960282 184
1673960282 191
1673960282 196
1673960283 199
1673960283 157
1673960283 195
1673960283 176
1673960283 139
1673960283 140
1673960283 141
1673960283 176
1673960283 168
1673960283 158
1673960283 156
1673960283 174
1673960283 141
1673960283 141
1673960283 140
1673960283 140
1673960283 152
1673960283 154
1673960283 169
1673960283 174
1673960283 132
1673960283 141
1673960283 158
1673960283 186
1673960283 130
1673960283 129
1673960283 158
1673960283 161
1673960283 174
1673960283 177
1673960283 177
1673960283 175
1673960283 175
1673960283 175
1673960283 174
1673960283 179
1673960283 179
1673960283 178
1673960283 182
1673960283 193
1673960283 186
1673960283 195
1673960283 195
1673960283 199
1673960283 196
1673960283 192
1673960283 188
1673960283 195
1673960283 177
1673960283 168
1673960283 152
1673960283 148
1673960283 150
1673960284 172
1673960284 173
1673960284 183
1673960284 166
1673960284 156
1673960284 175
1673960284 168
1673960284 168
1673960284 168
1673960284 162
1673960284 179
1673960284 184
1673960284 185
1673960284 195
1673960284 194
1673960284 195
1673960284 176
1673960284 171
1673960284 168
1673960284 163
1673960284 183
1673960284 180
1673960284 173
1673960284 172
1673960284 164
1673960284 166
1673960284 176
1673960284 178
1673960284 189
1673960284 190
1673960284 198
1673960284 198
1673960284 193
1673960284 191
1673960284 185
1673960284 181
1673960284 185
1673960284 185
1673960284 185
1673960284 192
1673960284 184
1673960284 183
1673960284 183
1673960284 181
1673960284 193
1673960284 193
1673960284 187
1673960284 188
1673960284 190
1673960284 195
1673960284 197
1673960284 179
1673960284 171
1673960284 164
1673960284 160
1673960284 164
1673960284 167
1673960284 147
1673960284 144
1673960284 180
1673960284 187
1673960284 153
1673960284 162
1673960284 195
1673960284 186
1673960284 183
1673960284 181
1673960285 182
1673960285 175
1673960285 163
1673960285 158
1673960285 144
1673960285 144
1673960285 149
1673960285 145
1673960285 166
1673960285 166
1673960285 170
1673960285 171
1673960285 177
1673960285 186
1673960285 195
1673960285 166
1673960285 173
1673960285 146
1673960285 135
1673960285 184
1673960285 184
1673960285 181
1673960285 179
1673960285 178
1673960285 178
1673960285 171
1673960285 169
1673960285 189
1673960285 143
1673960285 132
1673960285 156
1673960285 162
1673960285 195
1673960285 193
1673960285 170
1673960285 186
1673960285 194
1673960285 190
1673960285 190
1673960285 178
1673960285 191
1673960285 178
1673960285 170
1673960285 154
1673960285 158
1673960285 163
1673960285 177
1673960285 180
1673960285 182
1673960285 183
1673960285 181
1673960285 178
1673960285 174
1673960285 170
1673960285 179
1673960285 186
1673960285 156
1673960285 173
1673960285 180
1673960285 178
1673960285 154
1673960285 157
1673960285 193
1673960285 193
1673960285 193
1673960285 191
1673960285 174
1673960286 176
1673960286 177
1673960286 181
1673960286 183
1673960286 193
1673960286 194
1673960286 194
1673960286 194
1673960286 195
1673960286 196
1673960286 158
1673960286 129
1673960286 136
1673960286 136
1673960286 154
1673960286 151
1673960286 147
1673960286 145
1673960286 146
1673960286 186
1673960286 192
1673960286 169
1673960286 169
1673960286 199
1673960286 193
1673960286 195
1673960286 192
1673960286 180
1673960286 197
1673960286 171
1673960286 160
1673960286 154
1673960286 169
1673960286 173
1673960286 181
1673960286 176
1673960286 173
1673960286 156
1673960286 198
1673960286 144
1673960286 132
1673960286 132
1673960286 132
1673960286 136
1673960286 145
1673960286 141
1673960286 130
1673960286 119
1673960286 118
1673960286 120
1673960286 133
1673960286 174
1673960286 173
1673960286 149
1673960286 150
1673960286 195
1673960286 172
1673960286 157
1673960286 160
1673960286 155
1673960286 172
1673960286 181
1673960286 200
1673960286 187
1673960286 123
1673960286 120
1673960286 195
1673960286 189
1673960286 154
1673960286 169
1673960286 173
1673960286 162
1673960286 167
1673960286 174
1673960286 183
1673960286 182
1673960286 181
1673960286 157
1673960286 183
1673960286 175
1673960286 175
1673960286 174
1673960286 174
1673960286 173
1673960286 199
1673960287 199
1673960287 198
1673960287 198
1673960287 197
1673960287 196
1673960287 196
1673960287 196
1673960287 195
1673960287 193
1673960287 185
1673960287 182
1673960287 179
1673960287 187
1673960287 192
1673960287 184
1673960287 165
1673960287 112
1673960287 133
1673960287 192
1673960287 189
1673960287 155
1673960287 142
1673960287 134
1673960287 135
1673960287 200
1673960287 200
1673960287 200
1673960287 199
1673960287 199
1673960287 198
1673960287 198
1673960287 198
1673960287 197
1673960287 196
1673960287 193
1673960287 193
1673960287 196
1673960287 183
1673960287 165
1673960287 183
1673960287 174
1673960287 143
1673960287 135
1673960287 155
1673960287 134
1673960287 133
1673960287 137
1673960287 139
1673960287 145
1673960287 164
1673960287 178
1673960287 179
1673960287 181
1673960287 191
1673960287 192
1673960287 193
1673960287 171
1673960287 188
1673960287 178
1673960287 172
1673960287 167
1673960287 175
1673960287 191
1673960287 191
1673960287 192
1673960287 192
1673960287 193
1673960287 193
1673960287 194
1673960287 195
1673960287 196
1673960287 188
1673960287 181
1673960287 181
1673960288 188
1673960288 187
1673960288 192
1673960288 198
1673960288 180
1673960288 191
1673960288 191
1673960288 191
1673960288 191
1673960288 191
1673960288 191
1673960288 189
1673960288 185
1673960288 179
1673960288 188
1673960288 191
1673960288 187
1673960288 158
1673960288 166
1673960288 170
1673960288 162
1673960288 161
1673960288 159
1673960288 162
1673960288 180
1673960288 189
1673960288 190
1673960288 189
1673960288 189
1673960288 188
1673960288 182
1673960288 197
1673960288 190
1673960288 188
1673960288 187
1673960288 188
1673960288 191
1673960288 193
1673960288 192
1673960288 191
1673960288 189
1673960288 158
1673960288 155
1673960288 166
1673960288 180
1673960288 179
1673960288 161
1673960288 154
1673960288 162
1673960288 169
1673960288 174
1673960288 183
1673960288 135
1673960288 150
1673960288 145
1673960288 165
1673960288 163
1673960288 154
1673960288 151
1673960288 145
1673960288 174
1673960288 189
1673960288 155
1673960288 147
1673960288 170
1673960288 191
1673960288 165
1673960288 120
1673960288 119
1673960288 154
1673960288 166
1673960288 148
1673960288 155
1673960288 157
1673960288 166
1673960288 181
1673960289 159
1673960289 198
1673960289 195
1673960289 194
1673960289 193
1673960289 190
1673960289 185
1673960289 176
1673960289 166
1673960289 167
1673960289 190
1673960289 193
1673960289 195
1673960289 189
1673960289 183
1673960289 193
1673960289 172
1673960289 170
1673960289 152
1673960289 150
1673960289 137
1673960289 155
1673960289 159
1673960289 182
1673960289 197
1673960289 197
1673960289 195
1673960289 192
1673960289 188
1673960289 187
1673960289 183
1673960289 176
1673960289 183
1673960289 185
1673960289 187
1673960289 190
1673960289 184
1673960289 176
1673960289 191
1673960289 184
1673960289 185
1673960289 189
1673960289 194
1673960289 166
1673960289 168
1673960289 168
1673960289 170
1673960289 170
1673960289 154
1673960289 153
1673960289 140
1673960289 134
1673960289 133
1673960289 132
1673960289 133
1673960289 134
1673960289 157
1673960289 157
1673960289 164
1673960289 155
1673960289 145
1673960289 143
1673960289 147
1673960289 191
1673960289 191
1673960289 191
1673960289 191
1673960289 190
1673960289 178
1673960289 180
1673960289 155
1673960289 154
1673960289 175
1673960289 198
1673960290 156
1673960290 145
1673960290 147
1673960290 155
1673960290 183
1673960290 181
1673960290 180
1673960290 178
1673960290 182
1673960290 187
1673960290 183
1673960290 182
1673960290 181
1673960290 191
1673960290 168
1673960290 156
1673960290 147
1673960290 136
1673960290 194
1673960290 191
1673960290 184
1673960290 166
1673960290 140
1673960290 188
1673960290 176
1673960290 188
1673960290 199
1673960290 197
1673960290 196
1673960290 193
1673960290 193
1673960290 193
1673960290 193
1673960290 193
1673960290 198
1673960290 200
1673960290 193
1673960290 193
1673960290 193
1673960290 193
1673960290 193
1673960290 193
1673960290 193
1673960290 193
1673960290 193
1673960290 193
1673960290 184
1673960290 184
1673960290 188
1673960290 128
1673960290 162
1673960290 136
1673960290 148
1673960290 161
1673960290 166
1673960290 194
1673960290 194
1673960290 192
1673960290 190
1673960290 190
1673960290 186
1673960290 184
1673960290 198
1673960290 193
1673960290 178
1673960290 173
1673960290 159
1673960290 186
1673960290 198
1673960290 147
1673960290 154
1673960290 159
1673960290 164
1673960290 168
1673960290 172
1673960291 152
1673960291 155
1673960291 157
1673960291 159
1673960291 176
1673960291 184
1673960291 187
1673960291 190
1673960291 192
1673960291 196
1673960291 174
1673960291 176
1673960291 182
1673960291 182
1673960291 184
1673960291 170
1673960291 171
1673960291 173
1673960291 174
1673960291 174
1673960291 176
1673960291 176
1673960291 188
1673960291 177
1673960291 177
1673960291 178
1673960291 179
1673960291 182
1673960291 180
1673960291 174
1673960291 185
1673960291 186
1673960291 194
1673960291 192
1673960291 172
1673960291 134
1673960291 143
1673960291 147
1673960291 177
1673960291 165
1673960291 152
1673960291 147
1673960291 152
1673960291 156
1673960291 163
1673960291 190
1673960291 192
1673960291 197
1673960291 200
1673960291 188
1673960291 175
1673960291 171
1673960291 184
1673960291 184
1673960291 167
1673960291 143
1673960291 139
1673960291 133
1673960291 140
1673960291 152
1673960291 176
1673960291 180
1673960291 183
1673960291 190
1673960291 189
1673960291 172
1673960292 163
1673960292 173
1673960292 178
1673960292 161
1673960292 160
1673960292 165
1673960292 166
1673960292 167
1673960292 171
1673960292 180
1673960292 187
1673960292 189
1673960292 188
1673960292 181
1673960292 170
1673960292 159
1673960292 162
1673960292 163
1673960292 169
1673960292 170
1673960292 174
1673960292 200
1673960292 178
1673960292 182
1673960292 184
1673960292 188
1673960292 169
1673960292 168
1673960292 183
1673960292 190
1673960292 192
1673960292 183
1673960292 180
1673960292 180
1673960292 182
1673960292 178
1673960292 176
1673960292 175
1673960292 176
1673960292 181
1673960292 178
1673960292 177
1673960292 176
1673960292 175
1673960292 160
1673960292 174
1673960292 174
1673960292 175
1673960292 195
1673960292 155
1673960292 153
1673960292 152
1673960292 148
1673960292 164
1673960292 181
1673960292 181
1673960292 152
1673960292 144
1673960292 149
1673960292 164
1673960292 198
1673960292 181
1673960292 156
1673960292 156
1673960292 157
1673960292 157
1673960292 159
1673960292 176
1673960292 171
1673960292 167
1673960292 163
1673960292 182
1673960292 174
1673960292 172
1673960292 175
1673960292 175
1673960292 179
1673960292 191
1673960292 195
1673960292 186
1673960292 194
1673960292 199
1673960293 166
1673960293 141
1673960293 143
1673960293 165
1673960293 148
1673960293 134
1673960293 153
1673960293 164
1673960293 185
1673960293 181
1673960293 179
1673960293 178
1673960293 175
1673960293 172
1673960293 172
1673960293 168
1673960293 167
1673960293 177
1673960293 200
1673960293 170
1673960293 175
1673960293 193
1673960293 195
1673960293 194
1673960293 194
1673960293 193
1673960293 198
1673960293 185
1673960293 185
1673960293 184
1673960293 182
1673960293 182
1673960293 180
1673960293 179
1673960293 177
1673960293 174
1673960293 167
1673960293 167
1673960293 189
1673960293 164
1673960293 159
1673960293 183
1673960293 189
1673960293 164
1673960293 171
1673960293 182
1673960293 155
1673960293 155
1673960293 155
1673960293 158
1673960293 174
1673960293 176
1673960293 177
1673960293 183
1673960293 169
1673960293 185
1673960293 162
1673960293 160
1673960293 200
1673960293 198
1673960293 141
1673960293 136
1673960293 183
1673960293 181
1673960293 178
1673960293 177
1673960293 155
1673960293 141
1673960293 146
1673960293 175
1673960293 177
1673960293 173
1673960293 161
1673960293 190
1673960294 190
1673960294 187
1673960294 185
1673960294 183
1673960294 156
1673960294 156
1673960294 155
1673960294 166
1673960294 180
1673960294 165
1673960294 148
1673960294 143
1673960294 140
1673960294 142
1673960294 157
1673960294 145
1673960294 148
1673960294 160
1673960294 196
1673960294 170
1673960294 167
1673960294 167
1673960294 164
1673960294 160
1673960294 138
1673960294 176
1673960294 176
1673960294 177
1673960294 178
1673960294 181
1673960294 192
1673960294 183
1673960294 196
1673960294 170
1673960294 163
1673960294 169
1673960294 190
1673960294 186
1673960294 179
1673960294 176
1673960294 170
1673960294 186
1673960294 181
1673960294 169
1673960294 195
1673960294 179
1673960294 157
1673960294 147
1673960294 150
1673960294 155
1673960294 152
1673960294 155
1673960294 108
1673960294 127
1673960294 123
