1673960279 106
1673960279 107
1673960279 152
1673960279 121
1673960279 119
1673960279 118
1673960279 128
1673960279 129
1673960279 132
1673960279 136
1673960279 138
1673960279 141
1673960279 140
1673960279 139
1673960279 124
1673960279 125
1673960279 131
1673960279 133
1673960279 137
1673960280 143
1673960280 148
1673960280 148
1673960280 150
1673960280 153
1673960280 149
1673960280 156
1673960280 170
1673960280 172
1673960280 173
1673960280 166
1673960280 146
1673960280 129
1673960280 115
1673960280 132
1673960280 118
1673960280 110
1673960280 112
1673960280 115
1673960280 140
1673960280 116
1673960280 117
1673960280 123
1673960280 136
1673960280 141
1673960280 144
1673960280 148
1673960280 155
1673960280 139
1673960280 145
1673960280 147
1673960280 141
1673960280 142
1673960280 144
1673960280 143
1673960280 143
1673960280 136
1673960280 135
1673960280 126
1673960280 109
1673960280 127
1673960280 140
1673960280 146
1673960280 153
1673960280 165
1673960280 139
1673960280 149
1673960280 147
1673960280 137
1673960280 137
1673960280 137
1673960280 136
1673960280 118
1673960280 118
1673960280 128
1673960280 131
1673960280 125
1673960280 140
1673960280 143
1673960281 146
1673960281 152
1673960281 158
1673960281 155
1673960281 147
1673960281 154
1673960281 181
1673960281 181
1673960281 174
1673960281 172
1673960281 180
1673960281 189
1673960281 183
1673960281 164
1673960281 151
1673960281 132
1673960281 134
1673960281 134
1673960281 150
1673960281 155
1673960281 156
1673960281 158
1673960281 165
1673960281 165
1673960281 150
1673960281 178
1673960281 186
1673960281 179
1673960281 172
1673960281 118
1673960281 139
1673960281 134
1673960281 126
1673960281 156
1673960281 161
1673960281 155
1673960281 150
1673960281 149
1673960281 147
1673960281 169
1673960281 138
1673960281 141
1673960281 149
1673960281 167
1673960281 166
1673960281 171
1673960281 145
1673960281 143
1673960281 158
1673960281 158
1673960281 148
1673960281 132
1673960281 123
1673960281 152
1673960281 151
1673960281 153
1673960281 154
1673960281 167
1673960281 168
1673960281 147
1673960281 148
1673960281 150
1673960281 152
1673960281 170
1673960281 172
1673960281 166
1673960281 165
1673960281 164
1673960281 112
1673960281 124
1673960281 134
1673960281 140
1673960282 146
1673960282 145
1673960282 142
1673960282 135
1673960282 184
1673960282 184
1673960282 154
1673960282 140
1673960282 148
1673960282 154
1673960282 158
1673960282 142
1673960282 144
1673960282 144
1673960282 144
1673960282 142
1673960282 161
1673960282 161
1673960282 194
1673960282 193
1673960282 185
1673960282 184
1673960282 182
1673960282 177
1673960282 176
1673960282 172
1673960282 169
1673960282 167
1673960282 167
1673960282 162
1673960282 158
1673960282 159
1673960282 158
1673960282 168
1673960282 173
1673960282 174
1673960282 158
1673960282 158
1673960282 158
1673960282 154
1673960282 150
1673960282 148
1673960282 159
1673960282 164
1673960282 167
1673960282 111
1673960282 127
1673960282 111
1673960282 112
1673960282 124
1673960282 143
1673960282 156
1673960282 182
1673960282 193
1673960282 155
1673960282 185
1673960282 185
1673960282 184
1673960282 157
1673960282 157
1673960282 158
1673960282 168
1673960282 176
1673960283 167
1673960283 149
1673960283 147
1673960283 140
1673960283 133
1673960283 136
1673960283 140
1673960283 126
1673960283 125
1673960283 139
1673960283 142
1673960283 135
1673960283 128
1673960283 116
1673960283 119
1673960283 129
1673960283 148
1673960283 153
1673960283 136
1673960283 135
1673960283 123
1673960283 131
1673960283 130
1673960283 130
1673960283 106
1673960283 107
1673960283 133
1673960283 133
1673960283 173
1673960283 168
1673960283 161
1673960283 142
1673960283 156
1673960283 173
1673960283 173
1673960283 173
1673960283 172
1673960283 177
1673960283 177
1673960283 174
1673960283 175
1673960283 172
1673960283 171
1673960283 139
1673960283 127
1673960283 129
1673960283 186
1673960283 179
1673960283 170
1673960283 165
1673960283 146
1673960283 142
1673960283 135
1673960284 158
1673960284 158
1673960284 160
1673960284 161
1673960284 128
1673960284 147
1673960284 166
1673960284 167
1673960284 168
1673960284 158
1673960284 160
1673960284 155
1673960284 155
1673960284 164
1673960284 171
1673960284 171
1673960284 153
1673960284 149
1673960284 147
1673960284 153
1673960284 166
1673960284 176
1673960284 160
1673960284 161
1673960284 129
1673960284 128
1673960284 125
1673960284 122
1673960284 123
1673960284 124
1673960284 134
1673960284 135
1673960284 137
1673960284 115
1673960284 139
1673960284 148
1673960284 164
1673960284 164
1673960284 170
1673960284 184
1673960284 175
1673960284 136
1673960284 143
1673960284 177
1673960284 169
1673960284 166
1673960284 180
1673960284 177
1673960284 155
1673960284 149
1673960284 167
1673960284 173
1673960284 164
1673960284 131
1673960284 147
1673960284 154
1673960284 153
1673960284 145
1673960284 138
1673960284 147
1673960284 149
1673960284 128
1673960284 139
1673960284 164
1673960284 170
1673960284 177
1673960284 176
1673960285 175
1673960285 167
1673960285 141
1673960285 141
1673960285 144
1673960285 142
1673960285 145
1673960285 124
1673960285 146
1673960285 146
1673960285 148
1673960285 148
1673960285 153
1673960285 159
1673960285 165
1673960285 161
1673960285 139
1673960285 134
1673960285 131
1673960285 166
1673960285 167
1673960285 174
1673960285 137
1673960285 176
1673960285 175
1673960285 169
1673960285 167
1673960285 154
1673960285 124
1673960285 129
1673960285 141
1673960285 139
1673960285 167
1673960285 176
1673960285 160
1673960285 151
1673960285 146
1673960285 132
1673960285 176
1673960285 171
1673960285 150
1673960285 139
1673960285 141
1673960285 137
1673960285 133
1673960285 128
1673960285 169
1673960285 178
1673960285 128
1673960285 128
1673960285 129
1673960285 130
1673960285 130
1673960285 145
1673960285 156
1673960285 156
1673960285 144
1673960285 160
1673960285 160
1673960285 161
1673960285 151
1673960285 139
1673960285 159
1673960285 160
1673960285 160
1673960285 169
1673960285 169
1673960286 166
1673960286 146
1673960286 134
1673960286 139
1673960286 123
1673960286 118
1673960286 118
1673960286 151
1673960286 142
1673960286 133
1673960286 129
1673960286 126
1673960286 121
1673960286 118
1673960286 135
1673960286 130
1673960286 139
1673960286 143
1673960286 142
1673960286 149
1673960286 152
1673960286 154
1673960286 155
1673960286 171
1673960286 173
1673960286 187
1673960286 185
1673960286 177
1673960286 173
1673960286 161
1673960286 157
1673960286 154
1673960286 167
1673960286 170
1673960286 126
1673960286 124
1673960286 123
1673960286 116
1673960286 148
1673960286 115
1673960286 118
1673960286 121
1673960286 130
1673960286 131
1673960286 131
1673960286 130
1673960286 120
1673960286 118
1673960286 118
1673960286 118
1673960286 119
1673960286 124
1673960286 128
1673960286 130
1673960286 136
1673960286 155
1673960286 156
1673960286 153
1673960286 145
1673960286 140
1673960286 146
1673960286 144
1673960286 138
1673960286 132
1673960286 116
1673960286 114
1673960286 133
1673960286 136
1673960286 152
1673960286 161
1673960286 163
1673960286 148
1673960286 156
1673960286 155
1673960286 155
1673960286 156
1673960286 156
1673960286 137
1673960286 157
1673960286 158
1673960286 159
1673960286 164
1673960286 165
1673960286 169
1673960286 172
1673960287 172
1673960287 183
1673960287 179
1673960287 170
1673960287 150
1673960287 143
1673960287 139
1673960287 160
1673960287 152
1673960287 165
1673960287 176
1673960287 176
1673960287 129
1673960287 128
1673960287 127
1673960287 121
1673960287 111
1673960287 114
1673960287 164
1673960287 184
1673960287 129
1673960287 113
1673960287 132
1673960287 133
1673960287 172
1673960287 194
1673960287 126
1673960287 121
1673960287 189
1673960287 175
1673960287 161
1673960287 157
1673960287 153
1673960287 154
1673960287 161
1673960287 191
1673960287 192
1673960287 172
1673960287 164
1673960287 157
1673960287 155
1673960287 125
1673960287 120
1673960287 134
1673960287 126
1673960287 129
1673960287 131
1673960287 124
1673960287 142
1673960287 160
1673960287 163
1673960287 164
1673960287 161
1673960287 165
1673960287 179
1673960287 175
1673960287 156
1673960287 168
1673960287 154
1673960287 150
1673960287 145
1673960287 152
1673960287 143
1673960287 128
1673960287 133
1673960287 124
1673960287 145
1673960287 145
1673960287 147
1673960287 167
1673960287 183
1673960287 174
1673960287 177
1673960287 180
1673960288 186
1673960288 186
1673960288 155
1673960288 178
1673960288 147
1673960288 145
1673960288 146
1673960288 174
1673960288 142
1673960288 141
1673960288 167
1673960288 168
1673960288 173
1673960288 170
1673960288 147
1673960288 156
1673960288 159
1673960288 154
1673960288 160
1673960288 166
1673960288 150
1673960288 140
1673960288 149
1673960288 155
1673960288 160
1673960288 167
1673960288 167
1673960288 161
1673960288 159
1673960288 156
1673960288 180
1673960288 170
1673960288 160
1673960288 136
1673960288 135
1673960288 147
1673960288 131
1673960288 121
1673960288 111
1673960288 113
1673960288 117
1673960288 122
1673960288 142
1673960288 136
1673960288 165
1673960288 170
1673960288 151
1673960288 154
1673960288 160
1673960288 167
1673960288 123
1673960288 132
1673960288 135
1673960288 143
1673960288 144
1673960288 157
1673960288 160
1673960288 133
1673960288 125
1673960288 136
1673960288 160
1673960288 164
1673960288 127
1673960288 136
1673960288 144
1673960288 137
1673960288 132
1673960288 107
1673960288 109
1673960288 125
1673960288 127
1673960288 138
1673960288 136
1673960288 136
1673960288 135
1673960288 134
1673960289 131
1673960289 155
1673960289 146
1673960289 128
1673960289 127
1673960289 181
1673960289 166
1673960289 166
1673960289 166
1673960289 166
1673960289 166
1673960289 177
1673960289 179
1673960289 181
1673960289 179
1673960289 159
1673960289 149
1673960289 148
1673960289 134
1673960289 134
1673960289 135
1673960289 143
1673960289 155
1673960289 168
1673960289 150
1673960289 136
1673960289 143
1673960289 159
1673960289 123
1673960289 122
1673960289 138
1673960289 146
1673960289 159
1673960289 137
1673960289 179
1673960289 175
1673960289 159
1673960289 170
1673960289 180
1673960289 165
1673960289 164
1673960289 164
1673960289 165
1673960289 161
1673960289 155
1673960289 167
1673960289 169
1673960289 167
1673960289 152
1673960289 152
1673960289 134
1673960289 133
1673960289 131
1673960289 132
1673960289 131
1673960289 130
1673960289 128
1673960289 126
1673960289 150
1673960289 148
1673960289 130
1673960289 136
1673960289 142
1673960289 144
1673960289 145
1673960289 157
1673960289 164
1673960289 167
1673960289 164
1673960289 155
1673960289 140
1673960289 147
1673960289 153
1673960289 151
1673960290 150
1673960290 136
1673960290 127
1673960290 117
1673960290 159
1673960290 162
1673960290 164
1673960290 165
1673960290 167
1673960290 170
1673960290 174
1673960290 146
1673960290 117
1673960290 178
1673960290 164
1673960290 155
1673960290 117
1673960290 119
1673960290 134
1673960290 131
1673960290 125
1673960290 131
1673960290 133
1673960290 154
1673960290 166
1673960290 128
1673960290 132
1673960290 143
1673960290 179
1673960290 172
1673960290 187
1673960290 189
1673960290 189
1673960290 192
1673960290 193
1673960290 193
1673960290 161
1673960290 167
1673960290 165
1673960290 163
1673960290 160
1673960290 181
1673960290 141
1673960290 134
1673960290 138
1673960290 141
1673960290 144
1673960290 124
1673960290 124
1673960290 125
1673960290 127
1673960290 133
1673960290 133
1673960290 134
1673960290 136
1673960290 140
1673960290 143
1673960290 154
1673960290 167
1673960290 146
1673960290 168
1673960290 182
1673960290 178
1673960290 171
1673960290 169
1673960290 168
1673960290 127
1673960290 129
1673960290 130
1673960290 133
1673960290 136
1673960290 133
1673960290 156
1673960290 158
1673960290 155
1673960291 134
1673960291 137
1673960291 140
1673960291 157
1673960291 167
1673960291 175
1673960291 176
1673960291 178
1673960291 162
1673960291 168
1673960291 172
1673960291 175
1673960291 178
1673960291 179
1673960291 177
1673960291 161
1673960291 168
1673960291 149
1673960291 142
1673960291 141
1673960291 128
1673960291 128
1673960291 176
1673960291 129
1673960291 122
1673960291 128
1673960291 133
1673960291 156
1673960291 158
1673960291 170
1673960291 167
1673960291 157
1673960291 114
1673960291 112
1673960291 125
1673960291 130
1673960291 137
1673960291 145
1673960291 150
1673960291 154
1673960291 144
1673960291 145
1673960291 140
1673960291 136
1673960291 153
1673960291 188
1673960291 181
1673960291 168
1673960291 163
1673960291 122
1673960291 130
1673960291 169
1673960291 165
1673960291 162
1673960291 144
1673960291 128
1673960291 128
1673960291 132
1673960291 138
1673960291 150
1673960291 172
1673960291 176
1673960291 176
1673960291 185
1673960291 188
1673960291 163
1673960292 135
1673960292 164
1673960292 164
1673960292 111
1673960292 112
1673960292 141
1673960292 147
1673960292 156
1673960292 156
1673960292 157
1673960292 157
1673960292 158
1673960292 158
1673960292 159
1673960292 158
1673960292 157
1673960292 156
1673960292 151
1673960292 123
1673960292 125
1673960292 129
1673960292 178
1673960292 172
1673960292 139
1673960292 145
1673960292 146
1673960292 153
1673960292 153
1673960292 165
1673960292 170
1673960292 171
1673960292 182
1673960292 175
1673960292 172
1673960292 149
1673960292 135
1673960292 140
1673960292 143
1673960292 153
1673960292 153
1673960292 161
1673960292 163
1673960292 164
1673960292 165
1673960292 149
1673960292 157
1673960292 160
1673960292 171
1673960292 169
1673960292 135
1673960292 135
1673960292 134
1673960292 129
1673960292 129
1673960292 128
1673960292 128
1673960292 138
1673960292 144
1673960292 142
1673960292 149
1673960292 151
1673960292 152
1673960292 142
1673960292 136
1673960292 134
1673960292 156
1673960292 150
1673960292 148
1673960292 147
1673960292 154
1673960292 154
1673960292 164
1673960292 170
1673960292 170
1673960292 166
1673960292 163
1673960292 174
1673960292 189
1673960292 186
1673960292 184
1673960292 162
1673960292 152
1673960293 143
1673960293 139
1673960293 140
1673960293 137
1673960293 136
1673960293 127
1673960293 129
1673960293 146
1673960293 154
1673960293 120
1673960293 124
1673960293 126
1673960293 141
1673960293 147
1673960293 140
1673960293 163
1673960293 163
1673960293 132
1673960293 163
1673960293 159
1673960293 134
1673960293 146
1673960293 148
1673960293 191
1673960293 161
1673960293 171
1673960293 189
1673960293 152
1673960293 148
1673960293 128
1673960293 120
1673960293 119
1673960293 158
1673960293 164
1673960293 130
1673960293 123
1673960293 121
1673960293 120
1673960293 165
1673960293 122
1673960293 126
1673960293 137
1673960293 146
1673960293 152
1673960293 152
1673960293 153
1673960293 119
1673960293 109
1673960293 150
1673960293 156
1673960293 158
1673960293 159
1673960293 122
1673960293 127
1673960293 155
1673960293 165
1673960293 150
1673960293 150
1673960293 151
1673960293 150
1673960293 136
1673960293 120
1673960293 133
1673960293 133
1673960293 131
1673960293 131
1673960293 136
1673960293 129
1673960293 134
1673960293 159
1673960293 155
1673960293 142
1673960293 148
1673960293 161
1673960294 163
1673960294 170
1673960294 159
1673960294 157
1673960294 155
1673960294 154
1673960294 153
1673960294 157
1673960294 153
1673960294 151
1673960294 135
1673960294 130
1673960294 133
1673960294 140
1673960294 140
1673960294 139
1673960294 139
1673960294 137
1673960294 140
1673960294 142
1673960294 159
1673960294 157
1673960294 142
1673960294 124
1673960294 137
1673960294 140
1673960294 140
1673960294 141
1673960294 142
1673960294 127
1673960294 159
1673960294 182
1673960294 175
1673960294 163
1673960294 158
1673960294 166
1673960294 173
1673960294 182
1673960294 176
1673960294 162
1673960294 162
1673960294 164
1673960294 161
1673960294 168
1673960294 145
1673960294 134
1673960294 140
1673960294 136
1673960294 146
1673960294 150
1673960294 135
1673960294 155
1673960294 108
1673960294 127
1673960294 123
