1673963879 106
1673963879 107
1673963879 304
1673963879 242
1673963879 238
1673963879 237
1673963879 257
1673963879 443
1673963879 408
1673963879 390
1673963879 394
1673963879 412
1673963879 432
1673963879 432
1673963879 405
1673963879 407
1673963879 398
1673963879 401
1673963879 396
1673963880 444
1673963880 471
1673963880 470
1673963880 470
1673963880 440
1673963880 422
1673963880 426
1673963880 447
1673963880 448
1673963880 457
1673963880 448
1673963880 423
1673963880 399
1673963880 363
1673963880 421
1673963880 379
1673963880 383
1673963880 393
1673963880 398
1673963880 426
1673963880 403
1673963880 405
1673963880 416
1673963880 425
1673963880 440
1673963880 421
1673963880 468
1673963880 487
1673963880 405
1673963880 433
1673963880 420
1673963880 410
1673963880 415
1673963880 432
1673963880 438
1673963880 452
1673963880 412
1673963880 390
1673963880 378
1673963880 358
1673963880 375
1673963880 426
1673963880 468
1673963880 484
1673963880 479
1673963880 434
1673963880 467
1673963880 465
1673963880 454
1673963880 468
1673963880 440
1673963880 432
1673963880 381
1673963880 383
1673963880 419
1673963880 383
1673963880 382
1673963880 413
1673963880 458
1673963881 460
1673963881 433
1673963881 501
1673963881 497
1673963881 483
1673963881 483
1673963881 491
1673963881 490
1673963881 467
1673963881 494
1673963881 510
1673963881 515
1673963881 496
1673963881 491
1673963881 479
1673963881 437
1673963881 430
1673963881 432
1673963881 447
1673963881 451
1673963881 469
1673963881 493
1673963881 487
1673963881 478
1673963881 464
1673963881 493
1673963881 496
1673963881 470
1673963881 463
1673963881 382
1673963881 469
1673963881 376
1673963881 378
1673963881 458
1673963881 468
1673963881 479
1673963881 474
1673963881 459
1673963881 437
1673963881 491
1673963881 441
1673963881 455
1673963881 459
1673963881 494
1673963881 492
1673963881 490
1673963881 457
1673963881 449
1673963881 457
1673963881 451
1673963881 428
1673963881 406
1673963881 398
1673963881 460
1673963881 460
1673963881 463
1673963881 462
1673963881 476
1673963881 481
1673963881 457
1673963881 419
1673963881 447
1673963881 466
1673963881 504
1673963881 514
1673963881 523
1673963881 451
1673963881 449
1673963881 392
1673963881 403
1673963881 399
1673963881 403
1673963882 473
1673963882 486
1673963882 474
1673963882 459
1673963882 492
1673963882 497
1673963882 451
1673963882 448
1673963882 459
1673963882 460
1673963882 460
1673963882 429
1673963882 443
1673963882 448
1673963882 440
1673963882 429
1673963882 493
1673963882 499
1673963882 521
1673963882 519
1673963882 533
1673963882 535
1673963882 531
1673963882 524
1673963882 504
1673963882 484
1673963882 484
1673963882 467
1673963882 476
1673963882 514
1673963882 506
1673963882 495
1673963882 488
1673963882 498
1673963882 505
1673963882 519
1673963882 480
1673963882 469
1673963882 470
1673963882 468
1673963882 458
1673963882 466
1673963882 450
1673963882 457
1673963882 457
1673963882 393
1673963882 407
1673963882 337
1673963882 339
1673963882 370
1673963882 454
1673963882 466
1673963882 492
1673963882 532
1673963882 499
1673963882 532
1673963882 550
1673963882 518
1673963882 466
1673963882 461
1673963882 462
1673963882 490
1673963882 506
1673963883 501
1673963883 443
1673963883 480
1673963883 454
1673963883 386
1673963883 400
1673963883 405
1673963883 426
1673963883 414
1673963883 412
1673963883 425
1673963883 431
1673963883 389
1673963883 369
1673963883 373
1673963883 379
1673963883 439
1673963883 446
1673963883 407
1673963883 415
1673963883 376
1673963883 376
1673963883 393
1673963883 422
1673963883 337
1673963883 341
1673963883 405
1673963883 409
1673963883 478
1673963883 476
1673963883 468
1673963883 456
1673963883 438
1673963883 511
1673963883 517
1673963883 513
1673963883 506
1673963883 490
1673963883 490
1673963883 539
1673963883 535
1673963883 488
1673963883 487
1673963883 463
1673963883 446
1673963883 433
1673963883 507
1673963883 511
1673963883 489
1673963883 478
1673963883 443
1673963883 428
1673963883 412
1673963884 446
1673963884 446
1673963884 461
1673963884 448
1673963884 407
1673963884 463
1673963884 460
1673963884 476
1673963884 477
1673963884 476
1673963884 498
1673963884 489
1673963884 489
1673963884 519
1673963884 517
1673963884 517
1673963884 462
1673963884 456
1673963884 453
1673963884 437
1673963884 502
1673963884 512
1673963884 460
1673963884 460
1673963884 418
1673963884 418
1673963884 423
1673963884 420
1673963884 421
1673963884 425
1673963884 450
1673963884 451
1673963884 446
1673963884 420
1673963884 436
1673963884 440
1673963884 461
1673963884 462
1673963884 502
1673963884 518
1673963884 482
1673963884 425
1673963884 427
1673963884 488
1673963884 505
1673963884 505
1673963884 526
1673963884 523
1673963884 448
1673963884 448
1673963884 468
1673963884 456
1673963884 440
1673963884 406
1673963884 426
1673963884 449
1673963884 451
1673963884 427
1673963884 419
1673963884 431
1673963884 440
1673963884 385
1673963884 403
1673963884 502
1673963884 507
1673963884 527
1673963884 526
1673963885 525
1673963885 480
1673963885 424
1673963885 401
1673963885 408
1673963885 413
1673963885 428
1673963885 373
1673963885 426
1673963885 424
1673963885 458
1673963885 467
1673963885 481
1673963885 490
1673963885 489
1673963885 452
1673963885 418
1673963885 381
1673963885 374
1673963885 458
1673963885 457
1673963885 462
1673963885 424
1673963885 463
1673963885 462
1673963885 452
1673963885 449
1673963885 460
1673963885 386
1673963885 383
1673963885 423
1673963885 428
1673963885 498
1673963885 492
1673963885 449
1673963885 444
1673963885 452
1673963885 448
1673963885 521
1673963885 515
1673963885 489
1673963885 456
1673963885 445
1673963885 399
1673963885 395
1673963885 396
1673963885 457
1673963885 469
1673963885 421
1673963885 422
1673963885 424
1673963885 423
1673963885 420
1673963885 448
1673963885 472
1673963885 479
1673963885 438
1673963885 475
1673963885 485
1673963885 485
1673963885 435
1673963885 422
1673963885 476
1673963885 476
1673963885 475
1673963885 520
1673963885 511
1673963886 494
1673963886 438
1673963886 443
1673963886 454
1673963886 437
1673963886 430
1673963886 429
1673963886 461
1673963886 451
1673963886 450
1673963886 411
1673963886 374
1673963886 376
1673963886 372
1673963886 406
1673963886 396
1673963886 396
1673963886 398
1673963886 398
1673963886 474
1673963886 481
1673963886 459
1673963886 458
1673963886 529
1673963886 529
1673963886 549
1673963886 545
1673963886 534
1673963886 538
1673963886 472
1673963886 445
1673963886 446
1673963886 474
1673963886 477
1673963886 431
1673963886 411
1673963886 404
1673963886 384
1673963886 460
1673963886 367
1673963886 358
1673963886 361
1673963886 385
1673963886 383
1673963886 392
1673963886 388
1673963886 368
1673963886 355
1673963886 347
1673963886 355
1673963886 370
1673963886 416
1673963886 419
1673963886 396
1673963886 402
1673963886 502
1673963886 483
1673963886 458
1673963886 447
1673963886 434
1673963886 450
1673963886 456
1673963886 465
1673963886 442
1673963886 348
1673963886 347
1673963886 434
1673963886 428
1673963886 420
1673963886 455
1673963886 474
1673963886 450
1673963886 474
1673963886 480
1673963886 482
1673963886 464
1673963886 465
1673963886 418
1673963886 481
1673963886 486
1673963886 493
1673963886 477
1673963886 444
1673963886 490
1673963886 513
1673963887 493
1673963887 552
1673963887 548
1673963887 535
1673963887 481
1673963887 458
1673963887 453
1673963887 467
1673963887 447
1673963887 468
1673963887 461
1673963887 457
1673963887 422
1673963887 428
1673963887 419
1673963887 396
1673963887 332
1673963887 349
1673963887 473
1673963887 491
1673963887 413
1673963887 363
1673963887 369
1673963887 371
1673963887 474
1673963887 496
1673963887 427
1673963887 423
1673963887 500
1673963887 495
1673963887 485
1673963887 486
1673963887 485
1673963887 482
1673963887 467
1673963887 560
1673963887 563
1673963887 525
1673963887 470
1673963887 486
1673963887 468
1673963887 386
1673963887 370
1673963887 403
1673963887 365
1673963887 366
1673963887 376
1673963887 387
1673963887 418
1673963887 479
1673963887 454
1673963887 462
1673963887 471
1673963887 499
1673963887 507
1673963887 500
1673963887 440
1673963887 510
1673963887 474
1673963887 457
1673963887 439
1673963887 429
1673963887 441
1673963887 438
1673963887 441
1673963887 422
1673963887 456
1673963887 445
1673963887 469
1673963887 501
1673963887 534
1673963887 529
1673963887 528
1673963887 529
1673963888 528
1673963888 526
1673963888 497
1673963888 523
1673963888 438
1673963888 473
1673963888 482
1673963888 510
1673963888 459
1673963888 464
1673963888 521
1673963888 521
1673963888 505
1673963888 472
1673963888 479
1673963888 494
1673963888 495
1673963888 463
1673963888 477
1673963888 483
1673963888 445
1673963888 440
1673963888 453
1673963888 468
1673963888 490
1673963888 501
1673963888 502
1673963888 492
1673963888 460
1673963888 491
1673963888 515
1673963888 517
1673963888 496
1673963888 455
1673963888 455
1673963888 466
1673963888 447
1673963888 431
1673963888 411
1673963888 405
1673963888 407
1673963888 382
1673963888 405
1673963888 413
1673963888 474
1673963888 477
1673963888 432
1673963888 425
1673963888 431
1673963888 444
1673963888 405
1673963888 421
1673963888 376
1673963888 398
1673963888 394
1673963888 425
1673963888 426
1673963888 388
1673963888 387
1673963888 387
1673963888 470
1673963888 484
1673963888 392
1673963888 406
1673963888 433
1673963888 439
1673963888 402
1673963888 333
1673963888 334
1673963888 387
1673963888 411
1673963888 418
1673963888 411
1673963888 410
1673963888 403
1673963888 419
1673963889 401
1673963889 483
1673963889 470
1673963889 445
1673963889 425
1673963889 494
1673963889 466
1673963889 444
1673963889 451
1673963889 455
1673963889 499
1673963889 536
1673963889 540
1673963889 536
1673963889 519
1673963889 474
1673963889 427
1673963889 420
1673963889 416
1673963889 418
1673963889 405
1673963889 426
1673963889 441
1673963889 481
1673963889 480
1673963889 457
1673963889 462
1673963889 474
1673963889 417
1673963889 418
1673963889 442
1673963889 448
1673963889 477
1673963889 446
1673963889 506
1673963889 508
1673963889 496
1673963889 449
1673963889 539
1673963889 513
1673963889 513
1673963889 456
1673963889 466
1673963889 442
1673963889 443
1673963889 456
1673963889 465
1673963889 464
1673963889 440
1673963889 439
1673963889 404
1673963889 397
1673963889 394
1673963889 394
1673963889 390
1673963889 389
1673963889 409
1673963889 407
1673963889 432
1673963889 419
1673963889 389
1673963889 391
1673963889 431
1673963889 477
1673963889 477
1673963889 499
1673963889 512
1673963889 513
1673963889 497
1673963889 489
1673963889 427
1673963889 417
1673963889 449
1673963889 484
1673963890 446
1673963890 398
1673963890 391
1673963890 388
1673963890 459
1673963890 459
1673963890 450
1673963890 449
1673963890 456
1673963890 464
1673963890 465
1673963890 437
1673963890 407
1673963890 479
1673963890 446
1673963890 427
1673963890 366
1673963890 367
1673963890 442
1673963890 439
1673963890 434
1673963890 418
1673963890 394
1673963890 463
1673963890 463
1673963890 437
1673963890 452
1673963890 460
1673963890 520
1673963890 519
1673963890 524
1673963890 522
1673963890 517
1673963890 486
1673963890 564
1673963890 561
1673963890 472
1673963890 492
1673963890 463
1673963890 464
1673963890 464
1673963890 490
1673963890 451
1673963890 446
1673963890 454
1673963890 457
1673963890 451
1673963890 425
1673963890 430
1673963890 376
1673963890 414
1673963890 394
1673963890 407
1673963890 422
1673963890 430
1673963890 460
1673963890 456
1673963890 453
1673963890 482
1673963890 466
1673963890 500
1673963890 510
1673963890 512
1673963890 483
1673963890 462
1673963890 457
1673963890 412
1673963890 430
1673963890 443
1673963890 393
1673963890 392
1673963890 421
1673963890 455
1673963890 463
1673963890 466
1673963891 411
1673963891 411
1673963891 402
1673963891 459
1673963891 509
1673963891 529
1673963891 515
1673963891 522
1673963891 511
1673963891 525
1673963891 508
1673963891 515
1673963891 524
1673963891 528
1673963891 528
1673963891 488
1673963891 493
1673963891 463
1673963891 419
1673963891 433
1673963891 426
1673963891 429
1673963891 488
1673963891 423
1673963891 402
1673963891 409
1673963891 415
1673963891 441
1673963891 441
1673963891 448
1673963891 456
1673963891 448
1673963891 419
1673963891 406
1673963891 417
1673963891 393
1673963891 415
1673963891 428
1673963891 467
1673963891 461
1673963891 433
1673963891 415
1673963891 395
1673963891 415
1673963891 463
1673963891 498
1673963891 487
1673963891 480
1673963891 478
1673963891 413
1673963891 414
1673963891 451
1673963891 461
1673963891 458
1673963891 432
1673963891 392
1673963891 391
1673963891 394
1673963891 405
1673963891 425
1673963891 460
1673963891 473
1673963891 488
1673963891 550
1673963891 550
1673963891 446
1673963892 426
1673963892 467
1673963892 470
1673963892 376
1673963892 382
1673963892 412
1673963892 428
1673963892 452
1673963892 479
1673963892 487
1673963892 483
1673963892 486
1673963892 486
1673963892 474
1673963892 450
1673963892 437
1673963892 439
1673963892 434
1673963892 397
1673963892 419
1673963892 429
1673963892 512
1673963892 484
1673963892 440
1673963892 471
1673963892 474
1673963892 452
1673963892 451
1673963892 496
1673963892 516
1673963892 525
1673963892 541
1673963892 494
1673963892 471
1673963892 458
1673963892 440
1673963892 455
1673963892 458
1673963892 472
1673963892 468
1673963892 458
1673963892 466
1673963892 473
1673963892 475
1673963892 447
1673963892 456
1673963892 453
1673963892 465
1673963892 483
1673963892 409
1673963892 415
1673963892 408
1673963892 404
1673963892 421
1673963892 433
1673963892 428
1673963892 403
1673963892 421
1673963892 428
1673963892 451
1673963892 477
1673963892 453
1673963892 406
1673963892 404
1673963892 414
1673963892 448
1673963892 447
1673963892 464
1673963892 453
1673963892 451
1673963892 431
1673963892 458
1673963892 447
1673963892 496
1673963892 502
1673963892 442
1673963892 495
1673963892 564
1673963892 566
1673963892 502
1673963892 512
1673963892 501
1673963893 430
1673963893 394
1673963893 394
1673963893 414
1673963893 397
1673963893 383
1673963893 384
1673963893 437
1673963893 465
1673963893 412
1673963893 420
1673963893 422
1673963893 450
1673963893 459
1673963893 434
1673963893 469
1673963893 466
1673963893 431
1673963893 485
1673963893 449
1673963893 434
1673963893 461
1673963893 477
1673963893 544
1673963893 465
1673963893 466
1673963893 498
1673963893 458
1673963893 455
1673963893 434
1673963893 404
1673963893 404
1673963893 444
1673963893 451
1673963893 420
1673963893 415
1673963893 408
1673963893 407
1673963893 476
1673963893 391
1673963893 399
1673963893 455
1673963893 478
1673963893 448
1673963893 433
1673963893 445
1673963893 384
1673963893 365
1673963893 414
1673963893 419
1673963893 448
1673963893 452
1673963893 417
1673963893 432
1673963893 464
1673963893 495
1673963893 449
1673963893 423
1673963893 498
1673963893 494
1673963893 378
1673963893 375
1673963893 446
1673963893 446
1673963893 435
1673963893 438
1673963893 416
1673963893 390
1673963893 382
1673963893 467
1673963893 466
1673963893 452
1673963893 421
1673963893 498
1673963894 498
1673963894 503
1673963894 491
1673963894 488
1673963894 442
1673963894 450
1673963894 458
1673963894 478
1673963894 486
1673963894 459
1673963894 418
1673963894 391
1673963894 401
1673963894 408
1673963894 427
1673963894 419
1673963894 425
1673963894 434
1673963894 464
1673963894 437
1673963894 450
1673963894 448
1673963894 428
1673963894 398
1673963894 408
1673963894 451
1673963894 449
1673963894 433
1673963894 435
1673963894 426
1673963894 508
1673963894 544
1673963894 519
1673963894 458
1673963894 442
1673963894 441
1673963894 475
1673963894 490
1673963894 481
1673963894 476
1673963894 481
1673963894 479
1673963894 461
1673963894 492
1673963894 482
1673963894 445
1673963894 410
1673963894 412
1673963894 422
1673963894 430
1673963894 270
1673963894 155
1673963894 108
1673963894 127
1673963894 123
