1673963879 106
1673963879 107
1673963879 152
1673963879 121
1673963879 119
1673963879 118
1673963879 128
1673963879 147
1673963879 136
1673963879 130
1673963879 131
1673963879 137
1673963879 144
1673963879 144
1673963879 135
1673963879 135
1673963879 132
1673963879 133
1673963879 132
1673963880 148
1673963880 157
1673963880 156
1673963880 156
1673963880 146
1673963880 140
1673963880 142
1673963880 149
1673963880 149
1673963880 152
1673963880 149
1673963880 141
1673963880 133
1673963880 121
1673963880 140
1673963880 126
1673963880 127
1673963880 131
1673963880 132
1673963880 142
1673963880 134
1673963880 135
1673963880 138
1673963880 141
1673963880 146
1673963880 140
1673963880 156
1673963880 162
1673963880 135
1673963880 144
1673963880 140
1673963880 136
1673963880 138
1673963880 144
1673963880 146
1673963880 150
1673963880 137
1673963880 130
1673963880 126
1673963880 119
1673963880 125
1673963880 142
1673963880 156
1673963880 161
1673963880 159
1673963880 144
1673963880 155
1673963880 155
1673963880 151
1673963880 156
1673963880 146
1673963880 144
1673963880 127
1673963880 127
1673963880 139
1673963880 127
1673963880 127
1673963880 137
1673963880 152
1673963881 153
1673963881 144
1673963881 167
1673963881 165
1673963881 161
1673963881 161
1673963881 163
1673963881 163
1673963881 155
1673963881 164
1673963881 170
1673963881 171
1673963881 165
1673963881 163
1673963881 159
1673963881 145
1673963881 143
1673963881 144
1673963881 149
1673963881 150
1673963881 156
1673963881 164
1673963881 162
1673963881 159
1673963881 154
1673963881 164
1673963881 165
1673963881 156
1673963881 154
1673963881 127
1673963881 156
1673963881 125
1673963881 126
1673963881 152
1673963881 156
1673963881 159
1673963881 158
1673963881 153
1673963881 145
1673963881 163
1673963881 147
1673963881 151
1673963881 153
1673963881 164
1673963881 164
1673963881 163
1673963881 152
1673963881 149
1673963881 152
1673963881 150
1673963881 142
1673963881 135
1673963881 132
1673963881 153
1673963881 153
1673963881 154
1673963881 154
1673963881 158
1673963881 160
1673963881 152
1673963881 139
1673963881 149
1673963881 155
1673963881 168
1673963881 171
1673963881 174
1673963881 150
1673963881 149
1673963881 130
1673963881 134
1673963881 133
1673963881 134
1673963882 157
1673963882 162
1673963882 158
1673963882 153
1673963882 164
1673963882 165
1673963882 150
1673963882 149
1673963882 153
1673963882 153
1673963882 153
1673963882 143
1673963882 147
1673963882 149
1673963882 146
1673963882 143
1673963882 164
1673963882 166
1673963882 173
1673963882 173
1673963882 177
1673963882 178
1673963882 177
1673963882 174
1673963882 168
1673963882 161
1673963882 161
1673963882 155
1673963882 158
1673963882 171
1673963882 168
1673963882 165
1673963882 162
1673963882 166
1673963882 168
1673963882 173
1673963882 160
1673963882 156
1673963882 156
1673963882 156
1673963882 152
1673963882 155
1673963882 150
1673963882 152
1673963882 152
1673963882 131
1673963882 135
1673963882 112
1673963882 113
1673963882 123
1673963882 151
1673963882 155
1673963882 164
1673963882 177
1673963882 166
1673963882 177
1673963882 183
1673963882 172
1673963882 155
1673963882 153
1673963882 154
1673963882 163
1673963882 168
1673963883 167
1673963883 147
1673963883 160
1673963883 151
1673963883 128
1673963883 133
1673963883 135
1673963883 142
1673963883 138
1673963883 137
1673963883 141
1673963883 143
1673963883 129
1673963883 123
1673963883 124
1673963883 126
1673963883 146
1673963883 148
1673963883 135
1673963883 138
1673963883 125
1673963883 125
1673963883 131
1673963883 140
1673963883 112
1673963883 113
1673963883 135
1673963883 136
1673963883 159
1673963883 158
1673963883 156
1673963883 152
1673963883 146
1673963883 170
1673963883 172
1673963883 171
1673963883 168
1673963883 163
1673963883 163
1673963883 179
1673963883 178
1673963883 162
1673963883 162
1673963883 154
1673963883 148
1673963883 144
1673963883 169
1673963883 170
1673963883 163
1673963883 159
1673963883 147
1673963883 142
1673963883 137
1673963884 148
1673963884 148
1673963884 153
1673963884 149
1673963884 135
1673963884 154
1673963884 153
1673963884 158
1673963884 159
1673963884 158
1673963884 166
1673963884 163
1673963884 163
1673963884 173
1673963884 172
1673963884 172
1673963884 154
1673963884 152
1673963884 151
1673963884 145
1673963884 167
1673963884 170
1673963884 153
1673963884 153
1673963884 139
1673963884 139
1673963884 141
1673963884 140
1673963884 140
1673963884 141
1673963884 150
1673963884 150
1673963884 148
1673963884 140
1673963884 145
1673963884 146
1673963884 153
1673963884 154
1673963884 167
1673963884 172
1673963884 160
1673963884 141
1673963884 142
1673963884 162
1673963884 168
1673963884 168
1673963884 175
1673963884 174
1673963884 149
1673963884 149
1673963884 156
1673963884 152
1673963884 146
1673963884 135
1673963884 142
1673963884 149
1673963884 150
1673963884 142
1673963884 139
1673963884 143
1673963884 146
1673963884 128
1673963884 134
1673963884 167
1673963884 169
1673963884 175
1673963884 175
1673963885 175
1673963885 160
1673963885 141
1673963885 133
1673963885 136
1673963885 137
1673963885 142
1673963885 124
1673963885 142
1673963885 141
1673963885 152
1673963885 155
1673963885 160
1673963885 163
1673963885 163
1673963885 150
1673963885 139
1673963885 127
1673963885 124
1673963885 152
1673963885 152
1673963885 154
1673963885 141
1673963885 154
1673963885 154
1673963885 150
1673963885 149
1673963885 153
1673963885 128
1673963885 127
1673963885 141
1673963885 142
1673963885 166
1673963885 164
1673963885 149
1673963885 148
1673963885 150
1673963885 149
1673963885 173
1673963885 171
1673963885 163
1673963885 152
1673963885 148
1673963885 133
1673963885 131
1673963885 132
1673963885 152
1673963885 156
1673963885 140
1673963885 140
1673963885 141
1673963885 141
1673963885 140
1673963885 149
1673963885 157
1673963885 159
1673963885 146
1673963885 158
1673963885 161
1673963885 161
1673963885 145
1673963885 140
1673963885 158
1673963885 158
1673963885 158
1673963885 173
1673963885 170
1673963886 164
1673963886 146
1673963886 147
1673963886 151
1673963886 145
1673963886 143
1673963886 143
1673963886 153
1673963886 150
1673963886 150
1673963886 137
1673963886 124
1673963886 125
1673963886 124
1673963886 135
1673963886 132
1673963886 132
1673963886 132
1673963886 132
1673963886 158
1673963886 160
1673963886 153
1673963886 152
1673963886 176
1673963886 176
1673963886 183
1673963886 181
1673963886 178
1673963886 179
1673963886 157
1673963886 148
1673963886 148
1673963886 158
1673963886 159
1673963886 143
1673963886 137
1673963886 134
1673963886 128
1673963886 153
1673963886 122
1673963886 119
1673963886 120
1673963886 128
1673963886 127
1673963886 130
1673963886 129
1673963886 122
1673963886 118
1673963886 115
1673963886 118
1673963886 123
1673963886 138
1673963886 139
1673963886 132
1673963886 134
1673963886 167
1673963886 161
1673963886 152
1673963886 149
1673963886 144
1673963886 150
1673963886 152
1673963886 155
1673963886 147
1673963886 116
1673963886 115
1673963886 144
1673963886 142
1673963886 140
1673963886 151
1673963886 158
1673963886 150
1673963886 158
1673963886 160
1673963886 160
1673963886 154
1673963886 155
1673963886 139
1673963886 160
1673963886 162
1673963886 164
1673963886 159
1673963886 148
1673963886 163
1673963886 171
1673963887 164
1673963887 184
1673963887 182
1673963887 178
1673963887 160
1673963887 152
1673963887 151
1673963887 155
1673963887 149
1673963887 156
1673963887 153
1673963887 152
1673963887 140
1673963887 142
1673963887 139
1673963887 132
1673963887 110
1673963887 116
1673963887 157
1673963887 163
1673963887 137
1673963887 121
1673963887 123
1673963887 123
1673963887 158
1673963887 165
1673963887 142
1673963887 141
1673963887 166
1673963887 165
1673963887 161
1673963887 162
1673963887 161
1673963887 160
1673963887 155
1673963887 186
1673963887 187
1673963887 175
1673963887 156
1673963887 162
1673963887 156
1673963887 128
1673963887 123
1673963887 134
1673963887 121
1673963887 122
1673963887 125
1673963887 129
1673963887 139
1673963887 159
1673963887 151
1673963887 154
1673963887 157
1673963887 166
1673963887 169
1673963887 166
1673963887 146
1673963887 170
1673963887 158
1673963887 152
1673963887 146
1673963887 143
1673963887 147
1673963887 146
1673963887 147
1673963887 140
1673963887 152
1673963887 148
1673963887 156
1673963887 167
1673963887 178
1673963887 176
1673963887 176
1673963887 176
1673963888 176
1673963888 175
1673963888 165
1673963888 174
1673963888 146
1673963888 157
1673963888 160
1673963888 170
1673963888 153
1673963888 154
1673963888 173
1673963888 173
1673963888 168
1673963888 157
1673963888 159
1673963888 164
1673963888 165
1673963888 154
1673963888 159
1673963888 161
1673963888 148
1673963888 146
1673963888 151
1673963888 156
1673963888 163
1673963888 167
1673963888 167
1673963888 164
1673963888 153
1673963888 163
1673963888 171
1673963888 172
1673963888 165
1673963888 151
1673963888 151
1673963888 155
1673963888 149
1673963888 143
1673963888 137
1673963888 135
1673963888 135
1673963888 127
1673963888 135
1673963888 137
1673963888 158
1673963888 159
1673963888 144
1673963888 141
1673963888 143
1673963888 148
1673963888 135
1673963888 140
1673963888 125
1673963888 132
1673963888 131
1673963888 141
1673963888 142
1673963888 129
1673963888 129
1673963888 129
1673963888 156
1673963888 161
1673963888 130
1673963888 135
1673963888 144
1673963888 146
1673963888 134
1673963888 111
1673963888 111
1673963888 129
1673963888 137
1673963888 139
1673963888 137
1673963888 136
1673963888 134
1673963888 139
1673963889 133
1673963889 161
1673963889 156
1673963889 148
1673963889 141
1673963889 164
1673963889 155
1673963889 148
1673963889 150
1673963889 151
1673963889 166
1673963889 178
1673963889 180
1673963889 178
1673963889 173
1673963889 158
1673963889 142
1673963889 140
1673963889 138
1673963889 139
1673963889 135
1673963889 142
1673963889 147
1673963889 160
1673963889 160
1673963889 152
1673963889 154
1673963889 158
1673963889 139
1673963889 139
1673963889 147
1673963889 149
1673963889 159
1673963889 148
1673963889 168
1673963889 169
1673963889 165
1673963889 149
1673963889 179
1673963889 171
1673963889 171
1673963889 152
1673963889 155
1673963889 147
1673963889 147
1673963889 152
1673963889 155
1673963889 154
1673963889 146
1673963889 146
1673963889 134
1673963889 132
1673963889 131
1673963889 131
1673963889 130
1673963889 129
1673963889 136
1673963889 135
1673963889 144
1673963889 139
1673963889 129
1673963889 130
1673963889 143
1673963889 159
1673963889 159
1673963889 166
1673963889 170
1673963889 171
1673963889 165
1673963889 163
1673963889 142
1673963889 139
1673963889 149
1673963889 161
1673963890 148
1673963890 132
1673963890 130
1673963890 129
1673963890 153
1673963890 153
1673963890 150
1673963890 149
1673963890 152
1673963890 154
1673963890 155
1673963890 145
1673963890 135
1673963890 159
1673963890 148
1673963890 142
1673963890 122
1673963890 122
1673963890 147
1673963890 146
1673963890 144
1673963890 139
1673963890 131
1673963890 154
1673963890 154
1673963890 145
1673963890 150
1673963890 153
1673963890 173
1673963890 173
1673963890 174
1673963890 174
1673963890 172
1673963890 162
1673963890 188
1673963890 187
1673963890 157
1673963890 164
1673963890 154
1673963890 154
1673963890 154
1673963890 163
1673963890 150
1673963890 148
1673963890 151
1673963890 152
1673963890 150
1673963890 141
1673963890 143
1673963890 125
1673963890 138
1673963890 131
1673963890 135
1673963890 140
1673963890 143
1673963890 153
1673963890 152
1673963890 151
1673963890 160
1673963890 155
1673963890 166
1673963890 170
1673963890 170
1673963890 161
1673963890 154
1673963890 152
1673963890 137
1673963890 143
1673963890 147
1673963890 131
1673963890 130
1673963890 140
1673963890 151
1673963890 154
1673963890 155
1673963891 137
1673963891 137
1673963891 134
1673963891 153
1673963891 169
1673963891 176
1673963891 171
1673963891 174
1673963891 170
1673963891 175
1673963891 169
1673963891 171
1673963891 174
1673963891 176
1673963891 176
1673963891 162
1673963891 164
1673963891 154
1673963891 139
1673963891 144
1673963891 142
1673963891 143
1673963891 162
1673963891 141
1673963891 134
1673963891 136
1673963891 138
1673963891 147
1673963891 147
1673963891 149
1673963891 152
1673963891 149
1673963891 139
1673963891 135
1673963891 139
1673963891 131
1673963891 138
1673963891 142
1673963891 155
1673963891 153
1673963891 144
1673963891 138
1673963891 131
1673963891 138
1673963891 154
1673963891 166
1673963891 162
1673963891 160
1673963891 159
1673963891 137
1673963891 138
1673963891 150
1673963891 153
1673963891 152
1673963891 144
1673963891 130
1673963891 130
1673963891 131
1673963891 135
1673963891 141
1673963891 153
1673963891 157
1673963891 162
1673963891 183
1673963891 183
1673963891 148
1673963892 142
1673963892 155
1673963892 156
1673963892 125
1673963892 127
1673963892 137
1673963892 142
1673963892 150
1673963892 159
1673963892 162
1673963892 161
1673963892 162
1673963892 162
1673963892 158
1673963892 150
1673963892 145
1673963892 146
1673963892 144
1673963892 132
1673963892 139
1673963892 143
1673963892 170
1673963892 161
1673963892 146
1673963892 157
1673963892 158
1673963892 150
1673963892 150
1673963892 165
1673963892 172
1673963892 175
1673963892 180
1673963892 164
1673963892 157
1673963892 152
1673963892 146
1673963892 151
1673963892 152
1673963892 157
1673963892 156
1673963892 152
1673963892 155
1673963892 157
1673963892 158
1673963892 149
1673963892 152
1673963892 151
1673963892 155
1673963892 161
1673963892 136
1673963892 138
1673963892 136
1673963892 134
1673963892 140
1673963892 144
1673963892 142
1673963892 134
1673963892 140
1673963892 142
1673963892 150
1673963892 159
1673963892 151
1673963892 135
1673963892 134
1673963892 138
1673963892 149
1673963892 149
1673963892 154
1673963892 151
1673963892 150
1673963892 143
1673963892 152
1673963892 149
1673963892 165
1673963892 167
1673963892 147
1673963892 165
1673963892 188
1673963892 188
1673963892 167
1673963892 170
1673963892 167
1673963893 143
1673963893 131
1673963893 131
1673963893 138
1673963893 132
1673963893 127
1673963893 128
1673963893 145
1673963893 155
1673963893 137
1673963893 140
1673963893 140
1673963893 150
1673963893 153
1673963893 144
1673963893 156
1673963893 155
1673963893 143
1673963893 161
1673963893 149
1673963893 144
1673963893 153
1673963893 159
1673963893 181
1673963893 155
1673963893 155
1673963893 166
1673963893 152
1673963893 151
1673963893 144
1673963893 134
1673963893 134
1673963893 148
1673963893 150
1673963893 140
1673963893 138
1673963893 136
1673963893 135
1673963893 158
1673963893 130
1673963893 133
1673963893 151
1673963893 159
1673963893 149
1673963893 144
1673963893 148
1673963893 128
1673963893 121
1673963893 138
1673963893 139
1673963893 149
1673963893 150
1673963893 139
1673963893 144
1673963893 154
1673963893 165
1673963893 149
1673963893 141
1673963893 166
1673963893 164
1673963893 126
1673963893 125
1673963893 148
1673963893 148
1673963893 145
1673963893 146
1673963893 138
1673963893 130
1673963893 127
1673963893 155
1673963893 155
1673963893 150
1673963893 140
1673963893 166
1673963894 166
1673963894 167
1673963894 163
1673963894 162
1673963894 147
1673963894 150
1673963894 152
1673963894 159
1673963894 162
1673963894 153
1673963894 139
1673963894 130
1673963894 133
1673963894 136
1673963894 142
1673963894 139
1673963894 141
1673963894 144
1673963894 154
1673963894 145
1673963894 150
1673963894 149
1673963894 142
1673963894 132
1673963894 136
1673963894 150
1673963894 149
1673963894 144
1673963894 145
1673963894 142
1673963894 169
1673963894 181
1673963894 173
1673963894 152
1673963894 147
1673963894 147
1673963894 158
1673963894 163
1673963894 160
1673963894 158
1673963894 160
1673963894 159
1673963894 153
1673963894 164
1673963894 160
1673963894 148
1673963894 136
1673963894 137
1673963894 140
1673963894 143
1673963894 135
1673963894 155
1673963894 108
1673963894 127
1673963894 123
