1673963879 212
1673963879 214
1673963879 376
1673963879 248
1673963879 240
1673963879 230
1673963879 268
1673963879 776
1673963879 436
1673963879 568
1673963879 552
1673963879 468
1673963879 696
1673963879 556
1673963879 452
1673963879 660
1673963879 548
1673963879 524
1673963879 484
1673963880 564
1673963880 592
1673963880 592
1673963880 740
1673963880 632
1673963880 596
1673963880 404
1673963880 704
1673963880 700
1673963880 732
1673963880 664
1673963880 584
1673963880 660
1673963880 460
1673963880 724
1673963880 612
1673963880 440
1673963880 688
1673963880 460
1673963880 560
1673963880 464
1673963880 444
1673963880 716
1673963880 508
1673963880 680
1673963880 584
1673963880 748
1673963880 780
1673963880 428
1673963880 680
1673963880 588
1673963880 564
1673963880 504
1673963880 480
1673963880 500
1673963880 704
1673963880 544
1673963880 452
1673963880 504
1673963880 436
1673963880 432
1673963880 644
1673963880 556
1673963880 768
1673963880 660
1673963880 540
1673963880 720
1673963880 588
1673963880 720
1673963880 784
1673963880 528
1673963880 544
1673963880 456
1673963880 416
1673963880 732
1673963880 456
1673963880 500
1673963880 496
1673963880 740
1673963881 548
1673963881 488
1673963881 760
1673963881 620
1673963881 588
1673963881 564
1673963881 724
1673963881 736
1673963881 412
1673963881 688
1673963881 552
1673963881 756
1673963881 480
1673963881 656
1673963881 792
1673963881 500
1673963881 660
1673963881 532
1673963881 604
1673963881 560
1673963881 624
1673963881 720
1673963881 584
1673963881 660
1673963881 600
1673963881 772
1673963881 744
1673963881 436
1673963881 716
1673963881 404
1673963881 792
1673963881 428
1673963881 504
1673963881 668
1673963881 576
1673963881 620
1673963881 568
1673963881 736
1673963881 424
1673963881 676
1673963881 484
1673963881 724
1673963881 524
1673963881 724
1673963881 696
1673963881 688
1673963881 580
1673963881 556
1673963881 668
1673963881 644
1673963881 612
1673963881 484
1673963881 488
1673963881 712
1673963881 604
1673963881 536
1673963881 696
1673963881 672
1673963881 680
1673963881 576
1673963881 424
1673963881 528
1673963881 652
1673963881 716
1673963881 644
1673963881 764
1673963881 476
1673963881 656
1673963881 444
1673963881 684
1673963881 420
1673963881 612
1673963882 580
1673963882 792
1673963882 568
1673963882 524
1673963882 452
1673963882 800
1673963882 484
1673963882 560
1673963882 684
1673963882 664
1673963882 648
1673963882 468
1673963882 576
1673963882 748
1673963882 576
1673963882 472
1673963882 644
1673963882 796
1673963882 776
1673963882 528
1673963882 756
1673963882 648
1673963882 648
1673963882 656
1673963882 584
1673963882 712
1673963882 508
1673963882 412
1673963882 800
1673963882 628
1673963882 632
1673963882 636
1673963882 572
1673963882 596
1673963882 692
1673963882 696
1673963882 632
1673963882 584
1673963882 588
1673963882 568
1673963882 524
1673963882 592
1673963882 424
1673963882 748
1673963882 668
1673963882 444
1673963882 508
1673963882 416
1673963882 432
1673963882 532
1673963882 788
1673963882 624
1673963882 464
1673963882 776
1673963882 604
1673963882 740
1673963882 700
1673963882 736
1673963882 628
1673963882 476
1673963882 736
1673963882 524
1673963882 704
1673963883 796
1673963883 628
1673963883 780
1673963883 704
1673963883 456
1673963883 496
1673963883 564
1673963883 704
1673963883 500
1673963883 460
1673963883 508
1673963883 696
1673963883 564
1673963883 448
1673963883 560
1673963883 440
1673963883 608
1673963883 616
1673963883 408
1673963883 696
1673963883 484
1673963883 416
1673963883 632
1673963883 744
1673963883 404
1673963883 516
1673963883 532
1673963883 460
1673963883 696
1673963883 708
1673963883 520
1673963883 700
1673963883 428
1673963883 692
1673963883 696
1673963883 716
1673963883 688
1673963883 540
1673963883 524
1673963883 772
1673963883 744
1673963883 484
1673963883 684
1673963883 796
1673963883 492
1673963883 448
1673963883 752
1673963883 780
1673963883 680
1673963883 580
1673963883 584
1673963883 592
1673963883 508
1673963884 688
1673963884 460
1673963884 732
1673963884 644
1673963884 492
1673963884 700
1673963884 504
1673963884 564
1673963884 672
1673963884 632
1673963884 716
1673963884 620
1673963884 596
1673963884 780
1673963884 684
1673963884 780
1673963884 532
1673963884 684
1673963884 588
1673963884 484
1673963884 732
1673963884 704
1673963884 508
1673963884 688
1673963884 516
1673963884 664
1673963884 704
1673963884 488
1673963884 436
1673963884 496
1673963884 792
1673963884 540
1673963884 548
1673963884 456
1673963884 740
1673963884 444
1673963884 740
1673963884 452
1673963884 680
1673963884 768
1673963884 700
1673963884 544
1673963884 404
1673963884 724
1673963884 772
1673963884 664
1673963884 748
1673963884 708
1673963884 412
1673963884 596
1673963884 788
1673963884 692
1673963884 420
1673963884 444
1673963884 588
1673963884 524
1673963884 668
1673963884 540
1673963884 576
1673963884 416
1673963884 748
1673963884 512
1673963884 408
1673963884 780
1673963884 744
1673963884 732
1673963884 676
1673963885 728
1673963885 700
1673963885 564
1673963885 408
1673963885 480
1673963885 568
1673963885 596
1673963885 416
1673963885 664
1673963885 448
1673963885 592
1673963885 592
1673963885 604
1673963885 580
1673963885 780
1673963885 644
1673963885 692
1673963885 404
1673963885 540
1673963885 736
1673963885 424
1673963885 696
1673963885 548
1673963885 704
1673963885 700
1673963885 684
1673963885 668
1673963885 756
1673963885 496
1673963885 516
1673963885 564
1673963885 508
1673963885 780
1673963885 772
1673963885 640
1673963885 428
1673963885 776
1673963885 504
1673963885 760
1673963885 684
1673963885 764
1673963885 556
1673963885 536
1673963885 616
1673963885 416
1673963885 512
1673963885 444
1673963885 712
1673963885 512
1673963885 732
1673963885 724
1673963885 460
1673963885 696
1673963885 680
1673963885 624
1673963885 744
1673963885 576
1673963885 568
1673963885 720
1673963885 644
1673963885 520
1673963885 556
1673963885 772
1673963885 640
1673963885 488
1673963885 676
1673963885 696
1673963886 664
1673963886 460
1673963886 536
1673963886 556
1673963886 772
1673963886 776
1673963886 468
1673963886 604
1673963886 456
1673963886 784
1673963886 496
1673963886 476
1673963886 544
1673963886 472
1673963886 616
1673963886 520
1673963886 440
1673963886 572
1673963886 440
1673963886 744
1673963886 768
1673963886 676
1673963886 536
1673963886 796
1673963886 692
1673963886 780
1673963886 672
1673963886 708
1673963886 788
1673963886 684
1673963886 512
1673963886 616
1673963886 668
1673963886 680
1673963886 724
1673963886 444
1673963886 432
1673963886 464
1673963886 792
1673963886 432
1673963886 528
1673963886 432
1673963886 492
1673963886 464
1673963886 580
1673963886 520
1673963886 520
1673963886 472
1673963886 444
1673963886 468
1673963886 476
1673963886 696
1673963886 692
1673963886 596
1673963886 464
1673963886 780
1673963886 620
1673963886 592
1673963886 640
1673963886 560
1673963886 528
1673963886 724
1673963886 800
1673963886 748
1673963886 436
1673963886 456
1673963886 780
1673963886 412
1673963886 608
1673963886 676
1673963886 692
1673963886 592
1673963886 624
1673963886 620
1673963886 732
1673963886 504
1673963886 724
1673963886 496
1673963886 732
1673963886 700
1673963886 636
1673963886 556
1673963886 420
1673963886 676
1673963886 796
1673963887 488
1673963887 732
1673963887 716
1673963887 680
1673963887 540
1673963887 476
1673963887 556
1673963887 640
1673963887 408
1673963887 660
1673963887 728
1673963887 408
1673963887 516
1673963887 768
1673963887 508
1673963887 660
1673963887 444
1673963887 408
1673963887 768
1673963887 736
1673963887 516
1673963887 432
1673963887 412
1673963887 532
1673963887 800
1673963887 776
1673963887 404
1673963887 412
1673963887 756
1673963887 700
1673963887 644
1673963887 524
1673963887 540
1673963887 784
1673963887 452
1673963887 772
1673963887 784
1673963887 732
1673963887 564
1673963887 732
1673963887 556
1673963887 472
1673963887 480
1673963887 620
1673963887 504
1673963887 416
1673963887 548
1673963887 496
1673963887 580
1673963887 640
1673963887 452
1673963887 656
1673963887 516
1673963887 764
1673963887 716
1673963887 772
1673963887 452
1673963887 752
1673963887 616
1673963887 540
1673963887 580
1673963887 408
1673963887 764
1673963887 476
1673963887 532
1673963887 424
1673963887 580
1673963887 428
1673963887 588
1673963887 780
1673963887 784
1673963887 696
1673963887 724
1673963887 720
1673963888 752
1673963888 612
1673963888 620
1673963888 792
1673963888 444
1673963888 764
1673963888 584
1673963888 696
1673963888 504
1673963888 564
1673963888 764
1673963888 656
1673963888 740
1673963888 492
1673963888 576
1673963888 764
1673963888 636
1673963888 604
1673963888 664
1673963888 680
1673963888 532
1673963888 556
1673963888 636
1673963888 648
1673963888 720
1673963888 668
1673963888 760
1673963888 568
1673963888 448
1673963888 752
1673963888 728
1673963888 788
1673963888 760
1673963888 524
1673963888 748
1673963888 588
1673963888 500
1673963888 772
1673963888 444
1673963888 404
1673963888 756
1673963888 632
1673963888 620
1673963888 444
1673963888 720
1673963888 680
1673963888 604
1673963888 616
1673963888 436
1673963888 668
1673963888 492
1673963888 732
1673963888 540
1673963888 600
1673963888 576
1673963888 660
1673963888 640
1673963888 404
1673963888 444
1673963888 424
1673963888 696
1673963888 756
1673963888 440
1673963888 588
1673963888 680
1673963888 764
1673963888 420
1673963888 428
1673963888 476
1673963888 432
1673963888 664
1673963888 592
1673963888 544
1673963888 628
1673963888 408
1673963888 724
1673963889 444
1673963889 792
1673963889 584
1673963889 512
1673963889 420
1673963889 724
1673963889 664
1673963889 408
1673963889 664
1673963889 668
1673963889 572
1673963889 708
1673963889 780
1673963889 664
1673963889 716
1673963889 772
1673963889 688
1673963889 408
1673963889 536
1673963889 536
1673963889 548
1673963889 572
1673963889 508
1673963889 672
1673963889 788
1673963889 496
1673963889 780
1673963889 636
1673963889 424
1673963889 488
1673963889 732
1673963889 704
1673963889 636
1673963889 496
1673963889 716
1673963889 760
1673963889 636
1673963889 412
1673963889 764
1673963889 656
1673963889 656
1673963889 412
1673963889 776
1673963889 460
1673963889 480
1673963889 668
1673963889 680
1673963889 680
1673963889 536
1673963889 612
1673963889 520
1673963889 536
1673963889 524
1673963889 520
1673963889 524
1673963889 536
1673963889 628
1673963889 504
1673963889 656
1673963889 620
1673963889 520
1673963889 448
1673963889 588
1673963889 764
1673963889 564
1673963889 628
1673963889 656
1673963889 760
1673963889 656
1673963889 720
1673963889 528
1673963889 464
1673963889 700
1673963889 792
1673963890 600
1673963890 468
1673963890 508
1673963890 464
1673963890 732
1673963890 464
1673963890 424
1673963890 712
1673963890 728
1673963890 748
1673963890 696
1673963890 436
1673963890 468
1673963890 764
1673963890 456
1673963890 624
1673963890 408
1673963890 476
1673963890 776
1673963890 468
1673963890 736
1673963890 484
1673963890 532
1673963890 752
1673963890 704
1673963890 512
1673963890 796
1673963890 480
1673963890 716
1673963890 772
1673963890 748
1673963890 560
1673963890 540
1673963890 404
1673963890 692
1673963890 800
1673963890 472
1673963890 668
1673963890 420
1673963890 432
1673963890 640
1673963890 724
1673963890 564
1673963890 536
1673963890 492
1673963890 772
1673963890 576
1673963890 468
1673963890 752
1673963890 512
1673963890 648
1673963890 544
1673963890 504
1673963890 536
1673963890 664
1673963890 776
1673963890 572
1673963890 428
1673963890 668
1673963890 584
1673963890 672
1673963890 576
1673963890 792
1673963890 772
1673963890 460
1673963890 672
1673963890 636
1673963890 460
1673963890 792
1673963890 588
1673963890 408
1673963890 532
1673963890 624
1673963890 632
1673963890 688
1673963891 536
1673963891 476
1673963891 420
1673963891 628
1673963891 668
1673963891 736
1673963891 608
1673963891 712
1673963891 648
1673963891 784
1673963891 696
1673963891 700
1673963891 728
1673963891 668
1673963891 736
1673963891 644
1673963891 672
1673963891 564
1673963891 412
1673963891 472
1673963891 488
1673963891 512
1673963891 752
1673963891 468
1673963891 412
1673963891 512
1673963891 532
1673963891 728
1673963891 632
1673963891 416
1673963891 740
1673963891 628
1673963891 776
1673963891 408
1673963891 688
1673963891 536
1673963891 548
1673963891 580
1673963891 708
1673963891 616
1673963891 548
1673963891 580
1673963891 412
1673963891 544
1673963891 612
1673963891 760
1673963891 456
1673963891 460
1673963891 800
1673963891 412
1673963891 520
1673963891 676
1673963891 736
1673963891 648
1673963891 668
1673963891 512
1673963891 496
1673963891 516
1673963891 508
1673963891 608
1673963891 448
1673963891 720
1673963891 516
1673963891 760
1673963891 756
1673963891 444
1673963892 512
1673963892 656
1673963892 712
1673963892 416
1673963892 640
1673963892 424
1673963892 664
1673963892 624
1673963892 608
1673963892 600
1673963892 556
1673963892 756
1673963892 560
1673963892 636
1673963892 488
1673963892 636
1673963892 624
1673963892 480
1673963892 420
1673963892 500
1673963892 504
1673963892 800
1673963892 688
1673963892 476
1673963892 580
1673963892 752
1673963892 520
1673963892 672
1673963892 660
1673963892 624
1673963892 768
1673963892 732
1673963892 720
1673963892 476
1673963892 728
1673963892 508
1673963892 704
1673963892 700
1673963892 612
1673963892 724
1673963892 476
1673963892 708
1673963892 704
1673963892 660
1673963892 640
1673963892 696
1673963892 476
1673963892 700
1673963892 780
1673963892 476
1673963892 540
1673963892 488
1673963892 592
1673963892 512
1673963892 724
1673963892 476
1673963892 452
1673963892 576
1673963892 568
1673963892 596
1673963892 792
1673963892 480
1673963892 432
1673963892 448
1673963892 536
1673963892 624
1673963892 636
1673963892 704
1673963892 540
1673963892 616
1673963892 616
1673963892 728
1673963892 412
1673963892 616
1673963892 664
1673963892 416
1673963892 716
1673963892 764
1673963892 780
1673963892 528
1673963892 624
1673963892 796
1673963893 664
1673963893 556
1673963893 444
1673963893 660
1673963893 452
1673963893 508
1673963893 408
1673963893 656
1673963893 740
1673963893 444
1673963893 468
1673963893 712
1673963893 564
1673963893 588
1673963893 488
1673963893 652
1673963893 652
1673963893 488
1673963893 800
1673963893 480
1673963893 536
1673963893 488
1673963893 780
1673963893 764
1673963893 440
1673963893 408
1673963893 792
1673963893 608
1673963893 488
1673963893 512
1673963893 408
1673963893 476
1673963893 632
1673963893 656
1673963893 520
1673963893 696
1673963893 668
1673963893 480
1673963893 756
1673963893 420
1673963893 636
1673963893 540
1673963893 756
1673963893 608
1673963893 440
1673963893 728
1673963893 440
1673963893 404
1673963893 600
1673963893 420
1673963893 464
1673963893 636
1673963893 488
1673963893 732
1673963893 620
1673963893 740
1673963893 600
1673963893 452
1673963893 800
1673963893 792
1673963893 404
1673963893 480
1673963893 732
1673963893 532
1673963893 504
1673963893 520
1673963893 620
1673963893 480
1673963893 408
1673963893 636
1673963893 708
1673963893 548
1673963893 448
1673963893 760
1673963894 580
1673963894 680
1673963894 636
1673963894 732
1673963894 524
1673963894 624
1673963894 600
1673963894 664
1673963894 720
1673963894 572
1673963894 540
1673963894 472
1673963894 560
1673963894 504
1673963894 628
1673963894 580
1673963894 592
1673963894 548
1673963894 784
1673963894 568
1673963894 668
1673963894 628
1673963894 488
1673963894 456
1673963894 532
1673963894 704
1673963894 532
1673963894 460
1673963894 568
1673963894 472
1673963894 768
1673963894 728
1673963894 784
1673963894 500
1673963894 652
1673963894 424
1673963894 760
1673963894 744
1673963894 504
1673963894 648
1673963894 596
1673963894 744
1673963894 476
1673963894 672
1673963894 780
1673963894 536
1673963894 452
1673963894 516
1673963894 584
1673963894 620
1673963894 236
1673963894 310
1673963894 216
1673963894 254
1673963894 246
