1673963879 0
1673963879 0
1673963879 36
1673963879 3
1673963879 1
1673963879 3
1673963879 5
1673963879 32
1673963879 23
1673963879 12
1673963879 12
1673963879 15
1673963879 23
1673963879 22
1673963879 23
1673963879 20
1673963879 3
1673963879 2
1673963879 7
1673963880 8
1673963880 14
1673963880 18
1673963880 20
1673963880 12
1673963880 24
1673963880 29
1673963880 34
1673963880 34
1673963880 36
1673963880 33
1673963880 29
1673963880 24
1673963880 14
1673963880 30
1673963880 19
1673963880 25
1673963880 29
1673963880 28
1673963880 26
1673963880 30
1673963880 29
1673963880 28
1673963880 14
1673963880 17
1673963880 6
1673963880 22
1673963880 24
1673963880 21
1673963880 21
1673963880 13
1673963880 10
1673963880 8
1673963880 19
1673963880 18
1673963880 18
1673963880 3
1673963880 12
1673963880 12
1673963880 14
1673963880 13
1673963880 14
1673963880 19
1673963880 22
1673963880 15
1673963880 10
1673963880 17
1673963880 18
1673963880 20
1673963880 28
1673963880 17
1673963880 12
1673963880 15
1673963880 24
1673963880 31
1673963880 10
1673963880 8
1673963880 10
1673963880 23
1673963881 17
1673963881 16
1673963881 16
1673963881 17
1673963881 19
1673963881 19
1673963881 27
1673963881 27
1673963881 37
1673963881 25
1673963881 23
1673963881 26
1673963881 32
1673963881 27
1673963881 28
1673963881 24
1673963881 15
1673963881 14
1673963881 2
1673963881 7
1673963881 0
1673963881 11
1673963881 12
1673963881 20
1673963881 21
1673963881 30
1673963881 32
1673963881 33
1673963881 30
1673963881 26
1673963881 29
1673963881 12
1673963881 10
1673963881 13
1673963881 8
1673963881 11
1673963881 17
1673963881 23
1673963881 31
1673963881 18
1673963881 25
1673963881 20
1673963881 19
1673963881 14
1673963881 9
1673963881 11
1673963881 11
1673963881 12
1673963881 14
1673963881 13
1673963881 11
1673963881 13
1673963881 14
1673963881 19
1673963881 19
1673963881 17
1673963881 16
1673963881 12
1673963881 12
1673963881 9
1673963881 24
1673963881 13
1673963881 5
1673963881 9
1673963881 8
1673963881 11
1673963881 22
1673963881 22
1673963881 27
1673963881 26
1673963881 22
1673963881 18
1673963882 17
1673963882 25
1673963882 26
1673963882 28
1673963882 36
1673963882 37
1673963882 22
1673963882 17
1673963882 13
1673963882 10
1673963882 9
1673963882 21
1673963882 26
1673963882 28
1673963882 25
1673963882 20
1673963882 21
1673963882 24
1673963882 28
1673963882 28
1673963882 13
1673963882 11
1673963882 10
1673963882 7
1673963882 15
1673963882 19
1673963882 25
1673963882 39
1673963882 37
1673963882 16
1673963882 15
1673963882 16
1673963882 18
1673963882 13
1673963882 11
1673963882 1
1673963882 2
1673963882 7
1673963882 7
1673963882 12
1673963882 18
1673963882 17
1673963882 32
1673963882 34
1673963882 33
1673963882 31
1673963882 27
1673963882 7
1673963882 4
1673963882 8
1673963882 34
1673963882 32
1673963882 34
1673963882 22
1673963882 18
1673963882 16
1673963882 6
1673963882 16
1673963882 24
1673963882 27
1673963882 26
1673963882 24
1673963882 25
1673963883 26
1673963883 8
1673963883 25
1673963883 17
1673963883 10
1673963883 6
1673963883 7
1673963883 24
1673963883 21
1673963883 17
1673963883 11
1673963883 22
1673963883 8
1673963883 12
1673963883 11
1673963883 12
1673963883 5
1673963883 6
1673963883 27
1673963883 27
1673963883 4
1673963883 15
1673963883 21
1673963883 33
1673963883 12
1673963883 10
1673963883 18
1673963883 18
1673963883 20
1673963883 19
1673963883 19
1673963883 16
1673963883 28
1673963883 5
1673963883 1
1673963883 7
1673963883 10
1673963883 20
1673963883 22
1673963883 9
1673963883 5
1673963883 30
1673963883 30
1673963883 32
1673963883 33
1673963883 34
1673963883 25
1673963883 24
1673963883 15
1673963883 10
1673963883 3
1673963883 4
1673963883 9
1673963884 23
1673963884 24
1673963884 26
1673963884 20
1673963884 14
1673963884 14
1673963884 19
1673963884 12
1673963884 12
1673963884 2
1673963884 9
1673963884 14
1673963884 15
1673963884 15
1673963884 17
1673963884 17
1673963884 17
1673963884 14
1673963884 12
1673963884 17
1673963884 12
1673963884 10
1673963884 19
1673963884 19
1673963884 17
1673963884 18
1673963884 24
1673963884 26
1673963884 34
1673963884 34
1673963884 34
1673963884 34
1673963884 32
1673963884 36
1673963884 30
1673963884 28
1673963884 30
1673963884 30
1673963884 15
1673963884 21
1673963884 26
1673963884 31
1673963884 33
1673963884 23
1673963884 20
1673963884 19
1673963884 11
1673963884 12
1673963884 35
1673963884 37
1673963884 38
1673963884 34
1673963884 29
1673963884 21
1673963884 17
1673963884 13
1673963884 14
1673963884 5
1673963884 3
1673963884 31
1673963884 33
1673963884 20
1673963884 24
1673963884 21
1673963884 14
1673963884 6
1673963884 4
1673963885 5
1673963885 15
1673963885 17
1673963885 23
1673963885 11
1673963885 7
1673963885 6
1673963885 16
1673963885 21
1673963885 22
1673963885 12
1673963885 10
1673963885 11
1673963885 17
1673963885 26
1673963885 18
1673963885 27
1673963885 19
1673963885 11
1673963885 32
1673963885 33
1673963885 33
1673963885 29
1673963885 32
1673963885 31
1673963885 27
1673963885 25
1673963885 29
1673963885 10
1673963885 4
1673963885 12
1673963885 14
1673963885 24
1673963885 29
1673963885 22
1673963885 32
1673963885 33
1673963885 28
1673963885 14
1673963885 4
1673963885 19
1673963885 18
1673963885 15
1673963885 18
1673963885 22
1673963885 23
1673963885 29
1673963885 32
1673963885 30
1673963885 30
1673963885 28
1673963885 26
1673963885 24
1673963885 15
1673963885 17
1673963885 20
1673963885 7
1673963885 12
1673963885 14
1673963885 13
1673963885 10
1673963885 12
1673963885 28
1673963885 28
1673963885 29
1673963885 13
1673963885 2
1673963886 9
1673963886 25
1673963886 23
1673963886 22
1673963886 33
1673963886 35
1673963886 36
1673963886 31
1673963886 33
1673963886 32
1673963886 14
1673963886 4
1673963886 7
1673963886 8
1673963886 15
1673963886 14
1673963886 15
1673963886 16
1673963886 16
1673963886 20
1673963886 23
1673963886 13
1673963886 14
1673963886 16
1673963886 12
1673963886 11
1673963886 10
1673963886 1
1673963886 12
1673963886 12
1673963886 14
1673963886 7
1673963886 14
1673963886 17
1673963886 26
1673963886 28
1673963886 27
1673963886 19
1673963886 34
1673963886 15
1673963886 9
1673963886 9
1673963886 3
1673963886 8
1673963886 11
1673963886 9
1673963886 5
1673963886 0
1673963886 3
1673963886 1
1673963886 6
1673963886 25
1673963886 23
1673963886 13
1673963886 13
1673963886 19
1673963886 7
1673963886 3
1673963886 7
1673963886 7
1673963886 16
1673963886 21
1673963886 32
1673963886 28
1673963886 5
1673963886 3
1673963886 37
1673963886 35
1673963886 18
1673963886 19
1673963886 14
1673963886 9
1673963886 6
1673963886 10
1673963886 16
1673963886 22
1673963886 21
1673963886 13
1673963886 17
1673963886 9
1673963886 7
1673963886 14
1673963886 30
1673963886 10
1673963886 23
1673963887 31
1673963887 11
1673963887 11
1673963887 13
1673963887 25
1673963887 32
1673963887 32
1673963887 34
1673963887 37
1673963887 28
1673963887 35
1673963887 35
1673963887 34
1673963887 35
1673963887 32
1673963887 23
1673963887 1
1673963887 12
1673963887 30
1673963887 32
1673963887 12
1673963887 14
1673963887 14
1673963887 14
1673963887 41
1673963887 44
1673963887 42
1673963887 41
1673963887 38
1673963887 31
1673963887 29
1673963887 27
1673963887 26
1673963887 26
1673963887 32
1673963887 7
1673963887 9
1673963887 5
1673963887 11
1673963887 15
1673963887 14
1673963887 10
1673963887 8
1673963887 16
1673963887 12
1673963887 12
1673963887 12
1673963887 7
1673963887 6
1673963887 3
1673963887 27
1673963887 25
1673963887 21
1673963887 19
1673963887 23
1673963887 25
1673963887 24
1673963887 13
1673963887 14
1673963887 15
1673963887 16
1673963887 30
1673963887 34
1673963887 32
1673963887 32
1673963887 37
1673963887 31
1673963887 35
1673963887 27
1673963887 22
1673963887 17
1673963887 8
1673963887 4
1673963887 5
1673963888 15
1673963888 15
1673963888 18
1673963888 20
1673963888 28
1673963888 23
1673963888 21
1673963888 18
1673963888 27
1673963888 25
1673963888 12
1673963888 10
1673963888 15
1673963888 24
1673963888 20
1673963888 18
1673963888 16
1673963888 2
1673963888 6
1673963888 10
1673963888 11
1673963888 10
1673963888 5
1673963888 4
1673963888 12
1673963888 17
1673963888 18
1673963888 19
1673963888 31
1673963888 17
1673963888 13
1673963888 19
1673963888 18
1673963888 25
1673963888 24
1673963888 24
1673963888 29
1673963888 34
1673963888 38
1673963888 39
1673963888 38
1673963888 23
1673963888 19
1673963888 22
1673963888 21
1673963888 22
1673963888 17
1673963888 17
1673963888 24
1673963888 28
1673963888 28
1673963888 31
1673963888 13
1673963888 19
1673963888 18
1673963888 27
1673963888 27
1673963888 21
1673963888 16
1673963888 16
1673963888 15
1673963888 23
1673963888 18
1673963888 9
1673963888 20
1673963888 33
1673963888 24
1673963888 6
1673963888 5
1673963888 18
1673963888 20
1673963888 6
1673963888 14
1673963888 16
1673963888 26
1673963888 31
1673963889 19
1673963889 28
1673963889 27
1673963889 32
1673963889 37
1673963889 29
1673963889 29
1673963889 32
1673963889 22
1673963889 20
1673963889 19
1673963889 11
1673963889 11
1673963889 9
1673963889 11
1673963889 28
1673963889 27
1673963889 28
1673963889 9
1673963889 7
1673963889 1
1673963889 11
1673963889 14
1673963889 21
1673963889 27
1673963889 31
1673963889 30
1673963889 28
1673963889 35
1673963889 34
1673963889 26
1673963889 20
1673963889 19
1673963889 26
1673963889 20
1673963889 19
1673963889 13
1673963889 33
1673963889 9
1673963889 9
1673963889 9
1673963889 36
1673963889 36
1673963889 22
1673963889 20
1673963889 21
1673963889 20
1673963889 19
1673963889 8
1673963889 8
1673963889 4
1673963889 1
1673963889 1
1673963889 0
1673963889 2
1673963889 3
1673963889 14
1673963889 15
1673963889 19
1673963889 16
1673963889 12
1673963889 13
1673963889 2
1673963889 22
1673963889 22
1673963889 17
1673963889 14
1673963889 14
1673963889 9
1673963889 12
1673963889 9
1673963889 16
1673963889 22
1673963889 26
1673963890 6
1673963890 11
1673963890 12
1673963890 18
1673963890 27
1673963890 27
1673963890 31
1673963890 31
1673963890 32
1673963890 34
1673963890 33
1673963890 29
1673963890 32
1673963890 35
1673963890 24
1673963890 18
1673963890 18
1673963890 10
1673963890 33
1673963890 32
1673963890 27
1673963890 19
1673963890 7
1673963890 27
1673963890 23
1673963890 30
1673963890 34
1673963890 32
1673963890 21
1673963890 15
1673963890 21
1673963890 24
1673963890 26
1673963890 43
1673963890 10
1673963890 13
1673963890 30
1673963890 24
1673963890 36
1673963890 35
1673963890 33
1673963890 33
1673963890 31
1673963890 31
1673963890 30
1673963890 29
1673963890 25
1673963890 30
1673963890 31
1673963890 2
1673963890 16
1673963890 4
1673963890 9
1673963890 14
1673963890 16
1673963890 29
1673963890 31
1673963890 34
1673963890 26
1673963890 25
1673963890 16
1673963890 18
1673963890 25
1673963890 31
1673963890 27
1673963890 25
1673963890 15
1673963890 30
1673963890 36
1673963890 13
1673963890 21
1673963890 13
1673963890 12
1673963890 12
1673963890 13
1673963891 11
1673963891 14
1673963891 21
1673963891 7
1673963891 4
1673963891 5
1673963891 14
1673963891 14
1673963891 15
1673963891 15
1673963891 5
1673963891 5
1673963891 7
1673963891 6
1673963891 6
1673963891 5
1673963891 7
1673963891 13
1673963891 29
1673963891 22
1673963891 24
1673963891 23
1673963891 27
1673963891 25
1673963891 31
1673963891 31
1673963891 31
1673963891 32
1673963891 32
1673963891 32
1673963891 34
1673963891 33
1673963891 38
1673963891 40
1673963891 23
1673963891 2
1673963891 3
1673963891 4
1673963891 15
1673963891 9
1673963891 6
1673963891 10
1673963891 20
1673963891 13
1673963891 6
1673963891 32
1673963891 34
1673963891 33
1673963891 34
1673963891 36
1673963891 27
1673963891 27
1673963891 30
1673963891 30
1673963891 18
1673963891 9
1673963891 6
1673963891 1
1673963891 5
1673963891 13
1673963891 29
1673963891 28
1673963891 23
1673963891 6
1673963891 7
1673963891 26
1673963892 15
1673963892 18
1673963892 21
1673963892 25
1673963892 23
1673963892 24
1673963892 21
1673963892 15
1673963892 8
1673963892 12
1673963892 19
1673963892 20
1673963892 19
1673963892 19
1673963892 20
1673963892 17
1673963892 18
1673963892 18
1673963892 26
1673963892 21
1673963892 21
1673963892 27
1673963892 19
1673963892 26
1673963892 19
1673963892 21
1673963892 16
1673963892 15
1673963892 14
1673963892 13
1673963892 12
1673963892 3
1673963892 18
1673963892 27
1673963892 22
1673963892 22
1673963892 17
1673963892 15
1673963892 13
1673963892 19
1673963892 24
1673963892 21
1673963892 18
1673963892 16
1673963892 8
1673963892 20
1673963892 23
1673963892 25
1673963892 31
1673963892 14
1673963892 10
1673963892 12
1673963892 9
1673963892 16
1673963892 25
1673963892 27
1673963892 16
1673963892 5
1673963892 4
1673963892 10
1673963892 29
1673963892 24
1673963892 20
1673963892 17
1673963892 14
1673963892 10
1673963892 8
1673963892 15
1673963892 14
1673963892 15
1673963892 21
1673963892 29
1673963892 32
1673963892 8
1673963892 5
1673963892 31
1673963892 16
1673963892 2
1673963892 4
1673963892 24
1673963892 16
1673963892 22
1673963893 18
1673963893 12
1673963893 14
1673963893 21
1673963893 14
1673963893 4
1673963893 20
1673963893 15
1673963893 24
1673963893 31
1673963893 27
1673963893 26
1673963893 17
1673963893 13
1673963893 20
1673963893 13
1673963893 13
1673963893 23
1673963893 31
1673963893 21
1673963893 21
1673963893 29
1673963893 26
1673963893 15
1673963893 34
1673963893 38
1673963893 39
1673963893 26
1673963893 25
1673963893 27
1673963893 34
1673963893 34
1673963893 31
1673963893 30
1673963893 27
1673963893 25
1673963893 21
1673963893 22
1673963893 27
1673963893 24
1673963893 19
1673963893 22
1673963893 21
1673963893 13
1673963893 25
1673963893 29
1673963893 19
1673963893 23
1673963893 20
1673963893 24
1673963893 24
1673963893 24
1673963893 26
1673963893 27
1673963893 11
1673963893 16
1673963893 10
1673963893 20
1673963893 24
1673963893 23
1673963893 17
1673963893 7
1673963893 24
1673963893 22
1673963893 23
1673963893 21
1673963893 12
1673963893 8
1673963893 18
1673963893 17
1673963893 17
1673963893 15
1673963893 20
1673963893 17
1673963894 18
1673963894 16
1673963894 15
1673963894 14
1673963894 11
1673963894 7
1673963894 2
1673963894 4
1673963894 12
1673963894 9
1673963894 6
1673963894 10
1673963894 4
1673963894 7
1673963894 11
1673963894 4
1673963894 4
1673963894 10
1673963894 29
1673963894 18
1673963894 18
1673963894 18
1673963894 17
1673963894 19
1673963894 2
1673963894 18
1673963894 18
1673963894 25
1673963894 25
1673963894 27
1673963894 16
1673963894 1
1673963894 19
1673963894 19
1673963894 18
1673963894 29
1673963894 33
1673963894 29
1673963894 24
1673963894 15
1673963894 8
1673963894 23
1673963894 25
1673963894 6
1673963894 24
1673963894 21
1673963894 18
1673963894 7
1673963894 10
1673963894 13
1673963894 17
1673963894 0
1673963894 0
1673963894 0
1673963894 0
