1673960279 11236
1673960279 11449
1673960279 35344
1673960279 15376
1673960279 14400
1673960279 13225
1673960279 17956
1673960279 37636
1673960279 11881
1673960279 20164
1673960279 19044
1673960279 13689
1673960279 30276
1673960279 19321
1673960279 12769
1673960279 27225
1673960279 18769
1673960279 17161
1673960279 14641
1673960280 19881
1673960280 21904
1673960280 21904
1673960280 34225
1673960280 24964
1673960280 22201
1673960280 10201
1673960280 30976
1673960280 30625
1673960280 33489
1673960280 27556
1673960280 21316
1673960280 27225
1673960280 13225
1673960280 32761
1673960280 23409
1673960280 12100
1673960280 29584
1673960280 13225
1673960280 19600
1673960280 13456
1673960280 12321
1673960280 32041
1673960280 16129
1673960280 28900
1673960280 21316
1673960280 34969
1673960280 38025
1673960280 11449
1673960280 28900
1673960280 21609
1673960280 19881
1673960280 15876
1673960280 14400
1673960280 15625
1673960280 30976
1673960280 18496
1673960280 12769
1673960280 15876
1673960280 11881
1673960280 11664
1673960280 25921
1673960280 19321
1673960280 36864
1673960280 27225
1673960280 18225
1673960280 32400
1673960280 21609
1673960280 32400
1673960280 38416
1673960280 17424
1673960280 18496
1673960280 12996
1673960280 10816
1673960280 33489
1673960280 12996
1673960280 15625
1673960280 15376
1673960280 34225
1673960281 18769
1673960281 14884
1673960281 36100
1673960281 24025
1673960281 21609
1673960281 19881
1673960281 32761
1673960281 33856
1673960281 10609
1673960281 29584
1673960281 19044
1673960281 35721
1673960281 14400
1673960281 26896
1673960281 39204
1673960281 15625
1673960281 27225
1673960281 17689
1673960281 22801
1673960281 19600
1673960281 24336
1673960281 32400
1673960281 21316
1673960281 27225
1673960281 22500
1673960281 37249
1673960281 34596
1673960281 11881
1673960281 32041
1673960281 10201
1673960281 39204
1673960281 11449
1673960281 15876
1673960281 27889
1673960281 20736
1673960281 24025
1673960281 20164
1673960281 33856
1673960281 11236
1673960281 28561
1673960281 14641
1673960281 32761
1673960281 17161
1673960281 32761
1673960281 30276
1673960281 29584
1673960281 21025
1673960281 19321
1673960281 27889
1673960281 25921
1673960281 23409
1673960281 14641
1673960281 14884
1673960281 31684
1673960281 22801
1673960281 17956
1673960281 30276
1673960281 28224
1673960281 28900
1673960281 20736
1673960281 11236
1673960281 17424
1673960281 26569
1673960281 32041
1673960281 25921
1673960281 36481
1673960281 14161
1673960281 26896
1673960281 12321
1673960281 29241
1673960281 11025
1673960281 23409
1673960282 21025
1673960282 39204
1673960282 20164
1673960282 17161
1673960282 12769
1673960282 40000
1673960282 14641
1673960282 19600
1673960282 29241
1673960282 27556
1673960282 26244
1673960282 13689
1673960282 20736
1673960282 34969
1673960282 20736
1673960282 13924
1673960282 25921
1673960282 39601
1673960282 37636
1673960282 17424
1673960282 35721
1673960282 26244
1673960282 26244
1673960282 26896
1673960282 21316
1673960282 31684
1673960282 16129
1673960282 10609
1673960282 40000
1673960282 24649
1673960282 24964
1673960282 25281
1673960282 20449
1673960282 22201
1673960282 29929
1673960282 30276
1673960282 24964
1673960282 21316
1673960282 21609
1673960282 20164
1673960282 17161
1673960282 21904
1673960282 11236
1673960282 34969
1673960282 27889
1673960282 12321
1673960282 16129
1673960282 10816
1673960282 11664
1673960282 17689
1673960282 38809
1673960282 24336
1673960282 13456
1673960282 37636
1673960282 22801
1673960282 34225
1673960282 30625
1673960282 33856
1673960282 24649
1673960282 14161
1673960282 33856
1673960282 17161
1673960282 30976
1673960283 39601
1673960283 24649
1673960283 38025
1673960283 30976
1673960283 12996
1673960283 15376
1673960283 19881
1673960283 30976
1673960283 15625
1673960283 13225
1673960283 16129
1673960283 30276
1673960283 19881
1673960283 12544
1673960283 19600
1673960283 12100
1673960283 23104
1673960283 23716
1673960283 10404
1673960283 30276
1673960283 14641
1673960283 10816
1673960283 24964
1673960283 34596
1673960283 10201
1673960283 16641
1673960283 17689
1673960283 13225
1673960283 30276
1673960283 31329
1673960283 16900
1673960283 30625
1673960283 11449
1673960283 29929
1673960283 30276
1673960283 32041
1673960283 29584
1673960283 18225
1673960283 17161
1673960283 37249
1673960283 34596
1673960283 14641
1673960283 29241
1673960283 39601
1673960283 15129
1673960283 12544
1673960283 35344
1673960283 38025
1673960283 28900
1673960283 21025
1673960283 21316
1673960283 21904
1673960283 16129
1673960284 29584
1673960284 13225
1673960284 33489
1673960284 25921
1673960284 15129
1673960284 30625
1673960284 15876
1673960284 19881
1673960284 28224
1673960284 24964
1673960284 32041
1673960284 24025
1673960284 22201
1673960284 38025
1673960284 29241
1673960284 38025
1673960284 17689
1673960284 29241
1673960284 21609
1673960284 14641
1673960284 33489
1673960284 30976
1673960284 16129
1673960284 29584
1673960284 16641
1673960284 27556
1673960284 30976
1673960284 14884
1673960284 11881
1673960284 15376
1673960284 39204
1673960284 18225
1673960284 18769
1673960284 12996
1673960284 34225
1673960284 12321
1673960284 34225
1673960284 12769
1673960284 28900
1673960284 36864
1673960284 30625
1673960284 18496
1673960284 10201
1673960284 32761
1673960284 37249
1673960284 27556
1673960284 34969
1673960284 31329
1673960284 10609
1673960284 22201
1673960284 38809
1673960284 29929
1673960284 11025
1673960284 12321
1673960284 21609
1673960284 17161
1673960284 27889
1673960284 18225
1673960284 20736
1673960284 10816
1673960284 34969
1673960284 16384
1673960284 10404
1673960284 38025
1673960284 34596
1673960284 33489
1673960284 28561
1673960285 33124
1673960285 30625
1673960285 19881
1673960285 10404
1673960285 14400
1673960285 20164
1673960285 22201
1673960285 10816
1673960285 27556
1673960285 12544
1673960285 21904
1673960285 21904
1673960285 22801
1673960285 21025
1673960285 38025
1673960285 25921
1673960285 29929
1673960285 10201
1673960285 18225
1673960285 33856
1673960285 11236
1673960285 30276
1673960285 18769
1673960285 30976
1673960285 30625
1673960285 29241
1673960285 27889
1673960285 35721
1673960285 15376
1673960285 16641
1673960285 19881
1673960285 16129
1673960285 38025
1673960285 37249
1673960285 25600
1673960285 11449
1673960285 37636
1673960285 15876
1673960285 36100
1673960285 29241
1673960285 36481
1673960285 19321
1673960285 17956
1673960285 23716
1673960285 10816
1673960285 16384
1673960285 12321
1673960285 31684
1673960285 16384
1673960285 33489
1673960285 32761
1673960285 13225
1673960285 30276
1673960285 28900
1673960285 24336
1673960285 34596
1673960285 20736
1673960285 20164
1673960285 32400
1673960285 25921
1673960285 16900
1673960285 19321
1673960285 37249
1673960285 25600
1673960285 14884
1673960285 28561
1673960285 30276
1673960286 27556
1673960286 13225
1673960286 17956
1673960286 19321
1673960286 37249
1673960286 37636
1673960286 13689
1673960286 22801
1673960286 12996
1673960286 38416
1673960286 15376
1673960286 14161
1673960286 18496
1673960286 13924
1673960286 23716
1673960286 16900
1673960286 12100
1673960286 20449
1673960286 12100
1673960286 34596
1673960286 36864
1673960286 28561
1673960286 17956
1673960286 39601
1673960286 29929
1673960286 38025
1673960286 28224
1673960286 31329
1673960286 38809
1673960286 29241
1673960286 16384
1673960286 23716
1673960286 27889
1673960286 28900
1673960286 32761
1673960286 12321
1673960286 11664
1673960286 13456
1673960286 39204
1673960286 11664
1673960286 17424
1673960286 11664
1673960286 15129
1673960286 13456
1673960286 21025
1673960286 16900
1673960286 16900
1673960286 13924
1673960286 12321
1673960286 13689
1673960286 14161
1673960286 30276
1673960286 29929
1673960286 22201
1673960286 13456
1673960286 38025
1673960286 24025
1673960286 21904
1673960286 25600
1673960286 19600
1673960286 17424
1673960286 32761
1673960286 40000
1673960286 34969
1673960286 11881
1673960286 12996
1673960286 38025
1673960286 10609
1673960286 23104
1673960286 28561
1673960286 29929
1673960286 21904
1673960286 24336
1673960286 24025
1673960286 33489
1673960286 15876
1673960286 32761
1673960286 15376
1673960286 33489
1673960286 30625
1673960286 25281
1673960286 19321
1673960286 11025
1673960286 28561
1673960286 39601
1673960287 14884
1673960287 33489
1673960287 32041
1673960287 28900
1673960287 18225
1673960287 14161
1673960287 19321
1673960287 25600
1673960287 10404
1673960287 27225
1673960287 33124
1673960287 10404
1673960287 16641
1673960287 36864
1673960287 16129
1673960287 27225
1673960287 12321
1673960287 10404
1673960287 36864
1673960287 33856
1673960287 16641
1673960287 11664
1673960287 10609
1673960287 17689
1673960287 40000
1673960287 37636
1673960287 10201
1673960287 10609
1673960287 35721
1673960287 30625
1673960287 25921
1673960287 17161
1673960287 18225
1673960287 38416
1673960287 12769
1673960287 37249
1673960287 38416
1673960287 33489
1673960287 19881
1673960287 33489
1673960287 19321
1673960287 13924
1673960287 14400
1673960287 24025
1673960287 15876
1673960287 10816
1673960287 18769
1673960287 15376
1673960287 21025
1673960287 25600
1673960287 12769
1673960287 26896
1673960287 16641
1673960287 36481
1673960287 32041
1673960287 37249
1673960287 12769
1673960287 35344
1673960287 23716
1673960287 18225
1673960287 21025
1673960287 10404
1673960287 36481
1673960287 14161
1673960287 17689
1673960287 11236
1673960287 21025
1673960287 11449
1673960287 21609
1673960287 38025
1673960287 38416
1673960287 30276
1673960287 32761
1673960287 32400
1673960288 35344
1673960288 23409
1673960288 24025
1673960288 39204
1673960288 12321
1673960288 36481
1673960288 21316
1673960288 30276
1673960288 15876
1673960288 19881
1673960288 36481
1673960288 26896
1673960288 34225
1673960288 15129
1673960288 20736
1673960288 36481
1673960288 25281
1673960288 22801
1673960288 27556
1673960288 28900
1673960288 17689
1673960288 19321
1673960288 25281
1673960288 26244
1673960288 32400
1673960288 27889
1673960288 36100
1673960288 20164
1673960288 12544
1673960288 35344
1673960288 33124
1673960288 38809
1673960288 36100
1673960288 17161
1673960288 34969
1673960288 21609
1673960288 15625
1673960288 37249
1673960288 12321
1673960288 10201
1673960288 35721
1673960288 24964
1673960288 24025
1673960288 12321
1673960288 32400
1673960288 28900
1673960288 22801
1673960288 23716
1673960288 11881
1673960288 27889
1673960288 15129
1673960288 33489
1673960288 18225
1673960288 22500
1673960288 20736
1673960288 27225
1673960288 25600
1673960288 10201
1673960288 12321
1673960288 11236
1673960288 30276
1673960288 35721
1673960288 12100
1673960288 21609
1673960288 28900
1673960288 36481
1673960288 11025
1673960288 11449
1673960288 14161
1673960288 11664
1673960288 27556
1673960288 21904
1673960288 18496
1673960288 24649
1673960288 10404
1673960288 32761
1673960289 12321
1673960289 39204
1673960289 21316
1673960289 16384
1673960289 11025
1673960289 32761
1673960289 27556
1673960289 10404
1673960289 27556
1673960289 27889
1673960289 20449
1673960289 31329
1673960289 38025
1673960289 27556
1673960289 32041
1673960289 37249
1673960289 29584
1673960289 10404
1673960289 17956
1673960289 17956
1673960289 18769
1673960289 20449
1673960289 16129
1673960289 28224
1673960289 38809
1673960289 15376
1673960289 38025
1673960289 25281
1673960289 11236
1673960289 14884
1673960289 33489
1673960289 30976
1673960289 25281
1673960289 15376
1673960289 32041
1673960289 36100
1673960289 25281
1673960289 10609
1673960289 36481
1673960289 26896
1673960289 26896
1673960289 10609
1673960289 37636
1673960289 13225
1673960289 14400
1673960289 27889
1673960289 28900
1673960289 28900
1673960289 17956
1673960289 23409
1673960289 16900
1673960289 17956
1673960289 17161
1673960289 16900
1673960289 17161
1673960289 17956
1673960289 24649
1673960289 15876
1673960289 26896
1673960289 24025
1673960289 16900
1673960289 12544
1673960289 21609
1673960289 36481
1673960289 19881
1673960289 24649
1673960289 26896
1673960289 36100
1673960289 26896
1673960289 32400
1673960289 17424
1673960289 13456
1673960289 30625
1673960289 39204
1673960290 22500
1673960290 13689
1673960290 16129
1673960290 13456
1673960290 33489
1673960290 13456
1673960290 11236
1673960290 31684
1673960290 33124
1673960290 34969
1673960290 30276
1673960290 11881
1673960290 13689
1673960290 36481
1673960290 12996
1673960290 24336
1673960290 10404
1673960290 14161
1673960290 37636
1673960290 13689
1673960290 33856
1673960290 14641
1673960290 17689
1673960290 35344
1673960290 30976
1673960290 16384
1673960290 39601
1673960290 14400
1673960290 32041
1673960290 37249
1673960290 34969
1673960290 19600
1673960290 18225
1673960290 10201
1673960290 29929
1673960290 40000
1673960290 13924
1673960290 27889
1673960290 11025
1673960290 11664
1673960290 25600
1673960290 32761
1673960290 19881
1673960290 17956
1673960290 15129
1673960290 37249
1673960290 20736
1673960290 13689
1673960290 35344
1673960290 16384
1673960290 26244
1673960290 18496
1673960290 15876
1673960290 17956
1673960290 27556
1673960290 37636
1673960290 20449
1673960290 11449
1673960290 27889
1673960290 21316
1673960290 28224
1673960290 20736
1673960290 39204
1673960290 37249
1673960290 13225
1673960290 28224
1673960290 25281
1673960290 13225
1673960290 39204
1673960290 21609
1673960290 10404
1673960290 17689
1673960290 24336
1673960290 24964
1673960290 29584
1673960291 17956
1673960291 14161
1673960291 11025
1673960291 24649
1673960291 27889
1673960291 33856
1673960291 23104
1673960291 31684
1673960291 26244
1673960291 38416
1673960291 30276
1673960291 30625
1673960291 33124
1673960291 27889
1673960291 33856
1673960291 25921
1673960291 28224
1673960291 19881
1673960291 10609
1673960291 13924
1673960291 14884
1673960291 16384
1673960291 35344
1673960291 13689
1673960291 10609
1673960291 16384
1673960291 17689
1673960291 33124
1673960291 24964
1673960291 10816
1673960291 34225
1673960291 24649
1673960291 37636
1673960291 10404
1673960291 29584
1673960291 17956
1673960291 18769
1673960291 21025
1673960291 31329
1673960291 23716
1673960291 18769
1673960291 21025
1673960291 10609
1673960291 18496
1673960291 23409
1673960291 36100
1673960291 12996
1673960291 13225
1673960291 40000
1673960291 10609
1673960291 16900
1673960291 28561
1673960291 33856
1673960291 26244
1673960291 27889
1673960291 16384
1673960291 15376
1673960291 16641
1673960291 16129
1673960291 23104
1673960291 12544
1673960291 32400
1673960291 16641
1673960291 36100
1673960291 35721
1673960291 12321
1673960292 16384
1673960292 26896
1673960292 31684
1673960292 10816
1673960292 25600
1673960292 11236
1673960292 27556
1673960292 24336
1673960292 23104
1673960292 22500
1673960292 19321
1673960292 35721
1673960292 19600
1673960292 25281
1673960292 14884
1673960292 25281
1673960292 24336
1673960292 14400
1673960292 11025
1673960292 15625
1673960292 15876
1673960292 40000
1673960292 29584
1673960292 14161
1673960292 21025
1673960292 35344
1673960292 16900
1673960292 28224
1673960292 27225
1673960292 24336
1673960292 36864
1673960292 33489
1673960292 32400
1673960292 14161
1673960292 33124
1673960292 16129
1673960292 30976
1673960292 30625
1673960292 23409
1673960292 32761
1673960292 14161
1673960292 31329
1673960292 30976
1673960292 27225
1673960292 25600
1673960292 30276
1673960292 14161
1673960292 30625
1673960292 38025
1673960292 14161
1673960292 18225
1673960292 14884
1673960292 21904
1673960292 16384
1673960292 32761
1673960292 14161
1673960292 12769
1673960292 20736
1673960292 20164
1673960292 22201
1673960292 39204
1673960292 14400
1673960292 11664
1673960292 12544
1673960292 17956
1673960292 24336
1673960292 25281
1673960292 30976
1673960292 18225
1673960292 23716
1673960292 23716
1673960292 33124
1673960292 10609
1673960292 23716
1673960292 27556
1673960292 10816
1673960292 32041
1673960292 36481
1673960292 38025
1673960292 17424
1673960292 24336
1673960292 39601
1673960293 27556
1673960293 19321
1673960293 12321
1673960293 27225
1673960293 12769
1673960293 16129
1673960293 10404
1673960293 26896
1673960293 34225
1673960293 12321
1673960293 13689
1673960293 31684
1673960293 19881
1673960293 21609
1673960293 14884
1673960293 26569
1673960293 26569
1673960293 14884
1673960293 40000
1673960293 14400
1673960293 17956
1673960293 14884
1673960293 38025
1673960293 36481
1673960293 12100
1673960293 10404
1673960293 39204
1673960293 23104
1673960293 14884
1673960293 16384
1673960293 10404
1673960293 14161
1673960293 24964
1673960293 26896
1673960293 16900
1673960293 30276
1673960293 27889
1673960293 14400
1673960293 35721
1673960293 11025
1673960293 25281
1673960293 18225
1673960293 35721
1673960293 23104
1673960293 12100
1673960293 33124
1673960293 12100
1673960293 10201
1673960293 22500
1673960293 11025
1673960293 13456
1673960293 25281
1673960293 14884
1673960293 33489
1673960293 24025
1673960293 34225
1673960293 22500
1673960293 12769
1673960293 40000
1673960293 39204
1673960293 10201
1673960293 14400
1673960293 33489
1673960293 17689
1673960293 15876
1673960293 16900
1673960293 24025
1673960293 14400
1673960293 10404
1673960293 25281
1673960293 31329
1673960293 18769
1673960293 12544
1673960293 36100
1673960294 21025
1673960294 28900
1673960294 25281
1673960294 33489
1673960294 17161
1673960294 24336
1673960294 22500
1673960294 27556
1673960294 32400
1673960294 20449
1673960294 18225
1673960294 13924
1673960294 19600
1673960294 15876
1673960294 24649
1673960294 21025
1673960294 21904
1673960294 18769
1673960294 38416
1673960294 20164
1673960294 27889
1673960294 24649
1673960294 14884
1673960294 12996
1673960294 17689
1673960294 30976
1673960294 17689
1673960294 13225
1673960294 20164
1673960294 13924
1673960294 36864
1673960294 33124
1673960294 38416
1673960294 15625
1673960294 26569
1673960294 11236
1673960294 36100
1673960294 34596
1673960294 15876
1673960294 26244
1673960294 22201
1673960294 34596
1673960294 14161
1673960294 28224
1673960294 38025
1673960294 17956
1673960294 12769
1673960294 16641
1673960294 21316
1673960294 24025
1673960294 13924
1673960294 24025
1673960294 11664
1673960294 16129
1673960294 15129
