1673960279 106
1673960279 107
1673960279 295
1673960279 231
1673960279 227
1673960279 222
1673960279 241
1673960279 435
1673960279 410
1673960279 358
1673960279 389
1673960279 397
1673960279 433
1673960279 430
1673960279 404
1673960279 395
1673960279 367
1673960279 381
1673960279 371
1673960280 391
1673960280 398
1673960280 409
1673960280 481
1673960280 454
1673960280 445
1673960280 398
1673960280 426
1673960280 425
1673960280 459
1673960280 450
1673960280 430
1673960280 412
1673960280 381
1673960280 447
1673960280 419
1673960280 364
1673960280 383
1673960280 388
1673960280 413
1673960280 389
1673960280 399
1673960280 406
1673960280 354
1673960280 408
1673960280 384
1673960280 425
1673960280 433
1673960280 345
1673960280 404
1673960280 424
1673960280 395
1673960280 414
1673960280 408
1673960280 413
1673960280 448
1673960280 459
1673960280 396
1673960280 386
1673960280 369
1673960280 364
1673960280 416
1673960280 408
1673960280 439
1673960280 496
1673960280 439
1673960280 484
1673960280 466
1673960280 466
1673960280 482
1673960280 467
1673960280 464
1673960280 382
1673960280 350
1673960280 401
1673960280 411
1673960280 353
1673960280 363
1673960280 423
1673960281 436
1673960281 421
1673960281 489
1673960281 530
1673960281 522
1673960281 478
1673960281 512
1673960281 506
1673960281 468
1673960281 459
1673960281 494
1673960281 511
1673960281 493
1673960281 468
1673960281 482
1673960281 443
1673960281 410
1673960281 418
1673960281 436
1673960281 411
1673960281 447
1673960281 487
1673960281 477
1673960281 462
1673960281 447
1673960281 489
1673960281 525
1673960281 488
1673960281 481
1673960281 403
1673960281 500
1673960281 409
1673960281 342
1673960281 383
1673960281 420
1673960281 431
1673960281 406
1673960281 481
1673960281 445
1673960281 508
1673960281 460
1673960281 457
1673960281 433
1673960281 493
1673960281 486
1673960281 527
1673960281 500
1673960281 494
1673960281 522
1673960281 516
1673960281 495
1673960281 435
1673960281 396
1673960281 452
1673960281 450
1673960281 463
1673960281 459
1673960281 453
1673960281 472
1673960281 446
1673960281 408
1673960281 434
1673960281 429
1673960281 476
1673960281 503
1673960281 531
1673960281 459
1673960281 444
1673960281 391
1673960281 401
1673960281 387
1673960281 369
1673960282 409
1673960282 496
1673960282 493
1673960282 471
1673960282 442
1673960282 511
1673960282 519
1673960282 459
1673960282 432
1673960282 427
1673960282 468
1673960282 419
1673960282 423
1673960282 448
1673960282 448
1673960282 449
1673960282 423
1673960282 504
1673960282 537
1673960282 525
1673960282 515
1673960282 545
1673960282 545
1673960282 547
1673960282 529
1673960282 518
1673960282 499
1673960282 475
1673960282 497
1673960282 551
1673960282 515
1673960282 517
1673960282 502
1673960282 492
1673960282 522
1673960282 547
1673960282 531
1673960282 477
1673960282 478
1673960282 473
1673960282 462
1673960282 437
1673960282 395
1673960282 424
1673960282 460
1673960282 404
1673960282 420
1673960282 397
1673960282 318
1673960282 343
1673960282 407
1673960282 459
1673960282 469
1673960282 507
1673960282 464
1673960282 533
1673960282 557
1673960282 544
1673960282 517
1673960282 461
1673960282 460
1673960282 472
1673960282 491
1673960283 506
1673960283 464
1673960283 502
1673960283 483
1673960283 421
1673960283 369
1673960283 379
1673960283 441
1673960283 442
1673960283 416
1673960283 428
1673960283 477
1673960283 444
1673960283 380
1673960283 379
1673960283 362
1673960283 404
1673960283 446
1673960283 394
1673960283 416
1673960283 435
1673960283 365
1673960283 402
1673960283 430
1673960283 345
1673960283 334
1673960283 338
1673960283 349
1673960283 408
1673960283 484
1673960283 481
1673960283 479
1673960283 412
1673960283 478
1673960283 477
1673960283 526
1673960283 525
1673960283 486
1673960283 482
1673960283 503
1673960283 558
1673960283 486
1673960283 478
1673960283 491
1673960283 443
1673960283 432
1673960283 508
1673960283 515
1673960283 486
1673960283 510
1673960283 511
1673960283 489
1673960283 421
1673960284 466
1673960284 435
1673960284 446
1673960284 459
1673960284 399
1673960284 451
1673960284 416
1673960284 431
1673960284 484
1673960284 467
1673960284 488
1673960284 464
1673960284 445
1673960284 499
1673960284 515
1673960284 561
1673960284 499
1673960284 475
1673960284 451
1673960284 401
1673960284 463
1673960284 506
1673960284 457
1673960284 446
1673960284 403
1673960284 422
1673960284 432
1673960284 425
1673960284 407
1673960284 409
1673960284 431
1673960284 457
1673960284 459
1673960284 436
1673960284 423
1673960284 410
1673960284 481
1673960284 483
1673960284 540
1673960284 562
1673960284 545
1673960284 506
1673960284 422
1673960284 418
1673960284 475
1673960284 460
1673960284 546
1673960284 530
1673960284 456
1673960284 439
1673960284 449
1673960284 473
1673960284 475
1673960284 389
1673960284 431
1673960284 451
1673960284 471
1673960284 475
1673960284 446
1673960284 383
1673960284 426
1673960284 367
1673960284 365
1673960284 458
1673960284 449
1673960284 497
1673960284 480
1673960285 534
1673960285 527
1673960285 493
1673960285 426
1673960285 444
1673960285 403
1673960285 432
1673960285 387
1673960285 449
1673960285 419
1673960285 426
1673960285 462
1673960285 465
1673960285 459
1673960285 488
1673960285 454
1673960285 479
1673960285 435
1673960285 397
1673960285 480
1673960285 425
1673960285 464
1673960285 427
1673960285 466
1673960285 465
1673960285 452
1673960285 444
1673960285 466
1673960285 401
1673960285 359
1673960285 376
1673960285 397
1673960285 465
1673960285 529
1673960285 496
1673960285 462
1673960285 496
1673960285 427
1673960285 510
1673960285 487
1673960285 552
1673960285 501
1673960285 464
1673960285 479
1673960285 449
1673960285 386
1673960285 393
1673960285 443
1673960285 393
1673960285 422
1673960285 420
1673960285 424
1673960285 417
1673960285 413
1673960285 399
1673960285 470
1673960285 428
1673960285 442
1673960285 478
1673960285 483
1673960285 452
1673960285 411
1673960285 465
1673960285 483
1673960285 475
1673960285 522
1673960285 503
1673960286 500
1673960286 449
1673960286 409
1673960286 433
1673960286 466
1673960286 467
1673960286 445
1673960286 479
1673960286 459
1673960286 461
1673960286 471
1673960286 394
1673960286 406
1673960286 373
1673960286 409
1673960286 403
1673960286 394
1673960286 407
1673960286 407
1673960286 483
1673960286 489
1673960286 466
1673960286 446
1673960286 511
1673960286 515
1673960286 537
1673960286 562
1673960286 544
1673960286 573
1673960286 547
1673960286 476
1673960286 453
1673960286 492
1673960286 495
1673960286 522
1673960286 463
1673960286 460
1673960286 405
1673960286 487
1673960286 397
1673960286 348
1673960286 348
1673960286 363
1673960286 356
1673960286 393
1673960286 391
1673960286 376
1673960286 364
1673960286 357
1673960286 344
1673960286 347
1673960286 410
1673960286 409
1673960286 385
1673960286 382
1673960286 461
1673960286 499
1673960286 452
1673960286 463
1673960286 448
1673960286 432
1673960286 473
1673960286 492
1673960286 479
1673960286 401
1673960286 383
1673960286 464
1673960286 407
1673960286 364
1673960286 424
1673960286 445
1673960286 420
1673960286 407
1673960286 459
1673960286 494
1673960286 464
1673960286 462
1673960286 405
1673960286 464
1673960286 456
1673960286 460
1673960286 440
1673960286 406
1673960286 449
1673960286 543
1673960287 496
1673960287 557
1673960287 553
1673960287 548
1673960287 504
1673960287 488
1673960287 457
1673960287 478
1673960287 461
1673960287 524
1673960287 507
1673960287 449
1673960287 396
1673960287 423
1673960287 421
1673960287 394
1673960287 340
1673960287 315
1673960287 396
1673960287 478
1673960287 505
1673960287 429
1673960287 403
1673960287 344
1673960287 411
1673960287 497
1673960287 495
1673960287 404
1673960287 492
1673960287 478
1673960287 464
1673960287 492
1673960287 466
1673960287 462
1673960287 440
1673960287 502
1673960287 585
1673960287 575
1673960287 520
1673960287 562
1673960287 518
1673960287 453
1673960287 455
1673960287 490
1673960287 420
1673960287 385
1673960287 396
1673960287 365
1673960287 406
1673960287 442
1673960287 395
1673960287 422
1673960287 438
1673960287 484
1673960287 534
1673960287 536
1673960287 485
1673960287 560
1673960287 521
1673960287 477
1673960287 468
1673960287 435
1673960287 481
1673960287 498
1673960287 512
1673960287 430
1673960287 469
1673960287 443
1673960287 445
1673960287 449
1673960287 498
1673960287 477
1673960287 462
1673960287 535
1673960288 542
1673960288 521
1673960288 488
1673960288 506
1673960288 419
1673960288 455
1673960288 490
1673960288 518
1673960288 470
1673960288 458
1673960288 458
1673960288 496
1673960288 540
1673960288 472
1673960288 431
1673960288 458
1673960288 494
1673960288 454
1673960288 476
1673960288 495
1673960288 469
1673960288 438
1673960288 431
1673960288 454
1673960288 472
1673960288 506
1673960288 516
1673960288 499
1673960288 469
1673960288 467
1673960288 537
1673960288 552
1673960288 545
1673960288 488
1673960288 485
1673960288 501
1673960288 459
1673960288 465
1673960288 429
1673960288 405
1673960288 401
1673960288 370
1673960288 414
1673960288 424
1673960288 449
1673960288 508
1673960288 489
1673960288 463
1673960288 414
1673960288 427
1673960288 383
1673960288 415
1673960288 367
1673960288 382
1673960288 376
1673960288 397
1673960288 434
1673960288 426
1673960288 436
1673960288 382
1673960288 445
1673960288 528
1673960288 449
1673960288 422
1673960288 482
1673960288 503
1673960288 443
1673960288 359
1673960288 331
1673960288 334
1673960288 393
1673960288 433
1673960288 450
1673960288 459
1673960288 395
1673960288 419
1673960289 428
1673960289 515
1673960289 480
1673960289 472
1673960289 431
1673960289 507
1673960289 492
1673960289 466
1673960289 434
1673960289 435
1673960289 476
1673960289 510
1673960289 538
1673960289 538
1673960289 522
1673960289 538
1673960289 517
1673960289 453
1673960289 408
1673960289 440
1673960289 405
1673960289 414
1673960289 407
1673960289 438
1673960289 492
1673960289 448
1673960289 446
1673960289 478
1673960289 425
1673960289 423
1673960289 411
1673960289 404
1673960289 441
1673960289 406
1673960289 461
1673960289 475
1673960289 455
1673960289 399
1673960289 487
1673960289 460
1673960289 434
1673960289 373
1673960289 461
1673960289 473
1673960289 399
1673960289 451
1673960289 457
1673960289 460
1673960289 474
1673960289 457
1673960289 434
1673960289 398
1673960289 395
1673960289 395
1673960289 392
1673960289 395
1673960289 418
1673960289 413
1673960289 451
1673960289 442
1673960289 417
1673960289 399
1673960289 434
1673960289 478
1673960289 462
1673960289 478
1673960289 512
1673960289 511
1673960289 485
1673960289 501
1673960289 453
1673960289 405
1673960289 448
1673960289 471
1673960290 464
1673960290 383
1673960290 360
1673960290 349
1673960290 416
1673960290 415
1673960290 405
1673960290 400
1673960290 404
1673960290 409
1673960290 467
1673960290 470
1673960290 413
1673960290 487
1673960290 492
1673960290 461
1673960290 407
1673960290 412
1673960290 487
1673960290 502
1673960290 492
1673960290 422
1673960290 371
1673960290 426
1673960290 414
1673960290 366
1673960290 448
1673960290 447
1673960290 506
1673960290 500
1673960290 559
1673960290 520
1673960290 515
1673960290 481
1673960290 553
1673960290 566
1673960290 484
1673960290 533
1673960290 465
1673960290 468
1673960290 461
1673960290 482
1673960290 442
1673960290 435
1673960290 450
1673960290 450
1673960290 460
1673960290 384
1673960290 428
1673960290 368
1673960290 402
1673960290 376
1673960290 379
1673960290 396
1673960290 426
1673960290 486
1673960290 503
1673960290 444
1673960290 468
1673960290 447
1673960290 508
1673960290 506
1673960290 536
1673960290 531
1673960290 502
1673960290 476
1673960290 467
1673960290 389
1673960290 428
1673960290 377
1673960290 364
1673960290 350
1673960290 404
1673960290 406
1673960290 463
1673960291 425
1673960291 386
1673960291 372
1673960291 424
1673960291 457
1673960291 508
1673960291 476
1673960291 497
1673960291 481
1673960291 510
1673960291 488
1673960291 501
1673960291 508
1673960291 523
1673960291 533
1673960291 510
1673960291 517
1673960291 476
1673960291 438
1673960291 453
1673960291 457
1673960291 463
1673960291 523
1673960291 472
1673960291 387
1673960291 398
1673960291 403
1673960291 418
1673960291 443
1673960291 444
1673960291 471
1673960291 446
1673960291 455
1673960291 400
1673960291 378
1673960291 340
1673960291 375
1673960291 386
1673960291 426
1673960291 435
1673960291 418
1673960291 459
1673960291 425
1673960291 384
1673960291 434
1673960291 488
1673960291 449
1673960291 450
1673960291 505
1673960291 418
1673960291 433
1673960291 402
1673960291 456
1673960291 449
1673960291 432
1673960291 393
1673960291 414
1673960291 415
1673960291 380
1673960291 403
1673960291 388
1673960291 444
1673960291 461
1673960291 522
1673960291 559
1673960291 481
1673960292 419
1673960292 455
1673960292 522
1673960292 448
1673960292 444
1673960292 370
1673960292 376
1673960292 428
1673960292 474
1673960292 472
1673960292 461
1673960292 484
1673960292 485
1673960292 488
1673960292 470
1673960292 440
1673960292 437
1673960292 435
1673960292 384
1673960292 404
1673960292 410
1673960292 484
1673960292 456
1673960292 403
1673960292 429
1673960292 458
1673960292 443
1673960292 423
1673960292 463
1673960292 489
1673960292 513
1673960292 540
1673960292 555
1673960292 491
1673960292 493
1673960292 428
1673960292 422
1673960292 421
1673960292 447
1673960292 453
1673960292 419
1673960292 415
1673960292 414
1673960292 460
1673960292 444
1673960292 458
1673960292 412
1673960292 468
1673960292 488
1673960292 488
1673960292 504
1673960292 431
1673960292 405
1673960292 411
1673960292 444
1673960292 435
1673960292 413
1673960292 438
1673960292 399
1673960292 435
1673960292 489
1673960292 467
1673960292 455
1673960292 459
1673960292 395
1673960292 439
1673960292 449
1673960292 466
1673960292 445
1673960292 465
1673960292 443
1673960292 471
1673960292 439
1673960292 490
1673960292 474
1673960292 412
1673960292 437
1673960292 524
1673960292 565
1673960292 502
1673960292 526
1673960292 546
1673960293 513
1673960293 486
1673960293 406
1673960293 432
1673960293 434
1673960293 396
1673960293 371
1673960293 422
1673960293 505
1673960293 452
1673960293 413
1673960293 406
1673960293 436
1673960293 466
1673960293 441
1673960293 482
1673960293 467
1673960293 426
1673960293 463
1673960293 442
1673960293 376
1673960293 364
1673960293 437
1673960293 506
1673960293 425
1673960293 417
1673960293 495
1673960293 449
1673960293 469
1673960293 445
1673960293 419
1673960293 416
1673960293 455
1673960293 461
1673960293 427
1673960293 406
1673960293 399
1673960293 389
1673960293 458
1673960293 374
1673960293 366
1673960293 399
1673960293 429
1673960293 476
1673960293 397
1673960293 444
1673960293 444
1673960293 363
1673960293 412
1673960293 407
1673960293 418
1673960293 425
1673960293 388
1673960293 421
1673960293 454
1673960293 484
1673960293 518
1673960293 446
1673960293 533
1673960293 531
1673960293 434
1673960293 371
1673960293 434
1673960293 466
1673960293 459
1673960293 463
1673960293 435
1673960293 405
1673960293 352
1673960293 381
1673960293 438
1673960293 473
1673960293 426
1673960293 504
1673960294 472
1673960294 505
1673960294 494
1673960294 487
1673960294 459
1673960294 470
1673960294 437
1673960294 453
1673960294 502
1673960294 479
1673960294 434
1673960294 409
1673960294 393
1673960294 384
1673960294 423
1673960294 411
1673960294 433
1673960294 430
1673960294 478
1673960294 483
1673960294 508
1673960294 469
1673960294 446
1673960294 403
1673960294 422
1673960294 465
1673960294 431
1673960294 413
1673960294 433
1673960294 409
1673960294 425
1673960294 489
1673960294 570
1673960294 513
1673960294 484
1673960294 394
1673960294 459
1673960294 482
1673960294 502
1673960294 478
1673960294 465
1673960294 525
1673960294 495
1673960294 544
1673960294 571
1673960294 515
1673960294 442
1673960294 458
1673960294 475
1673960294 484
1673960294 252
1673960294 155
1673960294 108
1673960294 127
1673960294 123
