1673776803 177
1673776803 160
1673776807 171
1673776807 170
1673776808 106
1673776809 188
1673776810 141
1673776810 135
1673776813 138
1673776813 132
1673776813 143
1673776815 110
1673776816 172
1673776817 158
1673776817 108
1673776818 145
1673776819 141
1673776819 157
1673776820 195
1673776820 199
1673776820 147
1673776821 149
1673776821 147
1673776821 122
1673776823 177
1673776824 184
1673776824 198
1673776824 187
1673776825 166
1673776826 127
1673776826 112
1673776827 124
1673776827 171
1673776828 145
1673776829 114
1673776831 133
1673776833 107
1673776835 160
1673776836 146
1673776836 160
1673776837 179
1673776837 130
1673776837 138
1673776838 172
1673776842 126
1673776844 178
1673776849 198
1673776849 183
1673776849 198
1673776850 145
1673776851 125
1673776853 196
1673776853 169
1673776853 159
1673776853 162
1673776857 193
1673776858 147
1673776859 143
1673776860 128
1673776861 101
1673776861 114
1673776862 181
1673776862 184
1673776866 169
1673776866 127
1673776866 117
1673776866 148
1673776866 158
1673776867 181
1673776867 130
1673776867 153
1673776867 181
1673776867 194
1673776870 156
1673776871 179
1673776871 158
1673776871 144
1673776871 126
1673776873 141
1673776873 122
1673776873 111
1673776876 153
1673776879 163
1673776879 179
1673776880 184
1673776880 166
1673776881 127
1673776882 107
1673776884 195
1673776885 114
1673776886 163
1673776886 128
1673776890 189
1673776892 165
1673776895 108
1673776896 158
1673776897 166
1673776898 179
1673776899 155
1673776899 145
1673776899 130
1673776899 166
1673776899 189
1673776900 188
1673776900 192
1673776900 197
1673776900 114
1673776901 165
1673776902 163
1673776903 158
1673776903 165
1673776903 116
1673776904 170
1673776904 178
1673776905 195
1673776907 186
1673776907 181
1673776907 120
1673776915 164
1673776918 140
1673776920 178
1673776922 162
1673776922 113
1673776924 134
1673776925 147
1673776926 174
1673776928 108
1673776929 128
1673776929 102
1673776929 116
1673776930 161
1673776930 164
1673776931 106
1673776932 162
1673776933 131
1673776933 198
1673776933 155
1673776934 101
1673776934 128
1673776934 142
1673776935 190
1673776935 131
1673776935 107
1673776936 149
1673776936 176
1673776936 180
1673776937 168
1673776937 151
1673776937 153
1673776937 148
1673776937 197
1673776937 148
1673776937 133
1673776938 183
1673776938 188
1673776939 128
1673776939 197
1673776939 102
1673776940 199
1673776941 184
1673776941 123
1673776942 178
1673776942 165
1673776944 168
1673776944 190
1673776944 148
1673776947 191
1673776947 132
1673776948 155
1673776949 118
1673776949 169
1673776951 116
1673776952 171
1673776952 162
1673776953 153
1673776953 108
1673776954 145
1673776954 114
1673776954 149
1673776954 147
1673776955 142
1673776956 172
1673776957 158
1673776957 110
1673776957 107
1673776958 138
1673776958 140
1673776958 170
1673776958 186
1673776958 102
1673776959 109
1673776959 198
1673776959 148
1673776960 121
1673776960 177
1673776960 128
1673776960 195
1673776961 144
1673776961 148
1673776962 118
1673776962 198
1673776962 119
1673776962 112
1673776963 179
1673776963 151
1673776963 124
1673776963 161
1673776964 190
1673776964 109
1673776964 147
1673776964 180
1673776964 124
1673776965 179
1673776965 136
1673776965 199
1673776965 132
1673776966 116
1673776966 117
1673776967 165
1673776967 127
1673776967 145
1673776967 169
1673776967 129
1673776967 189
1673776967 136
1673776968 133
1673776968 169
1673776968 180
1673776968 187
1673776969 165
1673776969 111
1673776969 175
1673776969 119
1673776969 120
1673776970 172
1673776970 167
1673776970 190
1673776971 106
1673776971 109
1673776971 136
1673776971 105
1673776972 195
1673776972 151
1673776973 119
1673776973 198
1673776974 185
1673776974 122
1673776974 181
1673776975 138
1673776975 167
1673776975 134
1673776976 103
1673776976 170
1673776976 175
1673776976 128
1673776977 190
1673776977 108
1673776978 137
1673776978 134
1673776978 146
1673776978 189
1673776978 170
1673776978 151
1673776979 107
1673776979 146
1673776980 121
1673776980 121
1673776980 163
1673776981 118
1673776981 119
1673776981 108
1673776981 139
1673776981 107
1673776982 114
1673776982 134
1673776983 126
1673776983 112
1673776983 134
1673776983 197
1673776984 113
1673776984 162
1673776985 126
1673776985 176
1673776986 167
1673776986 195
1673776986 195
1673776987 117
1673776988 132
1673776988 165
1673776990 172
1673776992 106
1673776995 164
1673776995 105
1673776996 194
1673776996 142
1673776996 152
1673776997 193
1673776998 184
1673777000 125
1673777001 198
1673777001 192
1673777002 152
1673777003 128
1673777003 122
1673777003 131
1673777003 200
1673777004 146
1673777004 157
1673777005 120
1673777006 151
1673777007 106
1673777008 181
1673777008 179
1673777009 134
1673777009 181
1673777011 131
1673777012 200
1673777013 159
1673777013 111
1673777014 146
1673777014 128
1673777014 108
1673777015 132
1673777015 188
1673777016 194
1673777016 115
1673777016 171
1673777016 188
1673777016 111
1673777017 144
1673777018 175
1673777018 194
1673777019 168
1673777019 140
1673777019 139
1673777019 138
1673777021 158
1673777022 185
1673777023 129
1673777023 184
1673777024 115
1673777024 195
1673777024 135
1673777025 136
1673777025 165
1673777025 126
1673777025 143
1673777026 173
1673777026 112
1673777027 119
1673777028 120
1673777028 135
1673777028 161
1673777029 137
1673777029 177
1673777029 193
1673777029 128
1673777030 196
1673777030 189
1673777030 134
1673777031 106
1673777031 190
1673777031 181
1673777031 195
1673777031 143
1673777032 136
1673777032 138
1673777033 145
1673777033 158
1673777033 138
1673777033 162
1673777034 143
1673777034 183
1673777035 120
1673777035 161
1673777035 103
1673777035 162
1673777036 141
1673777036 168
1673777036 149
1673777037 195
1673777037 131
1673777037 164
1673777037 121
1673777038 164
1673777038 161
1673777039 111
1673777039 102
1673777040 153
1673777040 153
1673777040 170
1673777040 162
1673777040 134
1673777040 128
1673777041 158
1673777041 197
1673777041 161
1673777042 146
1673777042 129
1673777042 187
1673777042 101
1673777043 178
1673777043 181
1673777044 134
1673777044 164
1673777044 162
1673777045 164
1673777045 146
1673777046 186
1673777046 116
1673777046 129
1673777047 163
1673777047 161
1673777047 136
1673777047 143
1673777047 143
1673777048 163
1673777048 127
1673777049 160
1673777049 147
1673777049 129
1673777050 157
1673777051 172
1673777051 171
1673777051 179
1673777051 167
1673777052 175
1673777053 191
1673777053 194
1673777053 184
1673777053 200
1673777053 141
1673777054 164
1673777054 177
1673777054 133
1673777054 157
1673777055 172
1673777055 156
1673777055 146
1673777056 164
1673777056 145
1673777056 163
1673777057 168
1673777057 138
1673777058 162
1673777058 152
1673777058 117
1673777058 106
1673777058 101
1673777059 187
1673777059 195
1673777060 136
1673777060 109
1673777060 111
1673777060 142
1673777061 151
1673777062 138
1673777062 190
1673777062 187
1673777063 154
1673777063 196
1673777063 122
1673777064 183
1673777064 176
1673777064 121
1673777065 117
1673777065 134
1673777066 101
1673777066 117
1673777066 175
1673777066 160
1673777066 143
1673777066 159
1673777067 199
1673777067 198
1673777068 115
1673777068 140
1673777068 156
1673777069 181
1673777070 154
1673777071 180
1673777072 191
1673777072 108
1673777072 141
1673777073 125
1673777074 125
1673777074 179
1673777074 172
1673777075 128
1673777075 123
1673777075 143
1673777076 132
1673777076 124
1673777076 188
1673777077 107
1673777077 199
1673777077 200
1673777077 127
1673777077 118
1673777077 179
1673777077 136
1673777077 178
1673777078 107
1673777078 162
1673777078 110
1673777079 150
1673777079 173
1673777079 177
1673777079 117
1673777080 116
1673777080 147
1673777081 136
1673777081 108
1673777081 161
1673777083 166
1673777083 132
1673777083 159
1673777083 166
1673777084 188
1673777085 117
1673777086 137
1673777087 183
1673777087 172
1673777087 155
1673777088 163
1673777088 152
1673777089 134
1673777089 144
1673777089 198
1673777090 130
1673777090 177
1673777090 143
1673777091 141
1673777091 107
1673777091 145
1673777092 101
1673777092 166
1673777092 132
1673777093 102
1673777093 171
1673777093 113
1673777094 128
1673777094 193
1673777094 194
1673777094 140
1673777095 185
1673777095 178
1673777097 166
1673777097 152
1673777098 162
1673777098 102
1673777098 104
1673777099 159
1673777100 183
1673777100 112
1673777100 190
1673777100 157
1673777100 158
1673777101 135
1673777101 107
1673777102 123
1673777102 125
1673777102 122
1673777102 131
1673777102 155
1673777102 131
1673777103 168
1673777103 117
1673777103 189
1673777104 106
1673777104 113
1673777105 188
1673777106 141
1673777106 136
1673777106 187
1673777106 159
1673777107 194
1673777107 128
1673777107 162
1673777108 143
1673777108 139
1673777108 145
1673777109 176
1673777110 121
1673777110 123
1673777111 164
1673777111 170
1673777111 147
1673777111 119
1673777111 133
1673777112 123
1673777112 120
1673777112 155
1673777112 126
1673777113 185
1673777113 114
1673777113 140
1673777114 112
1673777114 154
1673777114 183
1673777114 108
1673777115 151
1673777115 178
1673777116 130
1673777116 187
1673777116 112
1673777117 126
1673777117 104
1673777118 127
1673777118 115
1673777119 137
1673777119 199
1673777119 105
1673777119 115
1673777120 119
1673777120 102
1673777120 160
1673777121 176
1673777121 165
1673777122 199
1673777123 181
1673777123 131
1673777124 163
1673777124 147
1673777125 136
1673777125 187
1673777126 157
1673777126 174
1673777126 124
1673777126 107
1673777126 128
1673777127 175
1673777127 119
1673777127 162
1673777127 159
1673777127 185
1673777128 180
1673777128 191
1673777128 133
1673777128 152
1673777128 102
1673777128 189
1673777129 125
1673777129 193
1673777129 164
1673777130 187
1673777130 171
1673777130 154
1673777130 176
1673777131 170
1673777131 188
1673777131 157
1673777132 192
1673777132 104
1673777133 106
1673777133 177
1673777133 123
1673777133 123
1673777134 143
1673777135 178
1673777135 122
1673777135 186
1673777135 172
1673777136 154
1673777136 181
1673777136 197
1673777136 171
1673777137 141
1673777137 199
1673777138 187
1673777138 124
1673777138 108
1673777138 178
1673777139 179
1673777140 108
1673777140 176
1673777140 186
1673777141 195
1673777141 156
1673777142 193
1673777142 143
1673777142 183
1673777143 127
1673777143 142
1673777143 133
1673777143 139
1673777144 167
1673777144 115
1673777144 106
1673777144 169
1673777145 164
1673777145 151
1673777146 175
1673777146 194
1673777146 114
1673777147 160
1673777147 122
1673777147 190
1673777149 173
1673777149 193
1673777149 172
1673777149 197
1673777150 118
1673777151 140
1673777151 166
1673777151 162
1673777151 172
1673777152 121
1673777152 128
1673777152 132
1673777153 109
1673777153 151
1673777154 187
1673777155 110
1673777155 190
1673777155 172
1673777156 186
1673777156 105
1673777156 143
1673777156 119
1673777156 139
1673777156 155
1673777156 186
1673777157 178
1673777157 173
1673777158 116
1673777158 107
1673777158 150
1673777158 142
1673777158 173
1673777158 171
1673777159 184
1673777159 146
1673777160 110
1673777160 149
1673777160 130
1673777160 184
1673777160 183
1673777160 166
1673777161 128
1673777161 122
1673777161 132
1673777161 191
1673777161 166
1673777161 142
1673777162 122
1673777162 177
1673777162 107
1673777163 149
1673777163 160
1673777163 134
1673777163 135
1673777165 177
1673777165 184
1673777165 163
1673777165 152
1673777165 185
1673777165 110
1673777165 109
1673777166 103
1673777166 142
1673777166 183
1673777167 185
1673777167 146
1673777167 121
1673777168 200
1673777168 105
1673777168 171
1673777168 180
1673777169 142
1673777169 128
1673777169 133
1673777170 110
1673777170 178
1673777170 106
1673777171 119
1673777171 109
1673777171 137
1673777171 196
1673777171 114
1673777171 200
1673777171 182
1673777172 115
1673777173 184
1673777173 111
1673777173 158
1673777173 129
1673777173 170
1673777174 196
1673777174 192
1673777174 177
1673777175 175
1673777175 163
1673777176 145
1673777176 199
1673777177 194
1673777177 183
1673777177 162
1673777177 132
1673777177 195
1673777178 151
1673777178 138
1673777180 151
1673777180 185
1673777181 130
1673777181 186
1673777181 140
1673777181 125
1673777181 132
1673777181 102
1673777181 135
1673777182 151
1673777182 151
1673777183 189
1673777183 136
1673777183 190
1673777183 110
1673777183 119
1673777184 146
1673777184 190
1673777184 142
1673777186 142
1673777186 150
1673777186 164
1673777186 141
1673777187 182
1673777187 124
1673777188 130
1673777188 147
1673777189 131
1673777189 182
1673777190 168
1673777190 153
1673777190 106
1673777190 163
1673777191 186
1673777191 146
1673777191 162
1673777191 153
1673777192 198
1673777192 159
1673777192 195
1673777192 170
1673777193 133
1673777193 192
1673777193 133
1673777193 181
1673777193 150
1673777194 175
1673777194 116
1673777194 167
1673777195 132
1673777195 168
1673777196 102
1673777196 124
1673777196 125
1673777197 130
1673777197 150
1673777197 171
1673777198 125
1673777198 186
1673777198 144
1673777198 168
1673777200 174
1673777200 151
1673777200 177
1673777201 154
1673777201 120
1673777201 124
1673777202 144
1673777202 118
1673777202 113
1673777202 195
1673777203 124
1673777203 148
1673777203 188
1673777203 184
1673777203 109
1673777204 164
1673777205 180
1673777205 160
1673777206 200
1673777206 177
1673777207 164
1673777207 136
1673777208 198
1673777208 167
1673777208 185
1673777208 123
1673777208 171
1673777208 116
1673777208 124
1673777209 114
1673777210 183
1673777210 191
1673777210 156
1673777210 129
1673777210 115
1673777211 172
1673777211 143
1673777213 182
1673777213 196
1673777214 155
1673777214 181
1673777214 171
1673777215 148
1673777215 169
1673777215 149
1673777216 113
1673777216 110
1673777216 162
1673777216 112
1673777217 166
1673777217 141
1673777217 106
1673777217 118
1673777217 136
1673777218 187
1673777218 116
1673777218 147
1673777218 141
1673777219 175
1673777219 177
1673777220 105
1673777220 174
1673777220 162
1673777220 112
1673777220 153
1673777221 168
1673777221 195
1673777221 132
1673777221 189
1673777222 186
1673777223 161
1673777223 112
1673777223 171
1673777224 130
1673777224 127
1673777224 176
1673777224 193
1673777225 159
1673777225 151
1673777226 138
1673777226 150
1673777227 160
1673777228 187
1673777229 192
1673777234 142
1673777234 149
1673777234 158
1673777234 174
1673777235 199
1673777235 116
1673777235 138
1673777236 193
1673777236 185
1673777237 135
1673777237 199
1673777238 101
1673777238 173
1673777238 124
1673777239 113
1673777241 109
1673777241 111
1673777242 110
1673777242 175
1673777242 195
1673777242 108
1673777243 144
1673777244 178
1673777245 153
1673777246 137
1673777247 127
1673777247 177
1673777247 176
1673777248 192
1673777249 154
1673777249 174
1673777249 146
1673777250 112
1673777250 153
1673777250 193
1673777251 109
1673777251 107
1673777252 178
1673777253 167
1673777253 196
1673777254 196
1673777254 190
1673777254 180
1673777256 116
1673777256 107
1673777256 142
1673777257 181
1673777257 165
1673777257 136
1673777257 158
1673777257 114
1673777257 106
1673777258 179
1673777258 112
1673777259 143
1673777259 158
1673777260 142
1673777260 105
1673777260 190
1673777260 179
1673777260 110
1673777260 194
1673777261 183
1673777261 198
1673777262 194
1673777263 141
1673777263 123
1673777263 134
1673777264 141
1673777264 109
1673777264 162
1673777264 187
1673777264 122
1673777264 157
1673777265 196
1673777265 169
1673777265 106
1673777265 194
1673777266 146
1673777267 165
1673777267 159
1673777267 150
1673777268 121
1673777268 154
1673777268 193
1673777268 104
1673777269 167
1673777269 189
1673777270 112
1673777271 114
1673777271 149
1673777272 107
1673777272 120
1673777272 124
1673777272 115
1673777273 160
1673777273 105
1673777273 188
1673777274 167
1673777274 171
1673777274 123
1673777274 148
1673777274 189
1673777274 143
1673777275 151
1673777275 165
1673777275 167
1673777275 109
1673777275 116
1673777276 179
1673777276 183
1673777276 114
1673777276 181
1673777276 115
1673777277 187
1673777277 133
1673777278 136
1673777278 168
1673777279 149
1673777280 162
1673777280 178
1673777280 135
1673777280 126
1673777281 183
1673777281 127
1673777281 181
1673777282 164
1673777282 126
1673777282 178
1673777284 148
1673777284 124
1673777284 199
1673777284 149
1673777285 198
1673777286 173
1673777286 189
1673777287 190
1673777287 119
1673777288 176
1673777288 185
1673777289 158
1673777290 113
1673777291 145
1673777291 102
1673777292 150
1673777292 156
1673777294 191
1673777294 130
1673777294 118
1673777294 193
1673777295 173
1673777296 141
1673777296 188
1673777297 189
1673777298 105
1673777298 192
1673777299 198
1673777299 187
1673777299 174
1673777299 105
1673777299 162
1673777300 170
1673777300 118
1673777300 107
1673777300 105
1673777300 143
1673777302 132
1673777302 126
1673777302 176
1673777303 158
1673777303 112
1673777304 175
1673777304 153
1673777305 195
1673777305 174
1673777305 175
1673777305 105
1673777306 156
1673777307 153
1673777307 152
1673777307 168
1673777307 191
1673777308 179
1673777308 161
1673777309 174
1673777309 134
1673777309 127
1673777310 182
1673777310 147
1673777311 142
1673777311 110
1673777312 188
1673777312 157
1673777313 121
1673777313 158
1673777313 122
1673777313 128
1673777314 137
1673777314 155
1673777314 123
1673777315 127
1673777315 156
1673777316 163
1673777316 163
1673777317 149
1673777318 156
1673777319 145
1673777319 158
1673777319 155
1673777319 113
1673777319 149
1673777320 132
1673777321 152
1673777321 104
1673777321 198
1673777321 158
1673777322 109
1673777322 128
1673777323 123
1673777323 158
1673777323 105
1673777323 117
1673777323 184
1673777323 196
1673777323 178
1673777324 188
1673777324 171
1673777324 194
1673777325 133
1673777325 188
1673777325 167
1673777326 114
1673777326 193
1673777327 137
1673777327 130
1673777327 196
1673777327 123
1673777327 151
1673777328 187
1673777328 154
1673777329 163
1673777329 164
1673777330 141
1673777330 162
1673777330 142
1673777331 152
1673777331 144
1673777332 184
1673777332 135
1673777332 108
1673777333 178
1673777333 106
1673777333 145
1673777334 145
1673777334 161
1673777334 131
1673777335 110
1673777335 134
1673777335 136
1673777336 194
1673777336 195
1673777336 157
1673777337 188
1673777337 161
1673777338 168
1673777339 118
1673777339 170
1673777339 128
1673777342 127
1673777342 108
1673777343 154
1673777344 180
1673777345 127
1673777345 119
1673777348 163
1673777349 136
1673777360 109
1673777360 168
1673777360 128
1673777362 185
1673777363 129
1673777363 171
1673777363 183
1673777364 142
1673777364 130
1673777364 138
1673777364 182
1673777364 180
1673777365 181
1673777365 146
1673777365 147
1673777366 118
1673777366 160
1673777366 156
1673777367 155
1673777367 174
1673777367 184
1673777367 183
1673777368 149
1673777368 184
1673777369 172
1673777369 190
1673777369 155
1673777370 109
1673777370 200
1673777371 197
1673777371 177
1673777371 186
1673777372 195
1673777372 129
1673777372 163
1673777372 152
1673777374 129
1673777374 109
1673777375 119
1673777375 155
1673777375 143
1673777376 186
1673777376 116
1673777376 197
1673777377 157
1673777377 130
1673777377 172
1673777378 122
1673777378 117
1673777378 161
1673777378 172
1673777379 165
1673777380 119
1673777380 174
1673777380 133
1673777380 188
1673777380 133
1673777381 127
1673777381 126
1673777381 139
1673777381 122
1673777381 148
1673777381 158
1673777382 191
1673777383 126
1673777383 181
1673777383 168
1673777383 127
1673777384 134
1673777384 162
1673777384 152
1673777384 130
1673777384 101
1673777384 179
1673777385 140
1673777385 139
1673777385 177
1673777385 152
1673777385 101
1673777386 120
1673777386 102
1673777387 116
1673777388 131
1673777388 115
1673777388 145
1673777389 178
1673777389 157
1673777389 192
1673777389 140
1673777390 195
1673777390 123
1673777390 127
1673777391 190
1673777391 124
1673777391 150
1673777391 197
1673777392 141
1673777392 181
1673777392 184
1673777392 154
1673777392 126
1673777393 119
1673777394 104
1673777394 109
1673777394 196
1673777394 143
1673777394 127
1673777394 145
1673777395 102
1673777395 190
1673777395 187
1673777395 146
1673777396 181
1673777396 141
1673777397 150
1673777397 108
1673777397 132
1673777397 172
1673777397 189
1673777398 119
1673777398 166
1673777399 123
1673777399 173
1673777399 191
1673777399 193
1673777399 149
1673777400 153
1673777400 127
1673777401 179
1673777401 145
1673777402 174
1673777403 113
1673777403 185
1673777403 123
1673777404 178
1673777404 112
1673777404 147
1673777404 127
1673777404 166
1673777404 188
1673777405 126
1673777405 123
1673777405 111
1673777406 163
1673777406 150
1673777406 112
1673777406 119
1673777406 105
1673777407 190
1673777407 125
1673777408 191
1673777408 149
1673777408 151
1673777408 164
1673777409 150
1673777409 179
1673777409 194
1673777410 192
1673777410 186
1673777410 138
1673777410 159
1673777410 175
1673777411 153
1673777412 175
1673777413 168
1673777413 117
1673777413 185
1673777413 119
1673777414 160
1673777414 179
1673777414 149
1673777415 191
1673777415 190
1673777415 168
1673777416 181
1673777416 199
1673777416 184
1673777416 177
1673777417 122
1673777417 187
1673777418 142
1673777418 106
1673777419 151
1673777420 137
1673777420 112
1673777420 176
1673777421 168
1673777422 164
1673777422 124
1673777422 129
1673777422 164
1673777423 149
1673777423 160
1673777423 185
1673777423 186
1673777423 116
1673777424 124
1673777424 123
1673777424 136
1673777425 198
1673777426 110
1673777426 145
1673777426 176
1673777427 185
1673777427 126
1673777427 105
1673777427 170
1673777427 180
1673777427 107
1673777428 169
1673777428 139
1673777428 110
1673777428 115
1673777429 154
1673777429 171
1673777429 172
1673777429 193
1673777430 191
1673777430 107
1673777430 163
1673777430 198
1673777431 173
1673777431 104
1673777432 152
1673777433 133
1673777433 126
1673777433 160
1673777434 133
1673777434 104
1673777434 195
1673777435 143
1673777435 151
1673777435 102
1673777437 137
1673777437 103
1673777437 197
1673777438 195
1673777438 183
1673777438 178
1673777439 110
1673777439 106
1673777439 108
1673777439 108
1673777440 130
1673777440 156
1673777440 129
1673777440 123
1673777441 190
1673777441 173
1673777443 113
1673777443 144
1673777443 190
1673777445 179
1673777445 166
1673777445 171
1673777446 160
1673777446 185
1673777447 183
1673777447 128
1673777447 156
1673777447 147
1673777448 180
1673777448 196
1673777448 137
1673777448 123
1673777448 156
1673777448 159
1673777449 130
1673777449 121
1673777449 116
1673777450 181
1673777450 148
1673777450 139
1673777450 130
1673777451 134
1673777451 143
1673777452 153
1673777452 189
1673777452 107
1673777453 157
1673777453 165
1673777453 141
1673777454 174
1673777454 103
1673777454 136
1673777456 196
1673777456 153
1673777456 137
1673777457 195
1673777458 143
1673777458 129
1673777458 162
1673777458 190
1673777458 105
1673777460 179
1673777460 151
1673777460 176
1673777461 126
1673777461 184
1673777461 147
1673777461 101
1673777462 162
1673777462 191
1673777463 179
1673777463 117
1673777463 175
1673777464 166
1673777464 118
1673777465 194
1673777466 124
1673777466 116
1673777466 134
1673777466 124
1673777466 117
1673777467 172
1673777469 151
1673777469 143
1673777470 127
1673777470 143
1673777470 126
1673777471 151
1673777473 106
1673777473 161
1673777474 115
1673777475 144
1673777475 123
1673777476 139
1673777476 159
1673777476 148
1673777476 147
1673777476 165
1673777476 123
1673777477 156
1673777477 163
1673777477 169
1673777477 172
1673777477 195
1673777478 182
1673777478 113
1673777479 120
1673777479 127
1673777479 154
1673777480 171
1673777481 184
1673777481 167
1673777481 111
1673777482 163
1673777482 176
1673777483 119
1673777483 172
1673777483 134
1673777484 166
1673777485 103
1673777485 145
1673777486 147
1673777486 133
1673777486 155
1673777486 109
1673777488 195
1673777488 150
1673777489 195
1673777489 140
1673777490 172
1673777490 167
1673777490 108
1673777491 151
1673777491 152
1673777491 114
1673777491 139
1673777492 198
1673777492 183
1673777493 167
1673777493 174
1673777494 135
1673777494 107
1673777494 191
1673777494 165
1673777495 113
1673777495 102
1673777495 194
1673777495 153
1673777496 168
1673777497 140
1673777497 191
1673777497 101
1673777497 118
1673777497 173
1673777497 110
1673777497 162
1673777498 104
1673777500 116
1673777500 114
1673777500 182
1673777500 152
1673777501 175
1673777501 175
1673777502 140
1673777502 181
1673777503 115
1673777503 127
1673777503 156
1673777503 187
1673777503 121
1673777504 139
1673777504 126
1673777504 188
1673777505 191
1673777505 139
1673777506 111
1673777506 105
1673777506 192
1673777506 117
1673777506 101
1673777506 154
1673777507 137
1673777507 145
1673777508 171
1673777508 148
1673777509 137
1673777509 186
1673777510 101
1673777510 193
1673777510 195
1673777510 187
1673777511 143
1673777511 161
1673777511 153
1673777512 167
1673777512 148
1673777512 101
1673777513 126
1673777513 197
1673777513 154
1673777513 105
1673777514 151
1673777514 181
1673777514 137
1673777514 172
1673777514 177
1673777516 145
1673777516 151
1673777516 133
1673777516 177
1673777516 153
1673777517 124
1673777518 140
1673777518 186
1673777518 137
1673777518 174
1673777518 200
1673777519 176
1673777520 117
1673777520 161
1673777522 177
1673777522 115
1673777523 165
1673777524 126
1673777524 108
1673777526 195
1673777526 126
1673777526 153
1673777526 106
1673777526 123
1673777527 101
1673777528 130
1673777530 169
1673777530 198
1673777530 103
1673777530 130
1673777530 138
1673777531 153
1673777531 148
1673777531 166
1673777532 155
1673777532 156
1673777532 196
1673777533 182
1673777534 112
1673777534 187
1673777534 146
1673777534 158
1673777534 121
1673777535 162
1673777535 146
1673777535 154
1673777536 134
1673777536 150
1673777537 157
1673777537 194
1673777537 104
1673777537 173
1673777537 151
1673777537 102
1673777538 115
1673777539 140
1673777539 149
1673777539 167
1673777540 120
1673777540 193
1673777541 174
1673777541 150
1673777541 144
1673777541 135
1673777542 119
1673777542 120
1673777542 180
1673777542 180
1673777543 160
1673777543 108
1673777543 140
1673777543 188
1673777544 190
1673777544 101
1673777544 191
1673777545 175
1673777545 156
1673777545 103
1673777545 151
1673777546 148
1673777546 131
1673777546 184
1673777546 196
1673777547 175
1673777547 129
1673777547 109
1673777547 137
1673777547 164
1673777548 198
1673777548 139
1673777550 180
1673777550 191
1673777550 142
1673777551 138
1673777551 123
1673777551 153
1673777551 101
1673777552 170
1673777553 137
1673777553 154
1673777553 115
1673777553 156
1673777554 187
1673777554 176
1673777554 141
1673777555 192
1673777556 168
1673777556 155
1673777558 180
1673777558 194
1673777558 173
1673777558 184
1673777559 200
1673777559 156
1673777560 174
1673777560 105
1673777561 183
1673777562 158
1673777562 121
1673777562 136
1673777562 160
1673777562 159
1673777563 149
1673777563 168
1673777564 134
1673777564 105
1673777565 148
1673777565 199
1673777565 175
1673777566 104
1673777566 132
1673777566 121
1673777566 145
1673777566 173
1673777567 131
1673777567 105
1673777568 164
1673777568 112
1673777568 158
1673777568 159
1673777568 170
1673777570 167
1673777570 195
1673777570 172
1673777570 146
1673777570 150
1673777571 157
1673777571 170
1673777571 108
1673777571 146
1673777571 129
1673777572 180
1673777572 123
1673777573 155
1673777573 186
1673777573 125
1673777573 190
1673777573 111
1673777574 120
1673777574 171
1673777574 147
1673777574 157
1673777574 199
1673777575 174
1673777575 142
1673777576 149
1673777576 183
1673777576 197
1673777576 129
1673777577 165
1673777578 132
1673777578 171
1673777579 122
1673777579 197
1673777579 167
1673777579 154
1673777580 166
1673777580 151
1673777580 116
1673777581 120
1673777581 180
1673777581 127
1673777581 133
1673777582 106
1673777582 164
1673777582 185
1673777582 157
1673777582 188
1673777583 149
1673777583 124
1673777583 150
1673777583 133
1673777584 173
1673777584 197
1673777584 188
1673777585 175
1673777585 181
1673777585 104
1673777587 132
1673777587 200
1673777587 106
1673777587 193
1673777588 147
1673777589 131
1673777589 124
1673777590 188
1673777590 109
1673777590 102
1673777590 132
1673777591 161
1673777591 178
1673777592 198
1673777593 197
1673777593 186
1673777593 148
1673777593 142
1673777593 162
1673777593 151
1673777594 110
1673777594 175
1673777594 162
1673777594 127
1673777594 136
1673777595 165
1673777595 126
1673777595 192
1673777595 150
1673777596 111
1673777596 157
1673777596 155
1673777596 142
1673777596 135
1673777596 145
1673777596 123
1673777597 150
1673777597 176
1673777597 181
1673777597 111
1673777598 105
1673777598 147
1673777599 143
1673777600 112
1673777601 152
1673777601 167
1673777601 136
1673777601 160
1673777602 139
1673777603 118
1673777604 114
1673777604 160
1673777604 143
1673777604 129
1673777604 192
1673777604 113
1673777605 185
1673777605 130
1673777605 150
1673777606 174
1673777606 110
1673777606 184
1673777607 131
1673777607 139
1673777608 171
1673777608 158
1673777608 198
1673777608 169
1673777608 128
1673777609 103
1673777609 124
1673777609 167
1673777610 165
1673777610 188
1673777610 150
1673777610 168
1673777611 162
1673777612 111
1673777612 123
1673777612 125
1673777612 178
1673777612 130
1673777612 140
1673777613 147
1673777613 102
1673777613 178
1673777615 130
1673777615 130
1673777615 144
1673777615 198
1673777617 113
1673777617 114
1673777617 116
1673777617 162
1673777618 128
1673777618 177
1673777618 142
1673777620 115
1673777620 121
1673777620 181
1673777620 170
1673777621 130
1673777621 105
1673777622 173
1673777622 178
1673777623 189
1673777623 114
1673777623 129
1673777623 158
1673777623 163
1673777624 158
1673777624 178
1673777624 141
1673777625 178
1673777625 132
1673777626 134
1673777626 195
1673777626 167
1673777626 174
1673777626 103
1673777627 189
1673777627 128
1673777627 173
1673777627 175
1673777627 116
1673777627 147
1673777627 173
1673777628 132
1673777628 125
1673777628 165
1673777629 192
1673777629 153
1673777630 119
1673777630 130
1673777630 147
1673777630 175
1673777630 111
1673777631 196
1673777631 199
1673777632 182
1673777634 154
1673777634 188
1673777634 164
1673777635 145
1673777635 124
1673777635 150
1673777636 127
1673777636 139
1673777637 175
1673777637 164
1673777637 181
1673777638 114
1673777638 190
1673777638 138
1673777638 168
1673777639 196
1673777639 165
1673777640 183
1673777640 146
1673777640 139
1673777640 186
1673777641 108
1673777642 133
1673777642 137
1673777642 116
1673777643 108
1673777643 170
1673777644 135
1673777644 108
1673777645 161
1673777646 181
1673777646 144
1673777647 107
1673777651 135
1673777651 180
1673777652 167
1673777654 180
1673777655 110
1673777655 116
1673777657 193
1673777657 115
1673777657 163
1673777657 115
1673777658 164
1673777658 101
1673777659 127
1673777660 127
1673777660 105
1673777661 153
1673777662 174
1673777662 144
1673777662 180
1673777662 132
1673777663 108
1673777663 129
1673777663 167
1673777663 159
1673777664 195
1673777666 136
1673777667 136
1673777669 143
1673777670 199
1673777671 115
1673777672 197
1673777672 149
1673777672 180
1673777672 133
1673777672 181
1673777673 151
1673777673 133
1673777674 195
1673777675 144
1673777675 126
1673777677 177
1673777677 187
1673777681 128
1673777681 183
1673777681 136
1673777681 162
1673777681 131
1673777682 165
1673777683 182
1673777683 199
1673777684 142
1673777684 124
1673777687 129
1673777687 138
1673777688 109
1673777688 106
1673777688 106
1673777688 105
1673777689 164
1673777690 155
1673777690 197
1673777693 129
1673777693 131
1673777693 195
1673777693 191
1673777695 160
1673777696 122
1673777696 180
1673777696 190
1673777696 129
1673777697 169
1673777697 160
1673777698 160
1673777698 182
1673777699 185
1673777699 124
1673777699 154
1673777699 136
1673777700 177
1673777700 148
1673777701 105
1673777701 104
1673777701 199
1673777702 107
1673777702 131
1673777702 200
1673777703 188
1673777703 151
1673777703 173
1673777704 131
1673777706 165
1673777706 150
1673777707 120
1673777707 106
1673777708 184
1673777708 196
1673777709 127
1673777716 122
1673777717 184
1673777717 132
1673777717 149
1673777718 155
1673777718 120
1673777718 147
1673777719 128
1673777719 133
1673777719 126
1673777720 149
1673777721 198
1673777721 125
1673777721 133
1673777721 161
1673777722 180
1673777722 158
1673777722 162
1673777723 103
1673777723 166
1673777723 149
1673777723 114
1673777723 145
1673777724 166
1673777724 177
1673777724 195
1673777725 173
1673777725 177
1673777725 175
1673777725 101
1673777726 200
1673777727 103
1673777727 111
1673777727 142
1673777728 106
1673777728 194
1673777729 140
1673777729 145
1673777729 193
1673777729 162
1673777729 108
1673777731 137
1673777731 194
1673777731 146
1673777732 152
1673777732 169
1673777732 135
1673777733 150
1673777733 189
1673777733 176
1673777733 186
1673777733 107
1673777734 124
1673777734 151
1673777734 121
1673777734 104
1673777734 146
1673777734 161
1673777734 109
1673777734 166
1673777735 144
1673777735 107
1673777735 125
1673777735 103
1673777735 156
1673777736 190
1673777737 140
1673777737 161
1673777737 137
1673777738 165
1673777738 178
1673777738 154
1673777739 163
1673777739 107
1673777739 141
1673777740 187
1673777741 137
1673777742 112
1673777742 126
1673777742 112
1673777742 160
1673777742 147
1673777742 103
1673777742 152
1673777742 101
1673777742 195
1673777742 169
1673777742 173
1673777743 133
1673777744 145
1673777744 144
1673777744 118
1673777744 130
1673777745 145
1673777745 179
1673777747 103
1673777747 112
1673777748 107
1673777748 136
1673777749 111
1673777749 159
1673777750 159
1673777750 192
1673777750 192
1673777751 117
1673777751 118
1673777751 166
1673777751 166
1673777752 184
1673777752 159
1673777752 154
1673777752 174
1673777753 159
1673777753 164
1673777753 179
1673777754 166
1673777754 194
1673777754 123
1673777755 150
1673777755 136
1673777756 187
1673777756 112
1673777757 154
1673777757 128
1673777757 127
1673777757 121
1673777757 167
1673777757 190
1673777757 185
1673777757 137
1673777758 149
1673777758 143
1673777758 147
1673777759 108
1673777759 185
1673777759 103
1673777760 179
1673777760 105
1673777761 169
1673777761 200
1673777761 169
1673777762 133
1673777762 133
1673777762 185
1673777762 146
1673777762 162
1673777762 119
1673777763 101
1673777763 104
1673777766 123
1673777767 176
1673777775 135
1673777778 188
1673777781 130
1673777782 194
1673777783 177
1673777785 175
1673777786 192
1673777786 151
1673777786 150
1673777786 198
1673777787 173
1673777788 136
1673777788 145
1673777791 198
1673777802 162
1673777804 161
1673777805 162
1673777806 184
1673777807 186
1673777807 128
1673777807 133
1673777808 176
1673777808 148
1673777808 121
1673777811 167
1673777811 198
1673777812 156
1673777812 124
1673777814 116
1673777814 126
1673777819 133
1673777820 192
1673777822 195
1673777822 146
1673777833 145
1673777834 197
1673777834 170
1673777839 120
1673777839 186
1673777840 194
1673777844 192
1673777844 171
1673777844 183
1673777845 153
1673777845 129
1673777847 156
1673777848 126
1673777848 112
1673777849 168
1673777849 122
1673777857 159
1673777857 125
1673777857 143
1673777857 140
1673777857 106
1673777857 136
1673777859 198
1673777860 151
1673777860 167
1673777861 164
1673777863 195
1673777864 181
1673777867 179
1673777867 109
1673777867 150
1673777871 187
1673777871 111
1673777872 126
1673777873 180
1673777876 107
1673777880 120
1673777902 103
1673777903 129
1673777904 148
1673777906 164
1673777908 119
1673777908 134
1673777908 146
1673777910 102
1673777910 144
1673777912 136
1673777912 109
1673777912 138
1673777912 156
1673777913 194
1673777914 124
1673777914 181
1673777915 191
1673777915 121
1673777915 112
1673777915 179
1673777915 195
1673777915 149
1673777916 182
1673777916 109
1673777921 166
1673777921 122
1673777921 159
1673777923 102
1673777923 172
1673777924 146
1673777927 140
1673777927 189
1673777928 127
1673777928 116
1673777928 156
1673777928 120
1673777929 108
1673777930 158
1673777930 200
1673777931 172
1673777931 156
1673777933 150
1673777934 103
1673777935 130
1673777936 122
1673777938 175
1673777938 198
1673777938 105
1673777938 149
1673777939 150
1673777939 198
1673777939 161
1673777939 103
1673777939 166
1673777940 165
1673777940 105
1673777944 145
1673777944 171
1673777947 175
1673777947 154
1673777947 155
1673777947 184
1673777948 160
1673777948 134
1673777953 177
1673777953 154
1673777953 162
1673777953 166
1673777954 173
1673777954 132
1673777954 175
1673777954 164
1673777955 135
1673777957 170
1673777958 122
1673777959 110
1673777959 158
1673777959 180
1673777960 185
1673777963 160
1673777963 197
1673777965 125
1673777968 167
1673777969 120
1673777969 168
1673777971 160
1673777973 191
1673777973 177
1673777973 193
1673777974 192
1673777978 193
1673777980 111
1673777981 102
1673777985 169
1673777985 166
1673777985 123
1673777985 122
1673777985 121
1673777986 175
1673777987 173
1673777987 148
1673777987 167
1673777987 195
1673777987 118
1673777987 120
1673777991 123
1673777991 189
1673777991 173
1673777996 119
1673777997 152
1673777997 167
1673778001 128
1673778002 170
1673778003 151
1673778005 104
1673778005 200
1673778005 152
1673778005 101
1673778005 140
1673778007 128
1673778007 141
1673778007 146
1673778009 195
1673778010 157
1673778011 144
1673778012 103
1673778012 151
1673778012 179
1673778017 144
1673778017 150
1673778017 110
1673778017 118
1673778024 124
1673778025 200
1673778026 149
1673778027 161
1673778027 148
1673778030 138
1673778030 105
1673778037 143
1673778038 153
1673778043 122
1673778045 121
1673778047 117
1673778048 193
1673778048 101
1673778049 177
1673778049 163
1673778050 127
1673778056 110
1673778057 170
1673778063 164
1673778064 177
1673778064 183
1673778064 114
1673778064 119
1673778065 161
1673778067 140
1673778068 150
1673778071 105
1673778072 129
1673778076 126
1673778076 127
1673778076 152
1673778077 140
1673778077 174
1673778078 121
1673778080 135
1673778083 145
1673778084 142
1673778084 171
1673778084 140
1673778084 168
1673778084 161
1673778084 152
1673778095 174
1673778100 154
1673778101 143
1673778101 104
1673778102 136
1673778102 103
1673778107 174
1673778108 118
1673778120 188
1673778122 168
1673778129 150
1673778129 186
1673778129 162
1673778129 188
1673778130 170
1673778130 160
1673778130 181
1673778131 104
1673778133 114
1673778134 132
1673778139 140
1673778139 121
1673778144 159
1673778154 173
1673778155 180
1673778157 151
1673778157 124
1673778160 107
1673778160 141
1673778160 195
1673778160 135
1673778160 183
1673778164 148
1673778165 116
1673778165 116
1673778167 199
1673778168 162
1673778171 186
1673778176 104
1673778177 168
1673778180 124
1673778181 188
1673778188 190
1673778188 135
1673778188 137
1673778190 108
1673778194 124
1673778196 163
1673778199 166
1673778199 199
1673778199 181
1673778201 180
1673778203 110
1673778203 199
1673778203 114
1673778204 167
1673778204 121
1673778205 175
1673778209 182
1673778210 111
1673778211 101
1673778211 149
1673778211 192
1673778212 135
1673778212 143
1673778214 162
1673778214 155
1673778214 137
1673778214 156
1673778215 127
1673778216 133
1673778218 133
1673778218 165
1673778218 173
1673778220 194
1673778220 136
1673778220 132
1673778221 112
1673778221 162
1673778221 181
1673778222 123
1673778222 123
1673778223 144
1673778223 197
1673778224 174
1673778224 171
1673778224 178
1673778224 168
1673778225 177
1673778226 116
1673778226 182
1673778226 125
1673778226 126
1673778226 192
1673778227 164
1673778227 171
1673778227 103
1673778228 118
1673778228 182
1673778228 198
1673778228 148
1673778228 156
1673778229 124
1673778229 162
1673778229 107
1673778230 111
1673778230 167
1673778231 106
1673778233 138
1673778233 129
1673778234 142
1673778234 103
1673778234 113
1673778235 158
1673778236 188
1673778237 192
1673778237 147
1673778237 130
1673778237 138
1673778238 156
1673778238 124
1673778238 171
1673778238 197
1673778238 110
1673778239 191
1673778239 111
1673778240 196
1673778241 177
1673778241 187
1673778241 189
1673778242 177
1673778242 106
1673778242 158
1673778243 186
1673778243 150
1673778243 156
1673778243 118
1673778244 112
1673778245 163
1673778245 187
1673778245 181
1673778246 170
1673778246 110
1673778246 128
1673778246 193
1673778246 174
1673778246 114
1673778247 112
1673778247 132
1673778247 112
1673778248 191
1673778248 131
1673778249 177
1673778249 146
1673778250 169
1673778250 118
1673778250 130
1673778250 140
1673778250 108
1673778251 142
1673778251 120
1673778251 189
1673778252 146
1673778252 168
1673778252 180
1673778252 129
1673778252 161
1673778253 168
1673778253 189
1673778253 118
1673778253 180
1673778253 134
1673778254 121
1673778254 138
1673778254 135
1673778254 122
1673778254 115
1673778255 122
1673778256 197
1673778256 135
1673778256 134
1673778257 156
1673778257 200
1673778259 172
1673778259 142
1673778259 154
1673778259 110
1673778260 115
1673778260 132
1673778260 151
1673778260 136
1673778260 132
1673778261 103
1673778261 117
1673778262 124
1673778262 160
1673778262 161
1673778263 187
1673778263 126
1673778263 114
1673778264 149
1673778264 115
1673778265 142
1673778265 149
1673778266 117
1673778266 158
1673778267 197
1673778268 192
1673778268 116
1673778268 153
1673778269 147
1673778269 184
1673778269 179
1673778270 184
1673778271 181
1673778271 124
1673778271 138
1673778271 143
1673778271 121
1673778272 176
1673778272 184
1673778272 143
1673778272 189
1673778272 120
1673778273 197
1673778273 122
1673778273 178
1673778273 184
1673778274 141
1673778274 184
1673778274 101
1673778274 139
1673778274 111
1673778275 117
1673778275 145
1673778276 189
1673778276 136
1673778276 199
1673778277 187
1673778278 181
1673778278 112
1673778279 111
1673778279 121
1673778280 118
1673778280 164
1673778280 196
1673778281 197
1673778281 111
1673778281 153
1673778282 117
1673778282 150
1673778282 183
1673778282 133
1673778283 193
1673778283 171
1673778284 120
1673778286 156
1673778286 172
1673778286 122
1673778287 125
1673778287 150
1673778288 161
1673778288 148
1673778288 198
1673778289 146
1673778289 196
1673778289 174
1673778290 137
1673778291 159
1673778291 131
1673778292 168
1673778292 197
1673778292 195
1673778292 107
1673778293 178
1673778293 172
1673778293 171
1673778293 138
1673778293 176
1673778294 150
1673778295 180
1673778295 184
1673778295 149
1673778296 155
1673778296 132
1673778296 125
1673778296 141
1673778296 162
1673778296 193
1673778297 120
1673778297 191
1673778298 132
1673778299 173
1673778299 138
1673778300 178
1673778300 101
1673778300 132
1673778301 135
1673778302 178
1673778302 192
1673778303 102
1673778304 131
1673778304 190
1673778304 183
1673778305 146
1673778305 199
1673778305 151
1673778306 166
1673778306 188
1673778306 170
1673778307 140
1673778307 166
1673778308 110
1673778309 108
1673778309 190
1673778311 197
1673778311 105
1673778311 163
1673778312 188
1673778312 155
1673778312 157
1673778312 134
1673778313 132
1673778313 112
1673778313 156
1673778313 164
1673778313 139
1673778313 149
1673778314 114
1673778314 149
1673778314 164
1673778314 112
1673778314 186
1673778315 134
1673778315 121
1673778315 178
1673778316 137
1673778316 169
1673778316 126
1673778317 180
1673778317 161
1673778318 140
1673778318 183
1673778318 168
1673778318 148
1673778318 114
1673778319 172
1673778319 121
1673778319 188
1673778319 157
1673778319 182
1673778320 129
1673778320 105
1673778320 187
1673778322 120
1673778322 119
1673778323 103
1673778324 140
1673778324 118
1673778325 174
1673778325 180
1673778325 160
1673778326 120
1673778326 115
1673778326 105
1673778327 104
1673778327 150
1673778328 114
1673778328 137
1673778329 159
1673778329 158
1673778329 144
1673778329 122
1673778330 136
1673778330 125
1673778331 126
1673778331 118
1673778331 127
1673778331 196
1673778331 118
1673778331 197
1673778331 152
1673778332 118
1673778332 160
1673778333 197
1673778333 175
1673778333 130
1673778334 169
1673778334 185
1673778334 131
1673778335 136
1673778335 194
1673778335 101
1673778336 170
1673778336 113
1673778336 114
1673778336 195
1673778336 155
1673778336 146
1673778336 122
1673778336 147
1673778337 194
1673778337 199
1673778337 158
1673778338 123
1673778339 187
1673778340 185
1673778340 166
1673778341 123
1673778341 156
1673778342 196
1673778342 176
1673778342 126
1673778342 113
1673778343 137
1673778343 176
1673778343 137
1673778345 196
1673778345 110
1673778345 121
1673778345 152
1673778346 179
1673778346 174
1673778347 187
1673778347 189
1673778347 163
1673778348 110
1673778348 155
1673778348 120
1673778348 123
1673778349 191
1673778349 173
1673778349 175
1673778349 121
1673778350 189
1673778350 200
1673778350 143
1673778350 148
1673778351 186
1673778351 110
1673778352 161
1673778352 115
1673778352 114
1673778352 103
1673778353 128
1673778353 184
1673778353 188
1673778353 116
1673778354 168
1673778354 161
1673778355 146
1673778356 133
1673778356 134
1673778359 111
1673778359 193
1673778359 179
1673778360 144
1673778360 152
1673778360 178
1673778360 138
1673778360 180
1673778360 132
1673778361 126
1673778361 185
1673778361 114
1673778362 172
1673778363 200
1673778363 123
1673778364 135
1673778364 110
1673778364 179
1673778364 182
1673778365 121
1673778366 175
1673778366 102
1673778367 137
1673778367 192
1673778367 138
1673778367 123
1673778367 103
1673778367 173
1673778367 162
1673778368 158
1673778368 159
1673778369 159
1673778370 119
1673778370 172
1673778371 137
1673778371 196
1673778372 132
1673778372 172
1673778372 165
1673778373 170
1673778373 194
1673778373 103
1673778373 171
1673778373 173
1673778373 110
1673778373 175
1673778374 191
1673778374 149
1673778374 148
1673778375 175
1673778375 161
1673778375 198
1673778376 184
1673778376 196
1673778376 173
1673778376 146
1673778376 140
1673778376 156
1673778377 140
1673778377 177
1673778377 142
1673778377 175
1673778378 150
1673778378 106
1673778378 197
1673778378 200
1673778378 190
1673778378 123
1673778378 133
1673778379 165
1673778380 158
1673778380 158
1673778380 105
1673778381 106
1673778381 138
1673778381 101
1673778381 151
1673778381 139
1673778381 101
1673778382 153
1673778382 152
1673778383 140
1673778384 124
1673778384 171
1673778384 154
1673778384 128
1673778384 120
1673778385 190
1673778385 153
1673778385 142
1673778386 141
1673778386 145
1673778388 187
1673778388 122
1673778388 185
1673778388 181
1673778389 180
1673778389 152
1673778389 113
1673778390 145
1673778390 108
1673778390 149
1673778391 172
1673778391 172
1673778392 135
1673778393 195
1673778393 139
1673778394 134
1673778394 168
1673778394 107
1673778394 189
1673778394 165
1673778394 132
1673778394 114
1673778395 110
1673778397 133
1673778397 186
1673778397 151
1673778399 179
1673778399 186
1673778399 110
1673778400 114
1673778400 101
1673778400 174
1673778400 176
1673778401 119
1673778402 104
1673778402 123
1673778403 118
1673778403 155
1673778403 195
1673778403 121
1673778404 110
1673778405 103
1673778405 143
1673778406 113
1673778406 199
1673778408 168
1673778409 122
1673778410 126
1673778410 116
1673778411 150
1673778411 124
1673778411 181
1673778411 197
1673778411 170
1673778412 177
1673778412 179
1673778412 125
1673778412 133
1673778412 158
1673778413 190
1673778413 117
1673778414 128
1673778415 150
1673778415 158
1673778415 162
1673778416 177
1673778416 144
1673778417 168
1673778417 172
1673778417 122
1673778417 111
1673778418 194
1673778418 180
1673778418 125
1673778418 189
1673778418 161
1673778418 169
1673778419 183
1673778419 144
1673778419 182
1673778419 189
1673778420 105
1673778420 106
1673778420 160
1673778421 156
1673778422 179
1673778423 153
1673778423 128
1673778423 169
1673778423 173
1673778424 145
1673778424 183
1673778424 169
1673778425 182
1673778425 156
1673778425 147
1673778426 165
1673778427 154
1673778427 174
1673778427 133
1673778427 112
1673778427 114
1673778427 170
1673778427 144
1673778428 169
1673778428 182
1673778429 135
1673778429 134
1673778429 135
1673778430 138
1673778430 119
1673778430 180
1673778430 164
1673778431 137
1673778431 187
1673778431 182
1673778432 104
1673778432 182
1673778432 126
1673778432 158
1673778433 108
1673778433 123
1673778434 167
1673778434 141
1673778434 195
1673778434 112
1673778434 143
1673778435 187
1673778435 172
1673778435 178
1673778436 105
1673778436 153
1673778436 157
1673778437 112
1673778437 128
1673778437 199
1673778438 143
1673778438 116
1673778438 175
1673778439 136
1673778439 166
1673778439 118
1673778439 103
1673778440 160
1673778440 136
1673778440 145
1673778440 176
1673778441 176
1673778441 190
1673778441 148
1673778441 109
1673778441 167
1673778442 108
1673778442 182
1673778442 164
1673778442 108
1673778443 143
1673778443 139
1673778444 157
1673778444 128
1673778445 115
1673778445 147
1673778445 169
1673778446 124
1673778447 130
1673778447 134
1673778448 116
1673778448 163
1673778449 163
1673778449 128
1673778449 161
1673778450 165
1673778450 126
1673778450 193
1673778451 157
1673778452 179
1673778453 117
1673778453 113
1673778453 144
1673778453 156
1673778454 144
1673778454 179
1673778455 200
1673778455 146
1673778455 197
1673778456 131
1673778456 189
1673778456 102
1673778456 134
1673778456 158
1673778456 119
1673778456 119
1673778457 107
1673778457 153
1673778457 168
1673778457 121
1673778457 148
1673778458 122
1673778458 193
1673778459 177
1673778459 174
1673778460 190
1673778460 172
1673778460 109
1673778460 159
1673778461 181
1673778461 145
1673778462 138
1673778462 164
1673778463 179
1673778464 105
1673778464 195
1673778464 190
1673778464 180
1673778464 134
1673778465 146
1673778465 171
1673778465 131
1673778465 156
1673778466 189
1673778466 189
1673778466 195
1673778466 113
1673778466 109
1673778466 109
1673778467 153
1673778467 188
1673778468 139
1673778468 124
1673778469 148
1673778469 167
1673778469 104
1673778469 138
1673778470 181
1673778471 119
1673778471 111
1673778471 186
1673778471 121
1673778472 142
1673778472 104
1673778473 162
1673778473 157
1673778473 169
1673778473 182
1673778474 125
1673778474 143
1673778474 200
1673778475 157
1673778475 174
1673778475 181
1673778475 115
1673778475 109
1673778475 174
1673778475 104
1673778475 178
1673778476 151
1673778476 127
1673778477 147
1673778477 160
1673778477 177
1673778477 169
1673778478 139
1673778478 124
1673778478 166
1673778478 118
1673778479 103
1673778480 193
1673778480 177
1673778481 115
1673778481 134
1673778481 181
1673778482 153
1673778482 114
1673778482 154
1673778482 121
1673778482 133
1673778483 187
1673778483 177
1673778483 146
1673778485 125
1673778485 164
1673778486 182
1673778486 153
1673778487 163
1673778487 111
1673778488 187
1673778488 108
1673778488 199
1673778488 161
1673778489 136
1673778490 164
1673778490 145
1673778491 182
1673778491 171
1673778491 200
1673778491 199
1673778492 158
1673778493 166
1673778494 105
1673778494 141
1673778494 143
1673778494 179
1673778495 101
1673778495 182
1673778495 128
1673778495 195
1673778495 186
1673778496 198
1673778496 170
1673778497 159
1673778497 113
1673778497 106
1673778498 109
1673778499 117
1673778499 107
1673778499 165
1673778499 193
1673778499 143
1673778500 106
1673778500 128
1673778500 140
1673778500 123
1673778501 137
1673778501 167
1673778502 109
1673778505 176
1673778505 111
1673778505 198
1673778506 139
1673778506 198
1673778506 149
1673778507 108
1673778508 155
1673778508 135
1673778509 108
1673778509 117
1673778510 109
1673778510 173
1673778511 165
1673778511 147
1673778511 165
1673778512 199
1673778512 164
1673778512 199
1673778513 191
1673778513 185
1673778513 192
1673778513 170
1673778513 187
1673778514 102
1673778514 154
1673778514 178
1673778515 153
1673778515 150
1673778515 164
1673778515 160
1673778516 105
1673778517 114
1673778517 118
1673778517 195
1673778517 197
1673778518 106
1673778518 151
1673778518 104
1673778518 166
1673778518 162
1673778519 194
1673778519 181
1673778519 131
1673778519 106
1673778520 161
1673778520 198
1673778520 172
1673778520 135
1673778522 109
1673778522 111
1673778522 188
1673778523 113
1673778523 155
1673778523 123
1673778523 114
1673778524 181
1673778524 135
1673778524 145
1673778524 157
1673778525 153
1673778525 199
1673778525 160
1673778525 118
1673778526 127
1673778526 144
1673778527 163
1673778527 133
1673778527 143
1673778527 143
1673778528 172
1673778528 110
1673778528 106
1673778528 152
1673778529 161
1673778529 104
1673778530 154
1673778530 187
1673778530 133
1673778531 166
1673778531 138
1673778531 136
1673778531 142
1673778532 147
1673778532 158
1673778533 104
1673778533 200
1673778533 103
1673778534 198
1673778534 186
1673778534 175
1673778536 146
1673778536 121
1673778536 128
1673778536 147
1673778537 118
1673778537 120
1673778537 103
1673778537 181
1673778537 123
1673778537 120
1673778537 165
1673778538 110
1673778538 137
1673778538 108
1673778539 155
1673778539 108
1673778540 170
1673778540 103
1673778540 171
1673778541 123
1673778542 166
1673778543 190
1673778543 180
1673778543 133
1673778543 139
1673778543 162
1673778543 187
1673778543 115
1673778543 126
1673778544 184
1673778544 102
1673778545 177
1673778545 130
1673778545 106
1673778545 102
1673778546 161
1673778546 150
1673778547 141
1673778547 154
1673778547 151
1673778549 150
1673778549 191
1673778549 106
1673778550 146
1673778551 179
1673778551 188
1673778551 162
1673778552 176
1673778552 183
1673778552 166
1673778552 185
1673778553 111
1673778553 145
1673778553 142
1673778553 112
1673778554 113
1673778554 171
1673778554 132
1673778555 177
1673778555 122
1673778555 128
1673778555 106
1673778556 182
1673778556 164
1673778556 126
1673778557 161
1673778557 119
1673778557 129
1673778557 120
1673778557 130
1673778557 188
1673778558 102
1673778558 127
1673778558 141
1673778558 170
1673778559 164
1673778559 190
1673778559 144
1673778559 181
1673778559 151
1673778560 182
1673778560 137
1673778561 180
1673778561 134
1673778561 168
1673778561 173
1673778562 119
1673778562 105
1673778563 126
1673778563 115
1673778563 168
1673778564 132
1673778564 152
1673778564 111
1673778564 183
1673778565 168
1673778565 155
1673778565 128
1673778566 183
1673778566 101
1673778566 166
1673778567 141
1673778567 179
1673778568 111
1673778569 125
1673778570 162
1673778570 150
1673778571 192
1673778572 148
1673778572 163
1673778573 128
1673778574 131
1673778574 108
1673778574 105
1673778574 140
1673778575 133
1673778575 127
1673778575 130
1673778575 156
1673778575 139
1673778576 193
1673778577 191
1673778577 161
1673778577 195
1673778578 188
1673778579 178
1673778579 162
1673778579 168
1673778579 158
1673778579 161
1673778580 175
1673778580 112
1673778580 105
1673778582 127
1673778583 162
1673778583 199
1673778584 103
1673778584 165
1673778585 140
1673778586 129
1673778586 123
1673778586 151
1673778587 110
1673778587 102
1673778588 124
1673778588 148
1673778589 105
1673778589 153
1673778589 186
1673778589 196
1673778589 193
1673778590 148
1673778590 151
1673778590 154
1673778590 199
1673778590 177
1673778591 190
1673778591 108
1673778591 114
1673778592 145
1673778592 179
1673778592 157
1673778592 186
1673778593 131
1673778593 197
1673778593 180
1673778593 162
1673778593 197
1673778594 181
1673778595 130
1673778595 155
1673778595 109
1673778595 105
1673778595 149
1673778596 106
1673778596 120
1673778597 183
1673778597 119
1673778597 188
1673778597 156
1673778599 105
1673778599 161
1673778599 107
1673778599 169
1673778600 162
1673778600 108
1673778600 152
1673778600 188
1673778600 164
1673778601 136
1673778602 164
1673778602 198
1673778603 124
1673778603 171
1673778604 149
1673778604 155
1673778605 171
1673778605 125
1673778605 187
1673778606 179
1673778607 130
1673778608 134
1673778608 151
1673778608 112
1673778608 180
1673778609 138
1673778610 156
1673778610 132
1673778610 196
1673778610 164
1673778611 173
1673778611 167
1673778611 125
1673778612 200
1673778612 186
1673778612 166
1673778613 135
1673778613 141
1673778614 127
1673778614 194
1673778615 142
1673778615 114
1673778615 120
1673778615 125
1673778615 151
1673778617 143
1673778618 189
1673778618 117
1673778618 167
1673778619 155
1673778619 129
1673778620 153
1673778620 190
1673778620 166
1673778620 188
1673778620 174
1673778622 119
1673778623 176
1673778624 127
1673778625 188
1673778627 126
1673778628 135
1673778628 194
1673778629 114
1673778629 156
1673778629 163
1673778630 171
1673778630 158
1673778630 124
1673778631 191
1673778631 190
1673778631 130
1673778632 114
1673778633 152
1673778633 173
1673778634 130
1673778635 168
1673778635 140
1673778635 101
1673778636 132
1673778636 130
1673778637 136
1673778637 189
1673778637 144
1673778637 111
1673778638 112
1673778639 187
1673778639 122
1673778639 129
1673778639 184
1673778639 140
1673778640 103
1673778640 186
1673778640 152
1673778641 155
1673778641 150
1673778641 137
1673778641 144
1673778642 112
1673778642 167
1673778642 169
1673778643 183
1673778644 117
1673778644 160
1673778644 127
1673778644 113
1673778645 177
1673778645 181
1673778645 127
1673778645 161
1673778645 157
1673778645 133
1673778646 110
1673778646 174
1673778646 125
1673778646 112
1673778647 151
1673778648 168
1673778648 134
1673778648 152
1673778648 128
1673778649 107
1673778649 165
1673778649 144
1673778649 109
1673778649 125
1673778650 145
1673778650 117
1673778650 189
1673778650 121
1673778651 138
1673778651 127
1673778651 147
1673778652 106
1673778652 146
1673778652 195
1673778653 192
1673778653 132
1673778653 122
1673778654 166
1673778655 134
1673778655 111
1673778655 120
1673778655 110
1673778655 146
1673778656 109
1673778656 178
1673778657 173
1673778657 125
1673778657 128
1673778658 188
1673778659 155
1673778659 114
1673778659 147
1673778659 124
1673778660 125
1673778660 135
1673778661 152
1673778661 200
1673778661 114
1673778661 194
1673778661 105
1673778662 130
1673778662 165
1673778662 155
1673778663 179
1673778663 144
1673778663 103
1673778664 145
1673778664 117
1673778665 139
1673778665 181
1673778665 182
1673778665 119
1673778665 145
1673778666 195
1673778666 173
1673778667 122
1673778667 145
1673778668 193
1673778668 119
1673778668 105
1673778669 134
1673778669 119
1673778670 157
1673778670 110
1673778670 184
1673778671 148
1673778671 191
1673778671 188
1673778672 183
1673778672 123
1673778672 139
1673778673 104
1673778673 187
1673778673 139
1673778673 119
1673778673 200
1673778673 116
1673778675 178
1673778675 117
1673778675 131
1673778676 192
1673778676 134
1673778677 138
1673778678 144
1673778678 153
1673778679 141
1673778679 124
1673778679 155
1673778680 132
1673778680 144
1673778680 185
1673778681 158
1673778681 192
1673778681 112
1673778682 121
1673778682 174
1673778682 141
1673778683 176
1673778683 135
1673778684 145
1673778684 106
1673778684 106
1673778685 118
1673778685 184
1673778685 169
1673778686 144
1673778686 200
1673778686 178
1673778687 166
1673778687 143
1673778687 108
1673778687 200
1673778688 196
1673778688 133
1673778690 164
1673778690 178
1673778692 191
1673778692 132
1673778693 192
1673778693 161
1673778693 127
1673778693 180
1673778694 124
1673778695 109
1673778695 128
1673778696 168
1673778696 164
1673778696 133
1673778697 137
1673778697 159
1673778697 200
1673778697 179
1673778698 130
1673778698 196
1673778699 197
1673778699 158
1673778699 184
1673778700 110
1673778700 173
1673778701 119
1673778701 142
1673778701 156
1673778702 127
1673778702 158
1673778704 161
1673778706 189
1673778707 127
1673778707 140
1673778707 174
1673778708 134
1673778708 129
1673778708 191
1673778708 191
1673778708 107
1673778709 129
1673778709 106
1673778709 166
1673778710 152
1673778710 113
1673778711 135
1673778711 142
1673778711 162
1673778711 198
1673778712 119
1673778712 107
1673778712 153
1673778712 186
1673778713 193
1673778714 129
1673778714 165
1673778714 136
1673778714 131
1673778714 164
1673778716 184
1673778716 162
1673778716 191
1673778716 158
1673778717 153
1673778717 140
1673778717 186
1673778718 151
1673778718 156
1673778718 131
1673778719 174
1673778719 152
1673778720 123
1673778721 120
1673778721 179
1673778721 171
1673778722 160
1673778722 157
1673778723 194
1673778724 192
1673778724 131
1673778724 129
1673778724 151
1673778724 116
1673778724 122
1673778724 177
1673778725 150
1673778725 138
1673778725 198
1673778726 123
1673778726 128
1673778726 158
1673778726 150
1673778727 171
1673778727 124
1673778728 106
1673778728 174
1673778729 154
1673778729 117
1673778730 147
1673778730 166
1673778731 175
1673778731 167
1673778732 195
1673778732 185
1673778732 145
1673778732 177
1673778733 126
1673778733 155
1673778733 118
1673778734 129
1673778734 199
1673778734 127
1673778734 149
1673778735 191
1673778735 110
1673778736 192
1673778737 122
1673778738 134
1673778738 138
1673778738 114
1673778738 132
1673778739 196
1673778739 140
1673778739 153
1673778739 178
1673778740 177
1673778740 161
1673778740 169
1673778740 151
1673778741 110
1673778741 191
1673778741 109
1673778741 107
1673778742 153
1673778743 146
1673778743 138
1673778743 107
1673778743 181
1673778743 140
1673778744 193
1673778744 186
1673778744 104
1673778744 152
1673778744 122
1673778745 199
1673778746 103
1673778746 133
1673778746 134
1673778746 108
1673778747 116
1673778747 132
1673778747 114
1673778748 107
1673778748 184
1673778748 157
1673778748 167
1673778748 191
1673778748 143
1673778748 127
1673778749 200
1673778749 171
1673778750 113
1673778750 145
1673778751 120
1673778752 117
1673778752 168
1673778752 129
1673778752 118
1673778752 104
1673778752 116
1673778752 102
1673778752 128
1673778753 173
1673778753 152
1673778753 117
1673778753 160
1673778754 115
1673778754 193
1673778755 145
1673778755 116
1673778755 105
1673778755 161
1673778756 196
1673778757 199
1673778757 109
1673778758 138
1673778758 179
1673778758 147
1673778758 165
1673778758 112
1673778758 193
1673778759 196
1673778760 117
1673778761 161
1673778761 110
1673778762 116
1673778762 179
1673778762 150
1673778762 174
1673778763 175
1673778764 146
1673778764 145
1673778764 170
1673778764 138
1673778765 198
1673778765 123
1673778765 153
1673778765 128
1673778767 183
1673778767 149
1673778768 168
1673778768 195
1673778769 181
1673778770 163
1673778771 168
1673778772 126
1673778772 191
1673778772 163
1673778772 134
1673778772 125
1673778773 172
1673778773 189
1673778774 178
1673778774 182
1673778774 143
1673778774 147
1673778775 190
1673778775 190
1673778775 175
1673778776 118
1673778776 115
1673778776 140
1673778776 145
1673778776 184
1673778777 153
1673778777 130
1673778777 131
1673778778 197
1673778778 127
1673778778 120
1673778779 165
1673778779 173
1673778779 170
1673778779 113
1673778781 147
1673778781 122
1673778782 113
1673778783 111
1673778783 136
1673778783 111
1673778784 116
1673778784 173
1673778784 179
1673778784 106
1673778785 185
1673778786 183
1673778786 131
1673778786 133
1673778786 182
1673778787 109
1673778787 185
1673778787 120
1673778787 147
1673778787 169
1673778788 180
1673778788 191
1673778789 172
1673778789 149
1673778789 154
1673778790 192
1673778790 159
1673778791 118
1673778792 167
1673778792 123
1673778792 166
1673778793 156
1673778794 182
1673778794 119
1673778795 181
1673778795 186
1673778795 113
1673778795 179
1673778795 198
1673778795 140
1673778795 154
1673778795 119
1673778796 146
1673778796 171
1673778796 111
1673778796 129
1673778796 168
1673778796 139
1673778797 155
1673778797 121
1673778797 172
1673778797 176
1673778797 188
1673778798 190
1673778798 105
1673778798 159
1673778798 128
1673778798 107
1673778798 156
1673778799 183
1673778799 177
1673778799 200
1673778800 115
1673778801 167
1673778801 200
1673778802 183
1673778802 165
1673778802 191
1673778802 111
1673778803 146
1673778804 133
1673778804 133
1673778804 116
1673778805 125
1673778805 162
1673778806 187
1673778808 193
1673778808 117
1673778808 113
1673778808 127
1673778809 103
1673778809 151
1673778810 182
1673778810 156
1673778810 167
1673778810 102
1673778810 108
1673778810 130
1673778810 118
1673778810 172
1673778811 124
1673778811 136
1673778812 192
1673778812 172
1673778812 157
1673778813 129
1673778813 149
1673778813 170
1673778813 127
1673778814 199
1673778814 129
1673778814 200
1673778815 105
1673778815 125
1673778815 146
1673778815 166
1673778815 103
1673778815 191
1673778816 154
1673778816 165
1673778817 119
1673778817 112
1673778817 147
1673778818 139
1673778818 186
1673778819 110
1673778819 162
1673778819 104
1673778819 189
1673778820 166
1673778820 127
1673778820 139
1673778821 181
1673778821 150
1673778821 153
1673778821 170
1673778821 152
1673778821 180
1673778821 135
1673778822 124
1673778822 183
1673778822 151
1673778823 177
1673778823 186
1673778823 200
1673778823 200
1673778824 112
1673778824 122
1673778824 180
1673778825 101
1673778826 191
1673778826 192
1673778826 187
1673778826 163
1673778827 198
1673778827 177
1673778827 150
1673778828 182
1673778829 157
1673778829 163
1673778829 196
1673778830 122
1673778830 149
1673778831 125
1673778831 110
1673778831 145
1673778832 194
1673778832 189
1673778832 196
1673778833 199
1673778834 165
1673778834 106
1673778834 141
1673778835 170
1673778837 190
1673778837 164
1673778838 111
1673778838 192
1673778839 167
1673778839 181
1673778839 165
1673778839 105
1673778841 109
1673778841 122
1673778842 166
1673778842 104
1673778842 166
1673778843 170
1673778843 123
1673778844 143
1673778844 154
1673778845 127
1673778845 152
1673778845 155
1673778845 147
1673778846 195
1673778846 156
1673778846 129
1673778846 122
1673778847 191
1673778847 113
1673778847 102
1673778848 126
1673778848 129
1673778848 102
1673778849 128
1673778849 146
1673778850 162
1673778850 112
1673778851 198
1673778851 190
1673778851 108
1673778851 156
1673778852 129
1673778852 109
1673778852 120
1673778853 189
1673778853 179
1673778853 126
1673778853 104
1673778854 152
1673778854 183
1673778854 172
1673778854 171
1673778854 182
1673778855 109
1673778855 178
1673778855 197
1673778855 110
1673778856 177
1673778856 142
1673778857 160
1673778857 130
1673778857 167
1673778857 197
1673778858 128
1673778858 131
1673778859 177
1673778859 151
1673778859 131
1673778860 101
1673778861 160
1673778861 129
1673778862 192
1673778862 109
1673778862 198
1673778862 162
1673778864 126
1673778864 141
1673778864 194
1673778864 177
1673778865 169
1673778865 200
1673778865 177
1673778866 151
1673778866 164
1673778866 149
1673778866 198
1673778866 174
1673778867 171
1673778867 146
1673778867 188
1673778868 115
1673778868 200
1673778869 135
1673778869 111
1673778870 195
1673778870 120
1673778870 154
1673778871 159
1673778871 154
1673778872 129
1673778872 161
1673778873 161
1673778873 178
1673778873 123
1673778873 157
1673778873 176
1673778874 135
1673778874 155
1673778874 160
1673778874 186
1673778874 133
1673778874 111
1673778875 155
1673778875 146
1673778876 121
1673778877 189
1673778877 186
1673778877 142
1673778878 135
1673778878 157
1673778879 126
1673778879 163
1673778880 157
1673778880 152
1673778880 121
1673778880 157
1673778881 173
1673778881 118
1673778882 130
1673778882 128
1673778882 179
1673778883 183
1673778883 185
1673778883 147
1673778883 174
1673778883 195
1673778883 116
1673778883 132
1673778883 117
1673778884 180
1673778884 110
1673778884 115
1673778884 140
1673778884 102
1673778885 158
1673778886 125
1673778886 200
1673778887 176
1673778887 178
1673778887 131
1673778887 105
1673778887 125
1673778888 139
1673778889 161
1673778889 148
1673778889 109
1673778890 153
1673778890 101
1673778890 121
1673778891 159
1673778891 199
1673778891 109
1673778891 178
1673778892 155
1673778892 182
1673778892 132
1673778892 147
1673778892 106
1673778894 116
1673778894 104
1673778894 179
1673778894 170
1673778894 196
1673778895 180
1673778895 135
1673778895 184
1673778895 130
1673778896 102
1673778896 164
1673778897 108
1673778898 156
1673778898 112
1673778898 175
1673778898 160
1673778899 173
1673778899 153
1673778900 176
1673778900 125
1673778900 199
1673778900 104
1673778901 171
1673778901 196
1673778901 167
1673778901 163
1673778902 179
1673778902 132
1673778903 172
1673778903 114
1673778903 131
1673778903 148
1673778903 175
1673778904 167
1673778905 169
1673778906 113
1673778907 180
1673778907 107
1673778907 115
1673778908 187
1673778908 185
1673778908 157
1673778908 155
1673778908 143
1673778909 149
1673778909 155
1673778909 193
1673778910 148
1673778910 169
1673778911 181
1673778911 184
1673778911 183
1673778911 120
1673778912 120
1673778912 180
1673778913 139
1673778913 144
1673778913 101
1673778913 115
1673778913 180
1673778914 195
1673778914 186
1673778915 170
1673778915 160
1673778916 109
1673778916 195
1673778916 131
1673778917 181
1673778917 181
1673778918 143
1673778918 147
1673778919 136
1673778920 175
1673778921 123
1673778921 177
1673778922 137
1673778922 177
1673778923 182
1673778923 183
1673778924 109
1673778924 101
1673778925 198
1673778926 131
1673778926 130
1673778926 183
1673778926 119
1673778927 192
1673778927 174
1673778928 174
1673778928 197
1673778928 145
1673778928 129
1673778929 186
1673778929 191
1673778929 187
1673778929 192
1673778929 122
1673778930 162
1673778930 149
1673778930 178
1673778931 160
1673778931 127
1673778931 190
1673778931 190
1673778931 174
1673778931 174
1673778931 157
1673778931 147
1673778932 112
1673778932 195
1673778932 131
1673778933 102
1673778933 114
1673778933 182
1673778933 112
1673778933 168
1673778933 190
1673778934 195
1673778934 166
1673778934 187
1673778934 131
1673778936 158
1673778936 129
1673778936 125
1673778937 125
1673778937 179
1673778937 186
1673778937 186
1673778937 181
1673778938 140
1673778938 194
1673778938 151
1673778938 125
1673778939 109
1673778939 175
1673778940 166
1673778941 172
1673778942 175
1673778943 143
1673778943 163
1673778944 174
1673778944 130
1673778944 130
1673778945 143
1673778945 196
1673778945 113
1673778945 122
1673778945 173
1673778945 173
1673778945 196
1673778946 122
1673778946 182
1673778946 123
1673778946 176
1673778946 112
1673778947 138
1673778947 156
1673778947 114
1673778947 119
1673778948 114
1673778948 166
1673778948 124
1673778948 109
1673778949 159
1673778949 129
1673778949 190
1673778950 147
1673778950 166
1673778951 167
1673778951 195
1673778952 131
1673778952 101
1673778953 157
1673778953 199
1673778953 105
1673778953 185
1673778954 200
1673778954 176
1673778954 164
1673778954 125
1673778955 187
1673778955 172
1673778955 128
1673778956 138
1673778956 134
1673778957 122
1673778957 179
1673778958 172
1673778958 149
1673778958 200
1673778958 115
1673778959 112
1673778959 175
1673778959 195
1673778959 183
1673778960 131
1673778960 124
1673778960 104
1673778960 150
1673778960 191
1673778961 142
1673778961 115
1673778961 167
1673778962 152
1673778962 175
1673778963 148
1673778963 158
1673778963 174
1673778963 101
1673778964 151
1673778964 141
1673778964 159
1673778964 125
1673778964 147
1673778965 137
1673778966 155
1673778966 101
1673778966 187
1673778966 153
1673778966 138
1673778967 194
1673778967 159
1673778968 107
1673778968 172
1673778968 187
1673778969 168
1673778969 181
1673778970 180
1673778970 182
1673778970 195
1673778971 110
1673778971 124
1673778971 182
1673778971 155
1673778971 143
1673778971 173
1673778972 184
1673778972 114
1673778972 177
1673778972 147
1673778973 114
1673778973 200
1673778973 186
1673778974 137
1673778974 158
1673778974 172
1673778975 164
1673778975 174
1673778976 191
1673778976 106
1673778977 105
1673778977 188
1673778977 117
1673778978 154
1673778978 157
1673778978 170
1673778979 132
1673778979 131
1673778979 110
1673778980 125
1673778980 192
1673778980 127
1673778981 188
1673778981 120
1673778982 132
1673778983 116
1673778983 173
1673778983 167
1673778984 110
1673778985 162
1673778985 143
1673778985 135
1673778986 113
1673778986 123
1673778986 182
1673778988 109
1673778988 112
1673778988 177
1673778989 134
1673778989 137
1673778990 163
1673778991 200
1673778991 148
1673778991 147
1673778992 170
1673778992 109
1673778992 120
1673778993 182
1673778994 118
1673778994 170
1673778994 104
1673778994 117
1673778995 120
1673778995 171
1673778995 121
1673778995 154
1673778995 124
1673778996 180
1673778996 196
1673778996 194
1673778997 174
1673778997 190
1673778998 101
1673778998 144
1673778998 180
1673778999 178
1673778999 165
1673778999 142
1673778999 108
1673779000 169
1673779000 162
1673779000 151
1673779000 155
1673779001 194
1673779001 163
1673779002 177
1673779002 134
1673779002 172
1673779002 115
1673779002 135
1673779003 147
1673779003 197
1673779003 178
1673779004 192
1673779004 158
1673779004 109
1673779004 127
1673779004 110
1673779005 177
1673779005 192
1673779005 185
1673779006 177
1673779006 142
1673779006 138
1673779006 146
1673779006 177
1673779007 175
1673779007 120
1673779007 123
1673779007 128
1673779007 184
1673779008 199
1673779008 101
1673779008 114
1673779008 114
1673779009 125
1673779009 152
1673779010 115
1673779011 178
1673779011 152
1673779012 200
1673779012 141
1673779012 182
1673779013 199
1673779013 126
1673779013 104
1673779013 105
1673779013 199
1673779014 128
1673779014 121
1673779014 157
1673779014 104
1673779014 146
1673779014 192
1673779015 117
1673779015 135
1673779015 200
1673779016 168
1673779016 133
1673779016 167
1673779016 129
1673779017 107
1673779017 151
1673779018 137
1673779018 166
1673779018 112
1673779019 131
1673779020 175
1673779020 120
1673779021 196
1673779021 178
1673779021 149
1673779021 116
1673779022 133
1673779022 155
1673779022 175
1673779022 139
1673779022 188
1673779022 109
1673779023 157
1673779023 114
1673779023 122
1673779023 135
1673779024 196
1673779024 185
1673779024 196
1673779024 193
1673779025 115
1673779025 186
1673779025 191
1673779025 113
1673779026 184
1673779026 172
1673779026 168
1673779027 165
1673779027 152
1673779028 185
1673779029 130
1673779029 157
1673779029 158
1673779029 112
1673779029 156
1673779029 142
1673779029 149
1673779030 113
1673779030 190
1673779031 101
1673779032 163
1673779032 161
1673779033 121
1673779033 186
1673779033 150
1673779033 197
1673779034 161
1673779034 134
1673779034 187
1673779034 131
1673779035 186
1673779035 112
1673779035 137
1673779036 153
1673779036 169
1673779039 104
1673779039 177
1673779039 136
1673779039 178
1673779040 126
1673779040 119
1673779041 139
1673779041 101
1673779041 136
1673779041 117
1673779041 170
1673779041 194
1673779041 181
1673779041 136
1673779042 122
1673779042 158
1673779042 115
1673779042 137
1673779042 104
1673779042 177
1673779042 165
1673779043 177
1673779043 167
1673779043 114
1673779043 141
1673779043 129
1673779045 122
1673779045 102
1673779046 149
1673779046 193
1673779047 155
1673779047 174
1673779047 167
1673779048 107
1673779048 192
1673779048 157
1673779048 119
1673779048 189
1673779050 127
1673779050 107
1673779050 138
1673779050 184
1673779051 193
1673779051 187
1673779052 152
1673779052 123
1673779052 168
1673779053 128
1673779053 162
1673779053 107
1673779053 157
1673779053 153
1673779053 135
1673779054 194
1673779054 200
1673779054 182
1673779055 178
1673779055 124
1673779055 125
1673779056 145
1673779056 172
1673779057 163
1673779057 160
1673779057 195
1673779058 159
1673779058 102
1673779059 190
1673779059 173
1673779059 144
1673779060 195
1673779061 183
1673779061 178
1673779061 174
1673779061 165
1673779061 116
1673779061 194
1673779062 166
1673779062 170
1673779062 138
1673779062 143
1673779063 101
1673779063 124
1673779063 103
1673779064 168
1673779064 150
1673779064 168
1673779064 156
1673779065 139
1673779065 161
1673779065 164
1673779065 139
1673779065 200
1673779066 173
1673779066 134
1673779066 157
1673779067 139
1673779068 152
1673779068 109
1673779068 193
1673779068 174
1673779068 172
1673779068 187
1673779069 147
1673779069 102
1673779070 176
1673779071 135
1673779071 130
1673779071 133
1673779071 181
1673779072 184
1673779072 140
1673779072 158
1673779072 144
1673779073 131
1673779073 151
1673779074 176
1673779074 101
1673779075 145
1673779076 160
1673779076 148
1673779076 137
1673779076 157
1673779076 155
1673779076 157
1673779076 113
1673779077 168
1673779077 164
1673779077 160
1673779078 172
1673779078 139
1673779078 146
1673779078 106
1673779078 165
1673779079 183
1673779079 180
1673779079 117
1673779079 193
1673779080 111
1673779081 117
1673779081 195
1673779081 174
1673779081 188
1673779081 107
1673779082 106
1673779082 167
1673779082 134
1673779082 150
1673779082 156
1673779083 176
1673779083 156
1673779083 104
1673779084 170
1673779084 151
1673779085 154
1673779085 143
1673779086 163
1673779087 134
1673779087 138
1673779088 194
1673779088 192
1673779089 136
1673779089 178
1673779089 160
1673779089 190
1673779090 193
1673779090 145
1673779090 181
1673779091 102
1673779091 192
1673779092 181
1673779092 138
1673779092 109
1673779093 186
1673779093 156
1673779094 151
1673779094 187
1673779095 172
1673779095 163
1673779096 115
1673779097 117
1673779097 105
1673779097 125
1673779097 198
1673779097 158
1673779098 182
1673779098 144
1673779098 131
1673779098 138
1673779098 175
1673779098 181
1673779099 163
1673779099 166
1673779099 182
1673779100 117
1673779101 179
1673779101 101
1673779101 185
1673779101 184
1673779101 107
1673779102 111
1673779102 138
1673779102 192
1673779103 199
1673779103 164
1673779103 153
1673779103 141
1673779103 128
1673779104 172
1673779104 186
1673779105 170
1673779105 109
1673779105 165
1673779105 142
1673779105 126
1673779105 181
1673779106 113
1673779106 176
1673779106 152
1673779106 156
1673779107 109
1673779107 107
1673779107 143
1673779107 125
1673779107 200
1673779108 126
1673779109 123
1673779109 161
1673779109 125
1673779110 145
1673779110 124
1673779110 106
1673779111 106
1673779111 114
1673779111 123
1673779111 185
1673779112 168
1673779112 178
1673779112 139
1673779113 143
1673779113 191
1673779114 183
1673779115 135
1673779115 149
1673779115 196
1673779116 136
1673779116 152
1673779116 164
1673779116 149
1673779117 148
1673779117 114
1673779117 167
1673779118 186
1673779118 135
1673779119 107
1673779120 190
1673779121 196
1673779121 157
1673779121 146
1673779122 195
1673779123 185
1673779123 150
1673779123 121
1673779124 149
1673779124 191
1673779125 192
1673779125 115
1673779126 167
1673779126 128
1673779126 150
1673779127 136
1673779128 181
1673779128 111
1673779128 120
1673779128 106
1673779129 140
1673779129 128
1673779130 105
1673779131 132
1673779131 124
1673779131 131
1673779131 189
1673779131 147
1673779132 195
1673779132 196
1673779133 135
1673779134 145
1673779134 144
1673779134 108
1673779134 151
1673779135 159
1673779136 167
1673779136 199
1673779136 188
1673779136 197
1673779136 114
1673779137 111
1673779137 145
1673779137 125
1673779137 188
1673779137 149
1673779137 179
1673779138 125
1673779138 106
1673779139 150
1673779139 150
1673779141 187
1673779141 192
1673779141 127
1673779141 137
1673779142 192
1673779143 125
1673779143 111
1673779143 166
1673779144 131
1673779144 184
1673779144 188
1673779144 115
1673779145 178
1673779145 116
1673779145 160
1673779147 134
1673779147 117
1673779147 181
1673779148 123
1673779148 179
1673779148 102
1673779148 169
1673779148 176
1673779148 174
1673779149 140
1673779149 194
1673779149 120
1673779149 167
1673779149 160
1673779150 171
1673779150 163
1673779150 109
1673779150 122
1673779150 148
1673779151 170
1673779151 147
1673779152 107
1673779152 186
1673779152 108
1673779152 137
1673779153 184
1673779153 180
1673779153 112
1673779153 105
1673779154 145
1673779155 133
1673779156 126
1673779156 108
1673779156 191
1673779157 198
1673779157 154
1673779157 142
1673779157 105
1673779158 172
1673779158 153
1673779158 111
1673779158 178
1673779158 188
1673779158 135
1673779159 155
1673779159 177
1673779159 162
1673779160 161
1673779160 158
1673779161 140
1673779161 183
1673779161 137
1673779161 182
1673779162 200
1673779164 192
1673779164 140
1673779164 132
1673779164 135
1673779164 192
1673779165 174
1673779165 107
1673779165 189
1673779166 141
1673779166 173
1673779168 153
1673779168 156
1673779168 119
1673779168 101
1673779169 167
1673779169 159
1673779169 113
1673779169 145
1673779170 162
1673779170 184
1673779170 123
1673779171 109
1673779171 121
1673779171 166
1673779172 189
1673779172 171
1673779172 156
1673779172 160
1673779173 186
1673779174 117
1673779174 150
1673779174 148
1673779174 131
1673779174 180
1673779174 196
1673779175 191
1673779175 197
1673779175 149
1673779175 112
1673779176 113
1673779176 183
1673779176 176
1673779177 140
1673779178 134
1673779178 123
1673779179 121
1673779179 144
1673779180 148
1673779180 136
1673779180 167
1673779181 110
1673779181 169
1673779181 140
1673779182 104
1673779182 103
1673779182 171
1673779183 110
1673779183 101
1673779184 135
1673779184 169
1673779185 104
1673779185 191
1673779186 133
1673779186 110
1673779186 156
1673779187 174
1673779187 126
1673779188 133
1673779188 138
1673779188 158
1673779188 192
1673779189 122
1673779189 106
1673779189 173
1673779190 124
1673779190 175
1673779190 168
1673779190 130
1673779190 158
1673779191 133
1673779191 136
1673779191 172
1673779191 119
1673779192 145
1673779193 195
1673779193 106
1673779193 113
1673779193 165
1673779193 167
1673779194 118
1673779194 162
1673779194 134
1673779194 163
1673779195 196
1673779195 139
1673779195 102
1673779195 110
1673779195 199
1673779196 132
1673779196 164
1673779196 122
1673779197 191
1673779197 168
1673779197 103
1673779197 157
1673779197 136
1673779197 173
1673779198 199
1673779199 168
1673779200 191
1673779200 185
1673779200 131
1673779200 156
1673779200 113
1673779200 148
1673779201 117
1673779202 172
1673779203 138
1673779203 176
1673779203 136
1673779204 103
1673779204 169
1673779204 182
1673779204 102
1673779205 141
1673779205 182
1673779205 129
1673779206 107
1673779206 168
1673779206 177
1673779206 115
1673779207 108
1673779208 159
1673779208 137
1673779208 150
1673779208 125
1673779209 173
1673779209 123
1673779209 139
1673779209 168
1673779210 131
1673779211 193
1673779211 164
1673779211 105
1673779211 177
1673779212 104
1673779212 108
1673779212 105
1673779212 138
1673779212 199
1673779213 185
1673779213 111
1673779213 124
1673779214 142
1673779214 133
1673779214 177
1673779214 109
1673779215 167
1673779215 141
1673779215 103
1673779215 113
1673779216 187
1673779216 108
1673779216 129
1673779216 147
1673779216 105
1673779217 177
1673779217 118
1673779217 162
1673779217 149
1673779218 136
1673779218 195
1673779219 143
1673779219 160
1673779219 127
1673779219 145
1673779220 182
1673779220 154
1673779220 173
1673779220 129
1673779220 199
1673779220 133
1673779221 106
1673779221 108
1673779221 149
1673779222 163
1673779222 158
1673779222 131
1673779223 116
1673779223 147
1673779223 138
1673779224 131
1673779224 148
1673779224 163
1673779224 128
1673779225 134
1673779225 105
1673779225 162
1673779225 142
1673779226 121
1673779226 159
1673779226 186
1673779226 178
1673779227 157
1673779227 125
1673779227 143
1673779228 159
1673779229 139
1673779229 166
1673779230 127
1673779230 116
1673779230 103
1673779230 106
1673779232 123
1673779232 148
1673779232 153
1673779232 143
1673779233 114
1673779233 131
1673779234 121
1673779235 187
1673779235 150
1673779235 182
1673779235 115
1673779235 103
1673779235 149
1673779236 124
1673779236 104
1673779236 139
1673779237 138
1673779237 123
1673779237 110
1673779237 199
1673779237 140
1673779238 199
1673779238 111
1673779240 146
1673779240 153
1673779240 144
1673779241 130
1673779242 186
1673779242 180
1673779242 186
1673779244 134
1673779245 176
1673779245 136
1673779245 186
1673779246 143
1673779246 111
1673779247 141
1673779247 110
1673779248 177
1673779248 190
1673779250 115
1673779250 126
1673779250 140
1673779251 174
1673779251 180
1673779252 112
1673779252 175
1673779252 131
1673779253 156
1673779254 177
1673779254 155
1673779254 192
1673779254 155
1673779255 116
1673779255 158
1673779256 154
1673779256 170
1673779257 157
1673779258 148
1673779258 102
1673779258 171
1673779258 147
1673779259 181
1673779260 169
1673779260 162
1673779260 140
1673779262 113
1673779262 106
1673779262 189
1673779262 130
1673779263 122
1673779264 134
1673779264 191
1673779264 152
1673779265 115
1673779265 179
1673779266 175
1673779266 170
1673779267 114
1673779268 143
1673779268 148
1673779268 192
1673779268 144
1673779269 115
1673779269 112
1673779269 139
1673779269 191
1673779270 144
1673779270 139
1673779270 155
1673779270 104
1673779270 169
1673779271 107
1673779271 154
1673779271 137
1673779271 194
1673779273 121
1673779273 195
1673779273 136
1673779274 162
1673779274 134
1673779275 162
1673779275 138
1673779276 174
1673779277 163
1673779277 189
1673779277 162
1673779278 138
1673779278 185
1673779278 132
1673779279 182
1673779279 163
1673779279 158
1673779279 169
1673779280 174
1673779280 114
1673779280 198
1673779280 108
1673779280 176
1673779280 163
1673779280 155
1673779281 151
1673779282 159
1673779282 190
1673779282 120
1673779282 152
1673779283 188
1673779283 130
1673779283 200
1673779284 124
1673779285 156
1673779286 174
1673779286 148
1673779290 119
1673779290 158
1673779290 130
1673779290 179
1673779291 130
