1673776802 142
1673776802 192
1673776805 172
1673776806 171
1673776806 187
1673776806 191
1673776808 154
1673776808 102
1673776812 134
1673776812 149
1673776812 154
1673776815 172
1673776817 134
1673776821 134
1673776821 119
1673776822 168
1673776822 146
1673776823 185
1673776823 128
1673776825 118
1673776827 189
1673776828 132
1673776829 167
1673776829 188
1673776829 109
1673776829 159
1673776830 107
1673776831 200
1673776832 120
1673776832 170
1673776832 148
1673776834 131
1673776835 164
1673776836 150
1673776837 171
1673776837 157
1673776839 114
1673776839 167
1673776841 109
1673776844 188
1673776848 153
1673776850 161
1673776850 103
1673776851 102
1673776851 156
1673776853 192
1673776856 165
1673776857 113
1673776859 124
1673776859 178
1673776859 108
1673776860 132
1673776860 134
1673776860 149
1673776861 144
1673776861 199
1673776861 179
1673776861 120
1673776862 121
1673776862 179
1673776863 185
1673776866 176
1673776867 177
1673776870 122
1673776871 137
1673776874 118
1673776874 191
1673776874 131
1673776876 162
1673776876 185
1673776876 111
1673776877 111
1673776877 108
1673776878 125
1673776879 101
1673776879 143
1673776880 155
1673776880 153
1673776880 108
1673776880 108
1673776880 126
1673776881 173
1673776882 191
1673776883 183
1673776884 149
1673776885 139
1673776885 158
1673776887 159
1673776889 149
1673776892 131
1673776892 145
1673776892 147
1673776892 153
1673776893 160
1673776894 162
1673776894 112
1673776895 111
1673776895 186
1673776895 135
1673776896 126
1673776897 191
1673776901 108
1673776901 187
1673776901 144
1673776902 181
1673776902 200
1673776904 131
1673776904 182
1673776906 157
1673776906 190
1673776907 172
1673776915 108
1673776917 158
1673776920 140
1673776920 142
1673776922 162
1673776922 107
1673776923 135
1673776923 116
1673776924 160
1673776925 153
1673776926 170
1673776926 148
1673776927 116
1673776927 198
1673776927 151
1673776928 161
1673776928 199
1673776929 127
1673776929 148
1673776929 197
1673776929 173
1673776931 155
1673776931 115
1673776932 105
1673776932 118
1673776933 174
1673776933 121
1673776933 182
1673776934 186
1673776935 124
1673776935 110
1673776935 160
1673776936 101
1673776938 106
1673776938 147
1673776939 108
1673776939 143
1673776940 117
1673776940 171
1673776941 157
1673776941 116
1673776941 194
1673776941 177
1673776942 139
1673776942 112
1673776942 175
1673776942 105
1673776945 102
1673776945 177
1673776947 184
1673776947 167
1673776948 121
1673776949 108
1673776949 132
1673776949 199
1673776952 109
1673776953 173
1673776953 189
1673776954 124
1673776955 129
1673776955 168
1673776956 152
1673776956 179
1673776956 172
1673776956 132
1673776957 104
1673776958 179
1673776958 102
1673776958 132
1673776959 104
1673776960 198
1673776960 126
1673776960 139
1673776960 172
1673776961 170
1673776961 137
1673776962 135
1673776962 179
1673776962 183
1673776962 189
1673776963 150
1673776964 184
1673776964 164
1673776964 136
1673776964 164
1673776965 153
1673776965 122
1673776965 140
1673776966 132
1673776966 110
1673776966 171
1673776966 104
1673776967 118
1673776967 113
1673776967 162
1673776967 102
1673776967 157
1673776968 171
1673776968 108
1673776968 197
1673776969 160
1673776969 199
1673776970 128
1673776970 184
1673776970 147
1673776970 160
1673776971 125
1673776971 126
1673776972 148
1673776973 171
1673776973 139
1673776973 121
1673776973 164
1673776973 190
1673776974 109
1673776974 182
1673776975 168
1673776975 169
1673776975 158
1673776975 200
1673776976 190
1673776976 160
1673776976 165
1673776976 109
1673776977 168
1673776977 177
1673776978 166
1673776979 172
1673776980 124
1673776980 184
1673776980 179
1673776980 145
1673776980 193
1673776981 140
1673776981 116
1673776981 171
1673776982 148
1673776982 134
1673776982 153
1673776984 165
1673776984 196
1673776985 111
1673776986 120
1673776987 181
1673776987 157
1673776989 154
1673776989 123
1673776990 197
1673776992 156
1673776995 179
1673776996 151
1673776997 190
1673776997 143
1673776999 171
1673776999 179
1673776999 113
1673777000 142
1673777002 128
1673777002 187
1673777002 196
1673777002 167
1673777002 159
1673777003 109
1673777006 152
1673777007 121
1673777007 174
1673777008 169
1673777008 110
1673777008 162
1673777008 147
1673777009 157
1673777009 115
1673777009 111
1673777010 183
1673777010 111
1673777010 196
1673777012 159
1673777012 183
1673777012 107
1673777013 109
1673777013 114
1673777013 190
1673777014 183
1673777014 157
1673777016 156
1673777017 196
1673777017 118
1673777018 189
1673777018 171
1673777019 176
1673777019 164
1673777021 134
1673777021 162
1673777022 134
1673777023 146
1673777023 168
1673777024 120
1673777024 103
1673777024 184
1673777025 183
1673777026 102
1673777026 166
1673777026 164
1673777026 160
1673777026 132
1673777027 156
1673777029 165
1673777029 149
1673777029 195
1673777029 161
1673777031 165
1673777031 193
1673777031 110
1673777031 102
1673777032 172
1673777032 130
1673777032 136
1673777033 196
1673777034 151
1673777034 109
1673777034 117
1673777035 125
1673777036 143
1673777037 112
1673777037 141
1673777038 187
1673777038 181
1673777038 171
1673777038 133
1673777039 112
1673777039 147
1673777040 113
1673777040 118
1673777040 173
1673777041 127
1673777042 148
1673777042 133
1673777042 116
1673777042 182
1673777042 188
1673777042 172
1673777043 186
1673777043 154
1673777044 165
1673777044 140
1673777044 141
1673777044 152
1673777045 134
1673777045 173
1673777045 136
1673777045 185
1673777046 162
1673777046 175
1673777046 197
1673777047 122
1673777047 173
1673777047 166
1673777047 127
1673777048 128
1673777048 175
1673777048 101
1673777049 132
1673777049 147
1673777049 178
1673777050 117
1673777050 163
1673777050 137
1673777051 163
1673777051 194
1673777052 145
1673777052 136
1673777052 169
1673777053 124
1673777053 185
1673777053 145
1673777053 170
1673777053 125
1673777054 109
1673777054 191
1673777054 174
1673777055 187
1673777055 146
1673777055 179
1673777056 152
1673777056 118
1673777056 110
1673777058 136
1673777058 188
1673777058 134
1673777058 188
1673777058 177
1673777059 143
1673777059 176
1673777060 134
1673777060 190
1673777060 197
1673777061 102
1673777061 110
1673777061 124
1673777061 158
1673777062 179
1673777062 186
1673777062 151
1673777062 156
1673777062 169
1673777064 130
1673777064 108
1673777065 117
1673777065 188
1673777065 178
1673777065 200
1673777066 117
1673777066 102
1673777066 161
1673777066 142
1673777066 174
1673777067 184
1673777067 138
1673777067 183
1673777068 158
1673777068 190
1673777068 174
1673777068 141
1673777068 104
1673777069 122
1673777070 150
1673777070 156
1673777070 128
1673777070 129
1673777071 192
1673777072 151
1673777072 167
1673777072 104
1673777072 173
1673777072 146
1673777073 121
1673777073 113
1673777074 113
1673777074 194
1673777074 124
1673777074 102
1673777074 142
1673777075 188
1673777076 191
1673777076 117
1673777077 114
1673777077 177
1673777077 122
1673777078 190
1673777078 126
1673777078 193
1673777079 198
1673777079 182
1673777080 160
1673777081 149
1673777081 151
1673777081 197
1673777081 190
1673777082 181
1673777082 107
1673777083 115
1673777083 151
1673777083 155
1673777084 198
1673777084 153
1673777085 142
1673777085 160
1673777086 103
1673777086 121
1673777086 194
1673777087 110
1673777087 170
1673777088 142
1673777088 159
1673777088 164
1673777089 171
1673777089 197
1673777089 142
1673777090 108
1673777090 133
1673777090 186
1673777090 115
1673777090 143
1673777091 111
1673777091 104
1673777091 135
1673777091 147
1673777091 175
1673777091 107
1673777091 125
1673777091 138
1673777092 185
1673777092 121
1673777093 198
1673777093 199
1673777093 117
1673777093 173
1673777093 181
1673777093 159
1673777094 193
1673777094 171
1673777094 183
1673777094 177
1673777094 120
1673777095 142
1673777095 153
1673777096 156
1673777096 165
1673777096 158
1673777097 169
1673777097 183
1673777097 117
1673777097 139
1673777097 171
1673777098 196
1673777098 146
1673777099 158
1673777099 126
1673777099 177
1673777100 170
1673777100 115
1673777100 172
1673777101 151
1673777101 120
1673777101 105
1673777102 108
1673777102 113
1673777103 130
1673777103 166
1673777103 190
1673777104 143
1673777104 175
1673777104 125
1673777106 107
1673777106 171
1673777106 126
1673777107 184
1673777107 197
1673777108 192
1673777108 161
1673777108 134
1673777108 148
1673777109 163
1673777109 148
1673777109 123
1673777109 157
1673777110 136
1673777110 169
1673777110 104
1673777111 162
1673777111 177
1673777111 179
1673777112 178
1673777112 192
1673777112 169
1673777112 126
1673777112 120
1673777113 111
1673777114 168
1673777114 160
1673777114 188
1673777114 103
1673777115 108
1673777115 170
1673777116 113
1673777116 125
1673777117 184
1673777117 143
1673777119 168
1673777119 175
1673777119 123
1673777120 186
1673777120 166
1673777120 160
1673777121 143
1673777121 135
1673777121 150
1673777121 102
1673777121 155
1673777121 119
1673777121 192
1673777122 117
1673777122 197
1673777122 196
1673777122 186
1673777123 160
1673777123 154
1673777124 183
1673777124 134
1673777124 113
1673777124 183
1673777124 148
1673777125 147
1673777125 153
1673777126 153
1673777126 101
1673777126 174
1673777126 137
1673777126 125
1673777126 199
1673777127 108
1673777127 171
1673777129 166
1673777129 185
1673777129 164
1673777129 103
1673777129 130
1673777130 112
1673777130 164
1673777131 183
1673777131 199
1673777131 160
1673777132 150
1673777132 183
1673777132 185
1673777133 186
1673777133 183
1673777133 105
1673777134 112
1673777135 164
1673777136 156
1673777136 172
1673777136 102
1673777137 148
1673777137 172
1673777137 164
1673777137 194
1673777138 172
1673777138 190
1673777138 191
1673777138 153
1673777138 102
1673777138 166
1673777138 151
1673777138 197
1673777139 177
1673777139 156
1673777140 177
1673777140 104
1673777140 106
1673777141 162
1673777141 143
1673777142 146
1673777142 165
1673777142 169
1673777143 166
1673777143 140
1673777144 179
1673777144 151
1673777144 170
1673777144 105
1673777145 194
1673777145 186
1673777145 194
1673777145 118
1673777146 195
1673777146 152
1673777146 147
1673777147 153
1673777147 159
1673777147 123
1673777148 117
1673777149 195
1673777149 110
1673777150 133
1673777150 106
1673777150 111
1673777150 128
1673777151 137
1673777151 128
1673777151 144
1673777151 172
1673777151 140
1673777152 154
1673777152 183
1673777153 123
1673777153 176
1673777153 151
1673777153 156
1673777154 162
1673777154 197
1673777155 164
1673777155 168
1673777155 144
1673777156 194
1673777156 132
1673777156 190
1673777156 142
1673777156 118
1673777157 133
1673777158 114
1673777158 199
1673777159 198
1673777160 131
1673777160 142
1673777160 183
1673777160 120
1673777160 112
1673777160 168
1673777160 113
1673777160 144
1673777161 122
1673777161 104
1673777161 104
1673777161 112
1673777161 150
1673777161 144
1673777161 196
1673777162 146
1673777162 186
1673777162 162
1673777163 110
1673777163 114
1673777164 190
1673777164 173
1673777164 137
1673777165 187
1673777166 116
1673777166 176
1673777166 119
1673777167 126
1673777167 124
1673777167 102
1673777167 121
1673777167 135
1673777168 112
1673777168 112
1673777168 123
1673777169 131
1673777169 101
1673777169 159
1673777169 110
1673777170 130
1673777171 166
1673777171 127
1673777172 164
1673777172 192
1673777173 169
1673777173 118
1673777174 109
1673777174 180
1673777174 156
1673777175 133
1673777176 136
1673777177 152
1673777177 103
1673777178 177
1673777178 198
1673777178 142
1673777178 144
1673777179 134
1673777179 185
1673777179 186
1673777179 119
1673777179 141
1673777181 171
1673777181 146
1673777182 138
1673777182 184
1673777182 185
1673777183 170
1673777183 130
1673777184 125
1673777184 115
1673777184 175
1673777184 132
1673777184 119
1673777184 180
1673777185 115
1673777185 107
1673777186 189
1673777186 148
1673777187 138
1673777187 145
1673777187 141
1673777188 128
1673777188 185
1673777189 159
1673777189 192
1673777190 143
1673777190 190
1673777191 197
1673777191 117
1673777192 121
1673777193 185
1673777193 157
1673777193 120
1673777194 142
1673777195 133
1673777195 148
1673777196 118
1673777196 147
1673777196 194
1673777196 188
1673777196 140
1673777197 104
1673777197 168
1673777198 151
1673777199 130
1673777200 168
1673777200 138
1673777201 166
1673777201 181
1673777201 141
1673777201 135
1673777201 187
1673777201 181
1673777201 186
1673777202 172
1673777202 126
1673777203 105
1673777203 180
1673777203 153
1673777203 153
1673777204 115
1673777204 153
1673777204 145
1673777204 144
1673777205 142
1673777205 140
1673777206 182
1673777206 131
1673777206 164
1673777206 172
1673777206 121
1673777207 140
1673777207 138
1673777207 157
1673777207 153
1673777209 113
1673777209 195
1673777209 156
1673777209 118
1673777209 181
1673777210 146
1673777211 161
1673777211 109
1673777212 200
1673777212 184
1673777212 107
1673777212 126
1673777212 178
1673777213 195
1673777213 135
1673777213 120
1673777213 129
1673777213 195
1673777213 155
1673777214 154
1673777214 175
1673777214 188
1673777214 175
1673777214 110
1673777215 197
1673777215 109
1673777215 116
1673777216 117
1673777216 145
1673777217 147
1673777218 127
1673777218 198
1673777218 162
1673777218 157
1673777219 200
1673777219 190
1673777220 152
1673777220 199
1673777221 195
1673777223 102
1673777224 172
1673777224 187
1673777224 154
1673777224 145
1673777225 147
1673777225 121
1673777226 110
1673777228 192
1673777228 194
1673777230 134
1673777234 185
1673777238 121
1673777239 152
1673777239 150
1673777240 182
1673777241 146
1673777242 130
1673777242 130
1673777243 127
1673777243 111
1673777244 166
1673777246 194
1673777247 135
1673777247 130
1673777248 150
1673777248 197
1673777248 128
1673777248 132
1673777248 123
1673777249 165
1673777250 147
1673777250 119
1673777250 142
1673777250 126
1673777250 110
1673777251 125
1673777251 139
1673777251 143
1673777251 199
1673777251 148
1673777252 195
1673777253 175
1673777254 155
1673777256 142
1673777256 106
1673777257 105
1673777257 125
1673777257 179
1673777257 175
1673777257 161
1673777257 191
1673777257 119
1673777258 113
1673777258 189
1673777259 147
1673777259 111
1673777260 149
1673777260 144
1673777262 188
1673777262 162
1673777262 113
1673777262 112
1673777263 176
1673777263 156
1673777263 138
1673777263 131
1673777264 125
1673777264 140
1673777265 174
1673777266 193
1673777267 157
1673777267 187
1673777267 161
1673777268 150
1673777268 106
1673777268 140
1673777268 186
1673777269 188
1673777270 137
1673777270 124
1673777271 137
1673777272 180
1673777273 200
1673777273 133
1673777273 130
1673777274 160
1673777274 124
1673777274 142
1673777276 109
1673777276 198
1673777276 170
1673777276 139
1673777277 121
1673777278 144
1673777280 158
1673777280 104
1673777281 146
1673777281 145
1673777281 155
1673777281 135
1673777281 149
1673777281 131
1673777283 194
1673777283 144
1673777284 113
1673777285 152
1673777285 173
1673777285 101
1673777285 163
1673777286 175
1673777286 150
1673777286 108
1673777286 196
1673777286 197
1673777287 186
1673777287 172
1673777287 172
1673777287 185
1673777287 137
1673777287 197
1673777287 197
1673777287 126
1673777287 140
1673777288 107
1673777288 152
1673777288 111
1673777289 159
1673777289 200
1673777289 146
1673777289 165
1673777289 169
1673777289 142
1673777290 197
1673777290 159
1673777290 184
1673777290 127
1673777290 102
1673777291 111
1673777291 107
1673777291 131
1673777291 126
1673777291 103
1673777292 164
1673777292 167
1673777292 139
1673777292 109
1673777293 104
1673777294 148
1673777295 159
1673777295 110
1673777296 128
1673777296 142
1673777297 116
1673777297 183
1673777297 192
1673777298 140
1673777298 106
1673777299 189
1673777299 170
1673777299 137
1673777301 156
1673777301 161
1673777302 140
1673777304 193
1673777304 164
1673777304 111
1673777304 110
1673777304 119
1673777305 108
1673777305 159
1673777306 168
1673777306 157
1673777306 165
1673777306 176
1673777306 188
1673777307 132
1673777307 181
1673777307 108
1673777307 110
1673777307 135
1673777307 105
1673777308 160
1673777308 140
1673777308 129
1673777309 163
1673777309 189
1673777309 179
1673777310 133
1673777310 173
1673777310 113
1673777310 134
1673777310 141
1673777313 193
1673777314 128
1673777314 144
1673777314 190
1673777314 182
1673777314 154
1673777314 131
1673777315 129
1673777316 118
1673777316 115
1673777316 183
1673777317 101
1673777317 129
1673777317 200
1673777317 102
1673777318 117
1673777318 138
1673777319 147
1673777320 110
1673777320 167
1673777321 110
1673777321 109
1673777322 102
1673777322 180
1673777322 181
1673777322 123
1673777322 192
1673777323 105
1673777323 168
1673777323 102
1673777323 101
1673777324 193
1673777324 165
1673777325 136
1673777325 117
1673777325 118
1673777325 154
1673777326 153
1673777326 141
1673777326 180
1673777328 195
1673777328 133
1673777329 120
1673777329 104
1673777330 162
1673777330 153
1673777331 185
1673777331 154
1673777332 125
1673777332 185
1673777332 165
1673777333 139
1673777333 123
1673777333 103
1673777333 198
1673777334 199
1673777335 177
1673777335 122
1673777338 171
1673777339 105
1673777339 188
1673777339 143
1673777339 161
1673777340 169
1673777340 161
1673777340 162
1673777340 132
1673777340 125
1673777341 198
1673777341 145
1673777341 177
1673777342 182
1673777342 117
1673777342 159
1673777342 132
1673777342 123
1673777343 155
1673777343 129
1673777343 136
1673777344 171
1673777344 121
1673777344 163
1673777345 162
1673777346 124
1673777346 118
1673777346 168
1673777346 165
1673777347 149
1673777360 120
1673777361 190
1673777361 178
1673777361 191
1673777362 102
1673777362 191
1673777363 187
1673777363 102
1673777364 154
1673777364 146
1673777365 170
1673777365 135
1673777365 127
1673777366 138
1673777366 195
1673777366 114
1673777366 107
1673777366 198
1673777367 134
1673777367 176
1673777368 169
1673777368 198
1673777368 135
1673777369 184
1673777370 119
1673777370 157
1673777370 117
1673777370 198
1673777371 173
1673777371 125
1673777371 149
1673777372 163
1673777372 170
1673777372 194
1673777372 177
1673777373 194
1673777373 103
1673777373 155
1673777374 186
1673777374 128
1673777374 186
1673777374 161
1673777374 129
1673777375 129
1673777375 111
1673777375 165
1673777375 133
1673777375 174
1673777375 101
1673777376 186
1673777376 195
1673777376 193
1673777376 160
1673777376 162
1673777377 161
1673777377 138
1673777378 174
1673777378 151
1673777378 178
1673777378 199
1673777379 160
1673777380 154
1673777380 167
1673777380 162
1673777381 152
1673777381 130
1673777381 149
1673777382 168
1673777382 146
1673777382 163
1673777382 135
1673777383 171
1673777383 102
1673777384 186
1673777384 171
1673777384 126
1673777384 151
1673777385 117
1673777385 127
1673777385 154
1673777386 149
1673777386 151
1673777386 120
1673777386 165
1673777387 120
1673777387 116
1673777387 197
1673777387 163
1673777388 164
1673777388 167
1673777388 137
1673777389 130
1673777389 145
1673777389 152
1673777390 144
1673777390 128
1673777390 165
1673777391 116
1673777391 152
1673777392 103
1673777393 178
1673777393 129
1673777393 156
1673777394 101
1673777394 127
1673777394 187
1673777396 153
1673777397 171
1673777398 196
1673777399 175
1673777399 200
1673777399 141
1673777399 117
1673777400 115
1673777400 188
1673777400 127
1673777400 191
1673777400 193
1673777401 179
1673777401 119
1673777401 197
1673777402 145
1673777403 199
1673777403 194
1673777403 193
1673777404 148
1673777404 189
1673777404 155
1673777404 123
1673777404 153
1673777404 103
1673777406 159
1673777406 123
1673777408 192
1673777408 176
1673777409 189
1673777409 159
1673777409 119
1673777409 194
1673777409 179
1673777410 101
1673777410 179
1673777410 102
1673777410 103
1673777410 154
1673777410 101
1673777410 188
1673777411 156
1673777411 182
1673777412 122
1673777412 115
1673777412 184
1673777412 143
1673777412 133
1673777413 112
1673777413 165
1673777413 181
1673777413 114
1673777414 138
1673777414 174
1673777414 107
1673777414 197
1673777414 148
1673777414 145
1673777414 133
1673777415 105
1673777415 170
1673777415 124
1673777416 191
1673777416 193
1673777416 152
1673777417 173
1673777417 158
1673777417 198
1673777418 199
1673777418 128
1673777418 103
1673777418 137
1673777419 173
1673777419 181
1673777420 106
1673777420 161
1673777420 166
1673777421 196
1673777421 108
1673777421 102
1673777421 198
1673777422 150
1673777422 179
1673777422 146
1673777422 121
1673777423 149
1673777423 167
1673777423 143
1673777425 176
1673777425 113
1673777425 133
1673777425 119
1673777426 118
1673777427 142
1673777427 138
1673777427 138
1673777427 158
1673777427 189
1673777428 128
1673777429 180
1673777429 136
1673777430 140
1673777430 146
1673777430 135
1673777430 165
1673777431 129
1673777431 194
1673777432 103
1673777432 195
1673777432 195
1673777432 159
1673777433 121
1673777433 161
1673777433 140
1673777433 117
1673777434 121
1673777434 147
1673777434 152
1673777434 110
1673777435 168
1673777435 143
1673777435 176
1673777435 153
1673777436 194
1673777436 119
1673777437 120
1673777438 158
1673777439 168
1673777439 164
1673777439 108
1673777440 115
1673777440 176
1673777440 160
1673777441 128
1673777441 152
1673777442 185
1673777443 121
1673777443 186
1673777443 130
1673777444 176
1673777444 108
1673777445 159
1673777445 121
1673777445 161
1673777445 141
1673777446 142
1673777447 117
1673777447 174
1673777448 172
1673777448 194
1673777449 156
1673777449 134
1673777450 149
1673777450 194
1673777451 188
1673777451 154
1673777452 157
1673777453 117
1673777453 112
1673777453 156
1673777454 139
1673777454 188
1673777454 166
1673777454 149
1673777455 133
1673777456 104
1673777457 156
1673777457 112
1673777457 135
1673777457 112
1673777457 179
1673777457 115
1673777458 168
1673777458 131
1673777459 157
1673777459 180
1673777459 188
1673777459 153
1673777459 149
1673777459 126
1673777460 168
1673777460 159
1673777460 137
1673777461 115
1673777461 145
1673777461 195
1673777461 184
1673777462 148
1673777463 133
1673777463 128
1673777464 131
1673777464 147
1673777464 113
1673777464 194
1673777464 175
1673777464 151
1673777464 144
1673777465 156
1673777465 162
1673777466 157
1673777466 194
1673777466 182
1673777466 145
1673777466 197
1673777467 122
1673777467 123
1673777467 116
1673777468 104
1673777469 164
1673777469 137
1673777469 164
1673777470 137
1673777470 169
1673777470 149
1673777470 195
1673777470 114
1673777471 108
1673777471 160
1673777471 169
1673777473 139
1673777473 153
1673777473 118
1673777473 139
1673777474 140
1673777474 103
1673777474 135
1673777475 127
1673777475 149
1673777476 106
1673777476 168
1673777477 200
1673777477 196
1673777478 152
1673777478 185
1673777478 186
1673777478 193
1673777478 167
1673777480 168
1673777480 135
1673777480 175
1673777480 194
1673777481 190
1673777481 126
1673777481 132
1673777481 162
1673777481 105
1673777482 101
1673777482 127
1673777482 179
1673777482 153
1673777482 102
1673777483 171
1673777483 180
1673777483 118
1673777484 118
1673777484 173
1673777484 155
1673777485 151
1673777485 121
1673777486 167
1673777486 132
1673777486 173
1673777486 167
1673777486 113
1673777487 168
1673777487 162
1673777487 179
1673777487 138
1673777488 145
1673777488 191
1673777488 110
1673777489 188
1673777489 181
1673777489 164
1673777489 166
1673777489 148
1673777490 177
1673777491 198
1673777491 194
1673777492 121
1673777492 181
1673777492 101
1673777493 172
1673777493 106
1673777493 117
1673777494 151
1673777494 114
1673777494 133
1673777495 139
1673777495 158
1673777495 110
1673777496 194
1673777497 148
1673777498 121
1673777498 170
1673777498 165
1673777499 128
1673777499 111
1673777499 179
1673777499 158
1673777499 109
1673777499 111
1673777499 147
1673777500 176
1673777500 138
1673777500 126
1673777500 135
1673777502 125
1673777502 141
1673777502 172
1673777503 129
1673777503 123
1673777503 197
1673777503 151
1673777504 154
1673777504 168
1673777504 174
1673777505 132
1673777505 140
1673777505 111
1673777506 151
1673777506 126
1673777507 198
1673777507 184
1673777508 108
1673777509 126
1673777509 196
1673777509 148
1673777509 124
1673777510 149
1673777510 174
1673777510 187
1673777510 101
1673777510 167
1673777511 178
1673777512 142
1673777512 106
1673777512 179
1673777513 109
1673777513 194
1673777514 103
1673777514 116
1673777515 184
1673777515 154
1673777516 170
1673777516 102
1673777517 186
1673777517 124
1673777517 197
1673777517 189
1673777518 120
1673777518 200
1673777518 117
1673777518 142
1673777518 145
1673777518 120
1673777519 180
1673777520 126
1673777520 149
1673777520 105
1673777521 147
1673777522 119
1673777522 166
1673777523 151
1673777523 142
1673777524 159
1673777525 175
1673777525 178
1673777525 150
1673777525 140
1673777525 118
1673777525 136
1673777526 189
1673777526 105
1673777526 160
1673777526 124
1673777526 169
1673777527 191
1673777527 167
1673777528 155
1673777529 140
1673777529 178
1673777530 139
1673777530 167
1673777530 169
1673777530 144
1673777530 158
1673777531 107
1673777531 103
1673777532 149
1673777532 159
1673777532 189
1673777533 155
1673777535 120
1673777535 119
1673777535 155
1673777535 149
1673777535 117
1673777536 112
1673777536 101
1673777537 184
1673777538 156
1673777538 158
1673777538 133
1673777538 140
1673777538 121
1673777539 193
1673777539 199
1673777541 153
1673777541 182
1673777542 169
1673777542 159
1673777543 126
1673777543 187
1673777543 140
1673777544 105
1673777544 163
1673777544 113
1673777545 115
1673777545 163
1673777545 108
1673777546 188
1673777547 123
1673777547 158
1673777547 126
1673777548 178
1673777548 176
1673777548 190
1673777548 118
1673777549 169
1673777549 101
1673777549 137
1673777550 143
1673777550 125
1673777550 171
1673777551 156
1673777551 126
1673777552 102
1673777552 187
1673777552 181
1673777553 137
1673777553 145
1673777554 110
1673777554 147
1673777554 168
1673777555 114
1673777556 102
1673777556 126
1673777556 129
1673777557 132
1673777557 191
1673777557 182
1673777557 187
1673777558 154
1673777558 134
1673777559 120
1673777559 125
1673777560 173
1673777560 176
1673777560 134
1673777560 170
1673777561 133
1673777561 151
1673777561 118
1673777561 118
1673777562 128
1673777562 137
1673777563 126
1673777563 188
1673777564 174
1673777564 104
1673777564 114
1673777564 186
1673777565 190
1673777565 164
1673777565 150
1673777565 192
1673777565 157
1673777566 119
1673777566 106
1673777567 153
1673777567 133
1673777568 194
1673777568 137
1673777568 189
1673777568 178
1673777570 186
1673777570 158
1673777570 115
1673777570 114
1673777571 106
1673777571 140
1673777571 107
1673777571 116
1673777571 173
1673777571 142
1673777572 133
1673777572 141
1673777573 153
1673777573 148
1673777574 186
1673777574 115
1673777574 183
1673777575 156
1673777575 168
1673777575 196
1673777576 138
1673777576 188
1673777576 187
1673777576 128
1673777576 153
1673777576 136
1673777577 200
1673777577 135
1673777577 190
1673777577 145
1673777577 153
1673777577 187
1673777578 104
1673777578 153
1673777578 177
1673777579 126
1673777579 103
1673777579 163
1673777579 170
1673777579 117
1673777580 166
1673777580 142
1673777580 163
1673777581 117
1673777581 118
1673777581 159
1673777581 130
1673777582 114
1673777582 108
1673777582 177
1673777583 168
1673777584 110
1673777584 145
1673777584 164
1673777584 132
1673777585 102
1673777585 124
1673777586 192
1673777586 192
1673777586 103
1673777586 111
1673777587 119
1673777587 180
1673777587 102
1673777588 189
1673777588 136
1673777588 109
1673777590 171
1673777590 108
1673777590 118
1673777591 151
1673777591 191
1673777591 125
1673777591 157
1673777591 153
1673777592 186
1673777593 149
1673777594 192
1673777594 121
1673777595 150
1673777595 190
1673777595 167
1673777595 160
1673777595 196
1673777595 190
1673777596 158
1673777596 134
1673777596 175
1673777596 169
1673777597 142
1673777597 136
1673777598 112
1673777598 186
1673777598 108
1673777598 150
1673777598 133
1673777598 149
1673777598 101
1673777599 178
1673777599 191
1673777599 101
1673777600 140
1673777600 190
1673777600 176
1673777600 132
1673777601 114
1673777601 106
1673777601 124
1673777601 140
1673777601 140
1673777601 174
1673777601 148
1673777602 188
1673777603 161
1673777603 103
1673777604 145
1673777605 153
1673777605 157
1673777605 187
1673777605 101
1673777605 119
1673777606 190
1673777606 182
1673777606 121
1673777606 154
1673777607 199
1673777607 198
1673777607 137
1673777608 154
1673777609 200
1673777609 179
1673777609 197
1673777609 150
1673777610 125
1673777610 193
1673777611 167
1673777611 128
1673777612 157
1673777612 168
1673777613 170
1673777613 125
1673777614 117
1673777614 120
1673777614 194
1673777615 177
1673777615 191
1673777615 188
1673777615 169
1673777616 148
1673777616 129
1673777616 190
1673777617 103
1673777617 114
1673777617 161
1673777617 199
1673777618 141
1673777618 133
1673777618 124
1673777619 139
1673777619 186
1673777619 158
1673777619 139
1673777619 127
1673777619 174
1673777620 132
1673777620 110
1673777620 183
1673777620 126
1673777621 172
1673777621 181
1673777621 171
1673777621 199
1673777621 144
1673777622 158
1673777622 119
1673777622 124
1673777622 194
1673777622 161
1673777622 160
1673777623 109
1673777623 146
1673777623 186
1673777623 174
1673777624 198
1673777624 200
1673777625 186
1673777625 180
1673777625 121
1673777626 114
1673777626 176
1673777626 185
1673777626 194
1673777626 139
1673777627 168
1673777627 144
1673777628 172
1673777628 147
1673777628 144
1673777628 138
1673777628 109
1673777628 181
1673777628 195
1673777629 150
1673777629 168
1673777630 115
1673777630 193
1673777630 101
1673777630 150
1673777631 140
1673777631 140
1673777632 191
1673777633 178
1673777633 195
1673777634 134
1673777634 150
1673777635 179
1673777635 143
1673777635 140
1673777636 109
1673777637 184
1673777637 146
1673777638 152
1673777638 169
1673777638 196
1673777638 186
1673777639 172
1673777639 152
1673777639 143
1673777640 153
1673777640 170
1673777640 177
1673777641 148
1673777642 109
1673777642 105
1673777643 196
1673777643 144
1673777643 197
1673777645 109
1673777646 125
1673777646 165
1673777646 134
1673777646 168
1673777648 149
1673777648 160
1673777651 149
1673777652 109
1673777652 140
1673777657 168
1673777657 175
1673777660 126
1673777660 186
1673777662 197
1673777662 199
1673777665 131
1673777665 157
1673777665 139
1673777669 186
1673777670 114
1673777670 144
1673777670 161
1673777670 156
1673777671 194
1673777671 158
1673777672 108
1673777672 187
1673777673 109
1673777674 158
1673777674 113
1673777674 184
1673777675 123
1673777675 174
1673777677 130
1673777677 110
1673777677 155
1673777677 159
1673777677 178
1673777678 118
1673777678 172
1673777678 136
1673777679 112
1673777679 158
1673777681 182
1673777681 135
1673777682 186
1673777682 114
1673777683 178
1673777683 144
1673777684 149
1673777684 176
1673777685 148
1673777686 175
1673777687 147
1673777688 177
1673777688 145
1673777688 101
1673777688 132
1673777689 180
1673777689 104
1673777689 122
1673777689 149
1673777689 161
1673777690 197
1673777691 162
1673777691 128
1673777691 188
1673777693 152
1673777693 166
1673777694 109
1673777694 144
1673777694 182
1673777694 198
1673777694 135
1673777695 164
1673777695 135
1673777695 128
1673777696 155
1673777696 113
1673777697 190
1673777697 190
1673777698 137
1673777698 163
1673777700 173
1673777700 160
1673777701 130
1673777701 112
1673777701 186
1673777702 194
1673777703 149
1673777703 135
1673777704 121
1673777704 165
1673777704 102
1673777705 132
1673777705 146
1673777705 125
1673777706 163
1673777707 145
1673777708 197
1673777709 106
1673777716 117
1673777718 131
1673777718 190
1673777719 180
1673777719 156
1673777719 164
1673777721 138
1673777721 150
1673777721 123
1673777722 161
1673777722 177
1673777722 189
1673777723 134
1673777723 120
1673777723 151
1673777723 184
1673777723 179
1673777723 123
1673777724 152
1673777724 135
1673777724 141
1673777725 174
1673777726 116
1673777726 114
1673777726 200
1673777727 110
1673777727 188
1673777728 199
1673777728 170
1673777728 160
1673777729 162
1673777729 103
1673777730 195
1673777730 105
1673777730 106
1673777731 185
1673777731 173
1673777731 140
1673777732 200
1673777732 169
1673777732 117
1673777732 151
1673777733 132
1673777733 176
1673777734 128
1673777734 120
1673777735 196
1673777735 130
1673777735 104
1673777736 118
1673777736 109
1673777736 159
1673777736 138
1673777736 174
1673777736 130
1673777737 110
1673777737 185
1673777737 179
1673777738 191
1673777738 159
1673777738 160
1673777738 140
1673777738 166
1673777738 192
1673777739 200
1673777739 179
1673777739 157
1673777740 152
1673777740 193
1673777740 113
1673777741 134
1673777742 182
1673777742 200
1673777742 119
1673777742 173
1673777742 136
1673777742 151
1673777743 162
1673777743 170
1673777743 126
1673777743 135
1673777744 199
1673777744 107
1673777744 180
1673777744 103
1673777745 132
1673777745 175
1673777747 162
1673777747 139
1673777747 170
1673777747 163
1673777747 162
1673777748 138
1673777748 123
1673777749 172
1673777750 194
1673777750 144
1673777750 172
1673777750 154
1673777751 155
1673777751 119
1673777751 195
1673777751 142
1673777751 144
1673777752 195
1673777752 188
1673777753 147
1673777753 121
1673777754 187
1673777754 123
1673777754 102
1673777755 136
1673777755 126
1673777755 198
1673777755 174
1673777756 105
1673777756 104
1673777756 182
1673777757 176
1673777757 176
1673777757 121
1673777757 143
1673777757 167
1673777757 164
1673777758 144
1673777758 159
1673777758 181
1673777759 150
1673777759 168
1673777760 141
1673777760 153
1673777760 195
1673777761 135
1673777761 174
1673777761 132
1673777761 157
1673777761 135
1673777761 155
1673777762 101
1673777763 166
1673777763 142
1673777766 161
1673777767 156
1673777775 144
1673777775 171
1673777775 172
1673777776 170
1673777776 134
1673777776 136
1673777777 167
1673777778 172
1673777778 123
1673777778 167
1673777778 186
1673777782 160
1673777782 124
1673777783 118
1673777783 173
1673777783 187
1673777785 174
1673777785 141
1673777786 127
1673777788 142
1673777791 103
1673777791 101
1673777795 174
1673777795 135
1673777795 147
1673777800 142
1673777802 115
1673777802 155
1673777802 105
1673777804 129
1673777805 174
1673777805 151
1673777807 163
1673777808 153
1673777808 110
1673777808 160
1673777810 156
1673777810 148
1673777811 156
1673777812 163
1673777812 147
1673777814 109
1673777814 123
1673777815 166
1673777815 175
1673777815 115
1673777818 121
1673777819 188
1673777820 113
1673777820 132
1673777822 146
1673777827 167
1673777827 138
1673777832 121
1673777833 190
1673777834 126
1673777836 115
1673777837 187
1673777837 120
1673777845 198
1673777846 104
1673777847 175
1673777848 115
1673777848 113
1673777850 163
1673777851 169
1673777854 197
1673777856 149
1673777857 117
1673777857 121
1673777857 121
1673777857 103
1673777859 102
1673777860 174
1673777861 160
1673777861 174
1673777867 145
1673777867 147
1673777867 118
1673777868 154
1673777869 104
1673777871 119
1673777871 128
1673777873 110
1673777873 186
1673777873 107
1673777873 126
1673777874 120
1673777875 109
1673777875 198
1673777875 183
1673777881 135
1673777886 179
1673777905 175
1673777906 163
1673777909 199
1673777909 122
1673777909 180
1673777910 120
1673777911 121
1673777913 160
1673777913 174
1673777913 111
1673777914 147
1673777914 172
1673777915 142
1673777915 130
1673777915 164
1673777916 199
1673777916 136
1673777920 118
1673777920 127
1673777920 191
1673777920 198
1673777920 127
1673777921 198
1673777925 116
1673777925 135
1673777925 152
1673777927 118
1673777927 178
1673777927 131
1673777928 173
1673777930 105
1673777932 199
1673777933 142
1673777933 182
1673777933 151
1673777934 182
1673777936 197
1673777936 175
1673777937 128
1673777937 136
1673777937 186
1673777938 187
1673777938 106
1673777940 196
1673777943 192
1673777943 172
1673777943 156
1673777944 145
1673777945 141
1673777946 185
1673777946 128
1673777946 170
1673777946 191
1673777947 188
1673777948 189
1673777948 135
1673777950 154
1673777953 169
1673777953 172
1673777953 131
1673777954 165
1673777957 189
1673777957 183
1673777957 137
1673777957 174
1673777958 126
1673777960 199
1673777961 116
1673777962 180
1673777962 149
1673777963 106
1673777963 164
1673777964 183
1673777964 183
1673777965 153
1673777965 112
1673777965 134
1673777967 120
1673777968 160
1673777968 162
1673777968 131
1673777969 155
1673777969 154
1673777969 118
1673777971 178
1673777971 157
1673777972 161
1673777972 129
1673777973 184
1673777973 175
1673777973 157
1673777973 107
1673777974 112
1673777978 113
1673777978 182
1673777981 193
1673777981 174
1673777983 178
1673777984 187
1673777985 153
1673777985 192
1673777985 111
1673777986 147
1673777986 136
1673777986 103
1673777986 148
1673777987 165
1673777987 138
1673777987 150
1673777987 180
1673777990 141
1673777996 156
1673777996 158
1673777996 119
1673777999 162
1673778001 154
1673778001 172
1673778002 124
1673778002 168
1673778004 130
1673778005 179
1673778006 161
1673778007 127
1673778010 131
1673778010 174
1673778010 178
1673778012 105
1673778012 149
1673778012 194
1673778012 105
1673778013 125
1673778014 171
1673778016 137
1673778016 167
1673778016 174
1673778016 176
1673778017 113
1673778017 135
1673778017 147
1673778017 163
1673778018 135
1673778018 129
1673778018 128
1673778018 103
1673778018 183
1673778024 125
1673778027 151
1673778030 106
1673778030 162
1673778034 116
1673778037 172
1673778038 128
1673778038 122
1673778043 198
1673778049 157
1673778050 187
1673778050 144
1673778056 169
1673778057 155
1673778057 146
1673778057 166
1673778063 122
1673778063 149
1673778064 170
1673778064 179
1673778064 172
1673778064 165
1673778065 138
1673778067 163
1673778067 181
1673778067 112
1673778070 155
1673778070 128
1673778071 192
1673778071 157
1673778071 132
1673778076 162
1673778080 167
1673778082 187
1673778083 108
1673778084 145
1673778084 139
1673778084 197
1673778084 153
1673778094 103
1673778094 188
1673778095 130
1673778099 159
1673778099 193
1673778102 180
1673778105 117
1673778109 132
1673778120 137
1673778120 117
1673778123 126
1673778123 106
1673778127 172
1673778127 182
1673778127 150
1673778127 131
1673778128 125
1673778129 113
1673778129 193
1673778130 133
1673778130 142
1673778130 174
1673778130 116
1673778133 171
1673778133 181
1673778133 151
1673778134 132
1673778138 105
1673778139 196
1673778143 117
1673778144 166
1673778147 196
1673778147 144
1673778147 160
1673778154 122
1673778157 105
1673778157 163
1673778159 104
1673778160 168
1673778161 138
1673778161 200
1673778161 196
1673778163 191
1673778164 144
1673778165 164
1673778167 114
1673778167 158
1673778176 172
1673778176 134
1673778176 151
1673778177 108
1673778177 189
1673778180 152
1673778188 129
1673778188 188
1673778190 150
1673778190 180
1673778193 195
1673778194 181
1673778195 170
1673778196 175
1673778196 101
1673778196 110
1673778197 114
1673778197 111
1673778197 195
1673778197 193
1673778198 175
1673778199 174
1673778199 192
1673778200 176
1673778201 173
1673778203 151
1673778206 184
1673778207 175
1673778207 165
1673778208 181
1673778208 113
1673778208 144
1673778209 172
1673778211 103
1673778211 144
1673778213 183
1673778215 182
1673778216 106
1673778216 149
1673778217 145
1673778217 170
1673778217 128
1673778217 116
1673778217 123
1673778218 175
1673778219 184
1673778219 158
1673778219 175
1673778221 138
1673778221 123
1673778222 121
1673778222 178
1673778223 191
1673778223 128
1673778223 139
1673778224 120
1673778224 117
1673778224 172
1673778224 174
1673778224 200
1673778225 122
1673778225 115
1673778225 150
1673778226 101
1673778227 135
1673778227 179
1673778227 160
1673778227 116
1673778227 151
1673778228 160
1673778228 160
1673778228 180
1673778228 178
1673778229 198
1673778229 170
1673778229 138
1673778230 101
1673778231 111
1673778232 169
1673778233 192
1673778233 187
1673778234 200
1673778235 158
1673778235 194
1673778237 121
1673778237 110
1673778237 127
1673778238 195
1673778238 150
1673778238 187
1673778238 147
1673778238 112
1673778239 134
1673778239 137
1673778239 105
1673778240 107
1673778240 119
1673778240 129
1673778241 125
1673778241 162
1673778242 187
1673778242 151
1673778244 190
1673778244 109
1673778244 175
1673778244 106
1673778244 196
1673778244 115
1673778245 165
1673778245 176
1673778245 133
1673778246 184
1673778246 192
1673778246 174
1673778246 159
1673778246 123
1673778247 150
1673778247 131
1673778247 179
1673778247 134
1673778247 106
1673778247 168
1673778248 181
1673778248 146
1673778248 133
1673778248 158
1673778249 125
1673778249 189
1673778250 120
1673778250 180
1673778250 195
1673778251 175
1673778251 111
1673778251 140
1673778252 136
1673778252 126
1673778252 118
1673778252 163
1673778253 136
1673778253 106
1673778253 148
1673778253 177
1673778253 186
1673778255 199
1673778255 170
1673778255 197
1673778256 113
1673778256 134
1673778256 136
1673778257 115
1673778258 112
1673778258 172
1673778258 157
1673778259 157
1673778259 142
1673778259 142
1673778260 140
1673778260 144
1673778261 122
1673778261 176
1673778261 197
1673778262 180
1673778262 134
1673778262 132
1673778262 112
1673778262 154
1673778263 189
1673778263 148
1673778263 158
1673778264 145
1673778265 132
1673778265 148
1673778265 148
1673778265 191
1673778265 101
1673778267 113
1673778267 144
1673778268 129
1673778268 150
1673778269 196
1673778269 146
1673778269 142
1673778269 183
1673778271 109
1673778271 186
1673778271 196
1673778271 172
1673778271 144
1673778271 105
1673778271 128
1673778272 134
1673778272 186
1673778273 105
1673778273 134
1673778273 172
1673778273 146
1673778273 139
1673778273 173
1673778273 133
1673778274 177
1673778275 158
1673778275 177
1673778275 156
1673778275 136
1673778275 105
1673778276 175
1673778276 102
1673778276 200
1673778276 134
1673778277 144
1673778277 114
1673778277 148
1673778277 167
1673778277 138
1673778277 166
1673778278 113
1673778278 150
1673778278 126
1673778278 169
1673778279 178
1673778280 133
1673778280 177
1673778280 147
1673778280 166
1673778280 142
1673778281 173
1673778281 167
1673778281 185
1673778282 170
1673778282 163
1673778282 141
1673778283 154
1673778283 151
1673778283 172
1673778284 170
1673778284 190
1673778284 171
1673778285 127
1673778285 121
1673778285 146
1673778286 146
1673778286 171
1673778287 150
1673778287 151
1673778287 127
1673778287 192
1673778288 127
1673778288 168
1673778288 149
1673778289 146
1673778289 104
1673778289 128
1673778289 163
1673778290 195
1673778291 161
1673778292 124
1673778292 182
1673778292 117
1673778292 177
1673778293 184
1673778293 194
1673778294 199
1673778294 130
1673778294 121
1673778294 197
1673778294 138
1673778294 150
1673778295 196
1673778295 171
1673778295 160
1673778295 198
1673778295 106
1673778295 128
1673778296 148
1673778296 101
1673778296 133
1673778297 160
1673778297 137
1673778299 173
1673778299 108
1673778299 101
1673778300 193
1673778300 133
1673778300 111
1673778300 191
1673778301 157
1673778302 185
1673778302 163
1673778302 182
1673778302 142
1673778302 182
1673778302 126
1673778303 170
1673778303 152
1673778303 108
1673778304 178
1673778304 140
1673778304 181
1673778304 148
1673778305 106
1673778306 121
1673778306 149
1673778306 122
1673778306 197
1673778307 195
1673778308 118
1673778309 179
1673778310 103
1673778310 155
1673778311 109
1673778311 183
1673778311 102
1673778311 104
1673778311 138
1673778312 200
1673778312 126
1673778313 136
1673778313 178
1673778313 141
1673778313 167
1673778314 141
1673778314 173
1673778314 188
1673778315 173
1673778315 169
1673778315 134
1673778316 180
1673778316 155
1673778316 130
1673778316 196
1673778316 169
1673778317 130
1673778317 200
1673778317 134
1673778319 184
1673778319 110
1673778320 161
1673778320 178
1673778321 143
1673778321 159
1673778321 120
1673778321 127
1673778321 160
1673778322 186
1673778322 135
1673778322 196
1673778322 151
1673778322 123
1673778322 165
1673778323 115
1673778323 194
1673778324 199
1673778324 165
1673778324 199
1673778324 135
1673778325 125
1673778326 179
1673778326 167
1673778326 147
1673778326 143
1673778327 112
1673778327 173
1673778327 184
1673778327 182
1673778328 180
1673778328 141
1673778328 181
1673778328 110
1673778329 103
1673778329 125
1673778329 127
1673778329 194
1673778329 109
1673778330 124
1673778330 139
1673778330 101
1673778331 125
1673778331 157
1673778332 137
1673778332 188
1673778332 131
1673778333 138
1673778333 111
1673778333 114
1673778334 197
1673778334 177
1673778334 138
1673778334 111
1673778335 189
1673778335 200
1673778336 191
1673778336 122
1673778337 135
1673778337 113
1673778337 153
1673778337 177
1673778338 104
1673778338 126
1673778338 117
1673778341 168
1673778341 146
1673778341 151
1673778341 104
1673778342 110
1673778342 122
1673778342 162
1673778343 191
1673778343 184
1673778343 166
1673778344 139
1673778344 173
1673778344 120
1673778344 154
1673778345 145
1673778345 190
1673778345 198
1673778345 105
1673778346 128
1673778346 112
1673778346 116
1673778347 110
1673778347 197
1673778348 176
1673778350 102
1673778351 152
1673778351 167
1673778351 124
1673778351 156
1673778352 171
1673778352 112
1673778353 127
1673778353 142
1673778353 129
1673778354 172
1673778354 198
1673778354 197
1673778355 107
1673778355 187
1673778355 142
1673778356 167
1673778356 154
1673778356 175
1673778357 139
1673778357 127
1673778357 130
1673778357 188
1673778358 153
1673778358 146
1673778358 177
1673778359 200
1673778360 181
1673778361 172
1673778361 137
1673778361 169
1673778363 107
1673778363 164
1673778363 170
1673778363 103
1673778364 191
1673778364 152
1673778364 129
1673778364 149
1673778364 184
1673778366 117
1673778366 126
1673778366 115
1673778366 170
1673778367 110
1673778367 156
1673778367 187
1673778367 132
1673778368 129
1673778368 149
1673778368 121
1673778368 143
1673778369 188
1673778369 188
1673778370 197
1673778371 126
1673778371 109
1673778373 118
1673778373 188
1673778374 172
1673778374 156
1673778374 105
1673778374 157
1673778375 165
1673778375 109
1673778376 165
1673778376 183
1673778377 104
1673778377 114
1673778377 185
1673778378 149
1673778378 172
1673778379 192
1673778379 148
1673778379 122
1673778380 196
1673778380 169
1673778381 186
1673778381 135
1673778381 107
1673778381 159
1673778383 194
1673778383 134
1673778383 112
1673778383 148
1673778383 182
1673778383 135
1673778384 158
1673778384 108
1673778384 106
1673778384 127
1673778384 163
1673778384 123
1673778384 122
1673778385 192
1673778385 182
1673778386 169
1673778387 139
1673778387 159
1673778387 169
1673778387 136
1673778387 154
1673778388 129
1673778388 136
1673778389 190
1673778389 196
1673778389 136
1673778390 190
1673778390 132
1673778390 184
1673778391 116
1673778391 140
1673778391 125
1673778391 115
1673778391 162
1673778391 161
1673778392 115
1673778392 171
1673778392 136
1673778392 187
1673778393 187
1673778394 118
1673778394 149
1673778394 129
1673778394 162
1673778394 169
1673778395 133
1673778395 130
1673778395 123
1673778395 178
1673778396 107
1673778396 180
1673778397 168
1673778398 119
1673778398 101
1673778398 124
1673778398 113
1673778398 159
1673778399 168
1673778399 114
1673778399 123
1673778399 191
1673778399 156
1673778400 155
1673778400 118
1673778400 199
1673778400 165
1673778400 133
1673778402 142
1673778402 162
1673778402 140
1673778402 106
1673778402 107
1673778402 152
1673778403 104
1673778403 200
1673778403 177
1673778404 131
1673778404 116
1673778404 148
1673778404 124
1673778404 179
1673778405 149
1673778405 167
1673778405 152
1673778405 164
1673778406 118
1673778406 190
1673778407 108
1673778407 154
1673778407 108
1673778408 153
1673778408 169
1673778408 165
1673778409 197
1673778410 123
1673778410 183
1673778410 103
1673778411 114
1673778411 135
1673778411 103
1673778412 175
1673778412 113
1673778412 198
1673778412 161
1673778413 151
1673778413 165
1673778413 175
1673778413 114
1673778414 114
1673778415 122
1673778415 104
1673778415 182
1673778417 139
1673778417 186
1673778417 140
1673778418 196
1673778419 141
1673778420 169
1673778420 190
1673778420 122
1673778420 184
1673778420 123
1673778421 180
1673778422 172
1673778423 144
1673778423 143
1673778423 103
1673778424 157
1673778424 191
1673778424 115
1673778425 111
1673778425 127
1673778425 114
1673778425 123
1673778425 106
1673778425 128
1673778426 137
1673778426 114
1673778426 117
1673778426 170
1673778428 140
1673778428 187
1673778428 199
1673778428 197
1673778428 178
1673778428 146
1673778428 178
1673778429 142
1673778429 102
1673778430 170
1673778430 130
1673778431 121
1673778432 132
1673778432 115
1673778432 182
1673778434 121
1673778434 121
1673778434 169
1673778434 150
1673778434 166
1673778434 163
1673778434 137
1673778434 159
1673778434 170
1673778434 154
1673778435 110
1673778435 166
1673778435 144
1673778435 178
1673778436 123
1673778437 157
1673778438 122
1673778439 120
1673778439 196
1673778439 188
1673778440 116
1673778440 185
1673778441 170
1673778441 125
1673778442 154
1673778442 180
1673778442 109
1673778443 187
1673778443 115
1673778444 127
1673778444 153
1673778444 144
1673778444 180
1673778445 163
1673778445 193
1673778445 126
1673778446 190
1673778446 105
1673778446 174
1673778446 142
1673778447 179
1673778447 182
1673778447 139
1673778447 144
1673778447 188
1673778448 145
1673778448 171
1673778448 128
1673778448 112
1673778448 140
1673778449 183
1673778449 191
1673778449 180
1673778449 187
1673778450 197
1673778450 117
1673778450 113
1673778451 186
1673778452 133
1673778452 117
1673778452 140
1673778452 133
1673778453 163
1673778454 133
1673778455 179
1673778455 126
1673778455 154
1673778455 146
1673778455 121
1673778455 146
1673778456 196
1673778456 102
1673778456 162
1673778456 191
1673778457 155
1673778457 134
1673778457 187
1673778457 127
1673778459 180
1673778459 111
1673778459 132
1673778459 134
1673778459 184
1673778460 160
1673778460 154
1673778461 197
1673778462 117
1673778462 151
1673778462 164
1673778462 170
1673778463 178
1673778463 169
1673778463 156
1673778464 158
1673778465 159
1673778466 118
1673778466 154
1673778468 174
1673778468 147
1673778468 120
1673778468 194
1673778469 186
1673778470 158
1673778470 143
1673778471 199
1673778472 152
1673778472 115
1673778472 148
1673778472 123
1673778472 140
1673778473 196
1673778473 147
1673778473 154
1673778474 166
1673778474 113
1673778474 183
1673778474 191
1673778474 191
1673778474 173
1673778475 114
1673778475 152
1673778475 198
1673778475 181
1673778475 111
1673778476 159
1673778476 180
1673778477 194
1673778477 124
1673778477 105
1673778479 186
1673778479 187
1673778479 188
1673778479 173
1673778480 182
1673778480 179
1673778480 114
1673778481 189
1673778481 110
1673778482 171
1673778482 153
1673778482 162
1673778482 104
1673778483 192
1673778483 171
1673778483 132
1673778484 170
1673778484 104
1673778484 169
1673778484 175
1673778485 101
1673778485 162
1673778485 197
1673778485 118
1673778485 157
1673778486 104
1673778486 159
1673778486 135
1673778486 195
1673778487 156
1673778487 108
1673778487 188
1673778487 196
1673778487 198
1673778488 105
1673778488 178
1673778488 159
1673778488 140
1673778489 138
1673778490 166
1673778490 109
1673778490 148
1673778490 121
1673778491 108
1673778491 183
1673778491 136
1673778492 102
1673778492 131
1673778492 157
1673778492 139
1673778492 101
1673778492 164
1673778493 124
1673778494 197
1673778495 142
1673778495 132
1673778495 119
1673778495 117
1673778495 174
1673778496 159
1673778496 171
1673778497 131
1673778499 157
1673778499 163
1673778499 172
1673778500 145
1673778501 112
1673778501 178
1673778502 140
1673778502 127
1673778502 109
1673778502 186
1673778502 153
1673778502 138
1673778503 126
1673778503 166
1673778503 184
1673778504 191
1673778504 181
1673778506 171
1673778506 189
1673778506 144
1673778506 146
1673778506 107
1673778508 159
1673778509 146
1673778509 143
1673778509 191
1673778510 162
1673778511 164
1673778511 170
1673778512 135
1673778512 168
1673778512 152
1673778512 115
1673778513 163
1673778513 147
1673778513 200
1673778514 187
1673778514 122
1673778514 194
1673778514 169
1673778515 120
1673778516 160
1673778516 127
1673778516 193
1673778517 173
1673778517 191
1673778518 148
1673778518 145
1673778518 148
1673778519 165
1673778519 174
1673778520 126
1673778520 179
1673778520 190
1673778521 177
1673778521 184
1673778522 111
1673778522 166
1673778522 197
1673778523 165
1673778524 166
1673778524 152
1673778524 139
1673778525 194
1673778525 199
1673778525 181
1673778526 104
1673778526 159
1673778526 101
1673778527 140
1673778527 164
1673778527 127
1673778527 120
1673778528 143
1673778528 120
1673778529 182
1673778529 174
1673778529 110
1673778529 120
1673778530 122
1673778531 187
1673778532 190
1673778532 129
1673778532 162
1673778532 144
1673778533 118
1673778533 159
1673778533 128
1673778534 120
1673778534 130
1673778534 180
1673778534 171
1673778534 119
1673778534 138
1673778535 190
1673778535 171
1673778535 144
1673778535 180
1673778536 105
1673778536 115
1673778536 163
1673778536 161
1673778537 182
1673778537 181
1673778538 103
1673778538 155
1673778538 120
1673778538 127
1673778538 167
1673778539 147
1673778540 124
1673778540 185
1673778540 187
1673778540 164
1673778541 161
1673778541 147
1673778542 162
1673778542 112
1673778542 114
1673778543 122
1673778543 185
1673778543 177
1673778543 108
1673778543 164
1673778544 136
1673778544 146
1673778544 136
1673778544 136
1673778545 131
1673778545 118
1673778546 155
1673778546 172
1673778546 177
1673778546 163
1673778547 168
1673778547 130
1673778548 116
1673778548 101
1673778548 127
1673778548 141
1673778549 172
1673778550 111
1673778550 170
1673778550 117
1673778550 177
1673778550 161
1673778552 160
1673778552 103
1673778552 128
1673778552 182
1673778553 140
1673778554 157
1673778554 156
1673778555 108
1673778555 147
1673778556 185
1673778556 199
1673778556 182
1673778556 123
1673778556 156
1673778557 124
1673778557 105
1673778558 121
1673778558 120
1673778558 165
1673778559 140
1673778559 170
1673778560 140
1673778561 193
1673778561 197
1673778561 171
1673778561 142
1673778561 110
1673778562 152
1673778562 168
1673778563 101
1673778563 141
1673778563 195
1673778563 113
1673778563 112
1673778564 119
1673778564 156
1673778564 165
1673778564 122
1673778564 152
1673778565 176
1673778565 197
1673778565 135
1673778565 172
1673778566 132
1673778566 115
1673778567 178
1673778567 124
1673778567 144
1673778568 154
1673778568 148
1673778568 141
1673778568 198
1673778568 180
1673778568 108
1673778568 180
1673778569 148
1673778569 128
1673778570 128
1673778571 166
1673778571 170
1673778571 159
1673778571 183
1673778572 158
1673778572 148
1673778572 153
1673778572 163
1673778573 151
1673778573 138
1673778573 110
1673778573 127
1673778573 194
1673778574 136
1673778574 144
1673778575 106
1673778575 146
1673778575 141
1673778575 186
1673778576 119
1673778576 165
1673778577 153
1673778577 169
1673778577 155
1673778578 140
1673778578 177
1673778578 118
1673778578 189
1673778579 126
1673778579 125
1673778579 171
1673778579 166
1673778579 104
1673778579 141
1673778579 131
1673778580 183
1673778580 112
1673778580 164
1673778581 105
1673778581 183
1673778582 118
1673778582 128
1673778582 108
1673778582 152
1673778583 164
1673778583 113
1673778583 136
1673778583 199
1673778583 141
1673778585 170
1673778585 127
1673778585 150
1673778586 147
1673778587 133
1673778587 159
1673778587 171
1673778587 137
1673778588 193
1673778588 102
1673778588 147
1673778588 121
1673778588 146
1673778588 132
1673778589 171
1673778590 144
1673778591 109
1673778591 151
1673778591 168
1673778591 143
1673778592 124
1673778593 132
1673778593 165
1673778593 197
1673778593 131
1673778594 122
1673778595 165
1673778595 194
1673778595 194
1673778596 107
1673778596 103
1673778596 167
1673778596 183
1673778597 115
1673778597 164
1673778597 163
1673778597 135
1673778597 119
1673778598 186
1673778598 133
1673778599 141
1673778599 194
1673778599 134
1673778600 117
1673778600 119
1673778600 165
1673778600 144
1673778601 145
1673778601 187
1673778601 107
1673778601 183
1673778603 152
1673778603 117
1673778604 115
1673778604 182
1673778604 129
1673778605 200
1673778605 141
1673778605 139
1673778606 142
1673778606 175
1673778607 116
1673778608 126
1673778609 148
1673778609 170
1673778609 179
1673778610 150
1673778610 183
1673778610 171
1673778611 183
1673778611 110
1673778611 124
1673778611 172
1673778611 104
1673778612 168
1673778612 168
1673778612 171
1673778613 158
1673778614 134
1673778614 157
1673778614 115
1673778614 187
1673778614 172
1673778615 101
1673778616 196
1673778617 143
1673778618 144
1673778618 163
1673778618 175
1673778619 110
1673778619 152
1673778621 101
1673778621 141
1673778621 127
1673778622 105
1673778623 119
1673778623 138
1673778624 162
1673778624 113
1673778624 167
1673778625 123
1673778626 192
1673778627 136
1673778627 126
1673778628 152
1673778629 141
1673778629 154
1673778630 149
1673778631 183
1673778631 154
1673778632 177
1673778632 199
1673778632 187
1673778632 104
1673778632 143
1673778633 165
1673778633 109
1673778633 116
1673778634 132
1673778634 109
1673778634 168
1673778635 131
1673778635 155
1673778635 144
1673778635 164
1673778636 196
1673778637 124
1673778637 167
1673778637 114
1673778637 182
1673778638 188
1673778638 166
1673778638 155
1673778639 130
1673778640 101
1673778640 162
1673778640 135
1673778640 186
1673778641 194
1673778641 140
1673778641 139
1673778641 140
1673778642 114
1673778642 130
1673778642 171
1673778643 110
1673778643 132
1673778644 106
1673778644 156
1673778644 179
1673778645 150
1673778645 181
1673778645 160
1673778645 186
1673778646 169
1673778646 144
1673778646 145
1673778647 150
1673778647 169
1673778647 141
1673778648 124
1673778648 154
1673778649 197
1673778649 154
1673778649 174
1673778650 141
1673778652 196
1673778652 116
1673778654 155
1673778654 139
1673778654 177
1673778656 167
1673778656 140
1673778657 117
1673778657 196
1673778657 127
1673778658 171
1673778658 151
1673778659 112
1673778659 111
1673778659 118
1673778659 143
1673778660 102
1673778660 104
1673778661 121
1673778661 131
1673778661 128
1673778661 171
1673778662 114
1673778662 105
1673778662 194
1673778662 173
1673778662 169
1673778663 136
1673778663 167
1673778663 184
1673778663 191
1673778664 185
1673778664 156
1673778665 171
1673778665 194
1673778665 102
1673778665 104
1673778667 186
1673778667 179
1673778669 175
1673778669 107
1673778669 178
1673778670 170
1673778671 148
1673778671 126
1673778672 195
1673778672 116
1673778672 186
1673778673 115
1673778673 169
1673778674 101
1673778675 148
1673778675 109
1673778676 105
1673778678 151
1673778678 117
1673778678 102
1673778678 196
1673778678 189
1673778678 133
1673778679 168
1673778679 190
1673778680 121
1673778681 153
1673778681 106
1673778681 161
1673778682 126
1673778682 161
1673778683 198
1673778683 146
1673778683 131
1673778683 177
1673778683 171
1673778684 125
1673778685 179
1673778685 192
1673778685 152
1673778686 101
1673778686 105
1673778686 131
1673778687 199
1673778687 123
1673778687 188
1673778688 168
1673778688 183
1673778688 153
1673778688 133
1673778688 180
1673778689 172
1673778689 139
1673778690 141
1673778690 179
1673778691 142
1673778691 112
1673778691 155
1673778692 200
1673778692 172
1673778692 198
1673778692 135
1673778692 155
1673778692 155
1673778692 191
1673778693 184
1673778694 150
1673778694 155
1673778694 187
1673778695 142
1673778695 194
1673778695 106
1673778696 139
1673778696 192
1673778696 113
1673778697 197
1673778697 188
1673778698 191
1673778699 190
1673778700 151
1673778700 186
1673778700 182
1673778701 191
1673778702 105
1673778702 159
1673778703 199
1673778703 124
1673778704 176
1673778704 182
1673778704 169
1673778704 167
1673778704 112
1673778704 197
1673778705 124
1673778705 110
1673778706 170
1673778706 188
1673778707 184
1673778707 120
1673778708 106
1673778708 125
1673778708 152
1673778708 103
1673778709 182
1673778709 175
1673778709 128
1673778709 120
1673778709 124
1673778710 151
1673778711 119
1673778712 155
1673778712 124
1673778712 179
1673778712 143
1673778713 168
1673778713 117
1673778713 186
1673778714 140
1673778715 166
1673778715 129
1673778715 191
1673778716 197
1673778716 164
1673778716 163
1673778716 180
1673778717 115
1673778717 147
1673778718 132
1673778718 175
1673778718 130
1673778719 113
1673778720 118
1673778721 163
1673778721 140
1673778721 164
1673778722 167
1673778722 102
1673778722 196
1673778722 175
1673778724 108
1673778724 148
1673778724 200
1673778725 137
1673778725 160
1673778725 129
1673778725 139
1673778725 135
1673778725 193
1673778725 195
1673778726 140
1673778726 106
1673778726 109
1673778726 114
1673778727 117
1673778727 113
1673778727 126
1673778727 176
1673778727 171
1673778728 159
1673778728 106
1673778728 199
1673778728 101
1673778729 175
1673778730 105
1673778730 132
1673778731 169
1673778731 186
1673778731 143
1673778732 194
1673778733 161
1673778733 119
1673778733 194
1673778733 152
1673778733 154
1673778733 174
1673778734 122
1673778734 104
1673778735 101
1673778735 200
1673778735 169
1673778735 177
1673778735 167
1673778735 179
1673778737 145
1673778737 104
1673778738 142
1673778739 173
1673778739 163
1673778739 183
1673778740 166
1673778740 148
1673778740 164
1673778740 134
1673778740 107
1673778740 170
1673778740 116
1673778741 148
1673778742 146
1673778742 135
1673778742 145
1673778742 199
1673778743 149
1673778744 151
1673778744 194
1673778744 163
1673778745 109
1673778746 104
1673778746 186
1673778746 199
1673778746 102
1673778746 135
1673778747 108
1673778747 118
1673778748 184
1673778748 112
1673778748 160
1673778748 121
1673778748 101
1673778748 133
1673778748 149
1673778748 113
1673778748 195
1673778749 137
1673778749 109
1673778749 197
1673778749 162
1673778750 127
1673778751 102
1673778751 195
1673778751 120
1673778752 187
1673778752 157
1673778753 148
1673778754 105
1673778754 187
1673778754 177
1673778755 112
1673778755 125
1673778755 143
1673778755 113
1673778755 166
1673778756 174
1673778756 196
1673778756 139
1673778757 181
1673778757 119
1673778757 153
1673778758 157
1673778759 105
1673778759 200
1673778759 122
1673778759 112
1673778760 157
1673778760 136
1673778760 106
1673778760 151
1673778761 109
1673778761 145
1673778761 131
1673778761 135
1673778762 187
1673778762 194
1673778763 179
1673778764 127
1673778764 198
1673778765 130
1673778766 133
1673778766 104
1673778766 117
1673778766 139
1673778768 151
1673778768 128
1673778769 161
1673778769 165
1673778770 194
1673778770 180
1673778771 164
1673778771 191
1673778771 146
1673778771 137
1673778771 146
1673778771 166
1673778772 111
1673778772 200
1673778772 155
1673778773 111
1673778774 182
1673778774 113
1673778774 188
1673778775 140
1673778775 166
1673778775 163
1673778775 199
1673778775 155
1673778775 195
1673778775 184
1673778777 132
1673778777 200
1673778778 196
1673778778 184
1673778778 169
1673778779 188
1673778779 135
1673778779 200
1673778779 142
1673778779 118
1673778779 190
1673778780 155
1673778780 167
1673778781 102
1673778782 158
1673778782 194
1673778783 194
1673778783 136
1673778783 132
1673778784 163
1673778785 106
1673778786 130
1673778786 195
1673778786 134
1673778786 142
1673778787 124
1673778787 116
1673778787 131
1673778788 198
1673778788 117
1673778788 175
1673778788 184
1673778788 123
1673778789 160
1673778789 155
1673778789 186
1673778790 185
1673778790 105
1673778790 162
1673778791 147
1673778791 183
1673778792 146
1673778792 120
1673778793 188
1673778794 148
1673778795 109
1673778795 189
1673778795 183
1673778795 154
1673778795 182
1673778796 168
1673778796 115
1673778796 130
1673778796 179
1673778797 142
1673778797 188
1673778797 112
1673778797 127
1673778797 162
1673778798 155
1673778798 137
1673778798 166
1673778798 135
1673778799 128
1673778799 108
1673778799 101
1673778800 159
1673778800 112
1673778800 155
1673778800 173
1673778801 141
1673778801 165
1673778801 119
1673778801 161
1673778801 132
1673778802 176
1673778802 139
1673778803 192
1673778804 193
1673778804 167
1673778804 196
1673778805 111
1673778805 169
1673778805 131
1673778805 187
1673778805 133
1673778805 190
1673778805 161
1673778807 180
1673778807 153
1673778808 181
1673778808 110
1673778808 118
1673778808 178
1673778809 166
1673778809 166
1673778809 134
1673778809 148
1673778809 124
1673778810 126
1673778810 191
1673778812 106
1673778812 134
1673778812 144
1673778812 180
1673778813 125
1673778813 198
1673778815 141
1673778815 135
1673778815 146
1673778815 166
1673778815 175
1673778816 169
1673778816 108
1673778816 104
1673778816 165
1673778817 129
1673778817 123
1673778817 181
1673778819 176
1673778819 165
1673778819 180
1673778819 184
1673778819 127
1673778819 134
1673778819 144
1673778820 123
1673778820 179
1673778821 119
1673778821 160
1673778822 181
1673778822 113
1673778822 189
1673778822 156
1673778822 137
1673778823 185
1673778823 126
1673778823 163
1673778824 148
1673778824 140
1673778824 178
1673778824 180
1673778825 192
1673778825 112
1673778826 114
1673778826 124
1673778827 132
1673778827 139
1673778827 182
1673778827 154
1673778828 178
1673778828 122
1673778828 147
1673778828 108
1673778829 113
1673778829 101
1673778829 105
1673778830 176
1673778831 179
1673778831 188
1673778832 144
1673778832 170
1673778832 149
1673778832 185
1673778832 199
1673778833 162
1673778833 198
1673778833 177
1673778833 122
1673778834 198
1673778834 183
1673778836 158
1673778836 157
1673778838 102
1673778839 174
1673778840 164
1673778841 159
1673778841 165
1673778841 175
1673778841 190
1673778842 135
1673778842 106
1673778843 169
1673778844 144
1673778844 198
1673778845 152
1673778845 161
1673778845 133
1673778845 156
1673778846 151
1673778847 174
1673778847 118
1673778848 157
1673778848 161
1673778848 153
1673778848 115
1673778848 140
1673778849 176
1673778851 114
1673778852 147
1673778852 125
1673778852 131
1673778852 197
1673778852 198
1673778853 144
1673778853 198
1673778854 170
1673778854 186
1673778855 129
1673778855 110
1673778855 143
1673778856 127
1673778856 182
1673778856 182
1673778856 165
1673778857 131
1673778858 165
1673778858 103
1673778859 116
1673778859 197
1673778859 187
1673778859 112
1673778860 183
1673778860 175
1673778860 151
1673778860 131
1673778860 115
1673778860 149
1673778861 166
1673778861 194
1673778862 185
1673778863 147
1673778865 113
1673778865 143
1673778865 160
1673778866 147
1673778867 170
1673778867 130
1673778867 166
1673778867 193
1673778868 138
1673778868 157
1673778869 159
1673778869 124
1673778870 195
1673778870 122
1673778870 178
1673778871 139
1673778871 112
1673778871 128
1673778872 170
1673778872 102
1673778872 147
1673778872 135
1673778872 181
1673778873 118
1673778873 106
1673778874 166
1673778875 199
1673778875 143
1673778876 147
1673778876 121
1673778876 146
1673778876 181
1673778877 185
1673778877 181
1673778877 107
1673778878 164
1673778878 178
1673778878 197
1673778878 173
1673778879 170
1673778879 126
1673778879 130
1673778879 127
1673778880 177
1673778880 134
1673778880 107
1673778880 118
1673778881 149
1673778881 168
1673778882 167
1673778882 196
1673778882 114
1673778882 101
1673778883 190
1673778884 192
1673778884 192
1673778884 159
1673778885 173
1673778885 106
1673778885 192
1673778885 103
1673778885 178
1673778885 141
1673778886 119
1673778886 176
1673778886 171
1673778887 181
1673778888 135
1673778889 128
1673778889 195
1673778889 148
1673778890 200
1673778891 113
1673778891 192
1673778892 164
1673778892 149
1673778892 126
1673778892 171
1673778893 150
1673778893 167
1673778893 115
1673778893 171
1673778894 151
1673778894 107
1673778894 112
1673778894 176
1673778895 134
1673778895 126
1673778896 134
1673778896 155
1673778898 103
1673778899 164
1673778899 162
1673778899 143
1673778899 112
1673778901 125
1673778901 143
1673778901 133
1673778902 135
1673778902 182
1673778902 200
1673778902 142
1673778902 147
1673778903 127
1673778904 161
1673778904 163
1673778905 107
1673778905 126
1673778906 170
1673778906 182
1673778907 110
1673778907 133
1673778908 169
1673778908 132
1673778909 109
1673778909 187
1673778909 194
1673778910 178
1673778911 194
1673778911 110
1673778911 136
1673778911 195
1673778912 179
1673778912 128
1673778913 200
1673778913 148
1673778913 178
1673778914 168
1673778914 137
1673778914 175
1673778915 122
1673778916 152
1673778916 182
1673778916 185
1673778917 133
1673778917 115
1673778917 176
1673778917 172
1673778917 139
1673778918 181
1673778918 139
1673778918 155
1673778918 142
1673778918 147
1673778919 103
1673778919 142
1673778919 172
1673778920 186
1673778920 198
1673778920 135
1673778921 191
1673778921 150
1673778921 142
1673778922 109
1673778922 102
1673778922 137
1673778922 176
1673778923 188
1673778923 184
1673778924 197
1673778924 161
1673778924 190
1673778925 187
1673778926 143
1673778927 127
1673778928 138
1673778928 144
1673778928 142
1673778928 122
1673778929 162
1673778929 143
1673778930 190
1673778931 152
1673778931 123
1673778932 124
1673778933 141
1673778934 115
1673778934 153
1673778934 127
1673778934 107
1673778936 187
1673778936 182
1673778936 154
1673778937 153
1673778937 116
1673778938 139
1673778938 139
1673778938 141
1673778938 129
1673778938 121
1673778939 151
1673778939 143
1673778939 122
1673778939 132
1673778940 166
1673778941 156
1673778941 196
1673778942 110
1673778942 184
1673778943 184
1673778944 182
1673778944 108
1673778944 117
1673778945 145
1673778945 154
1673778947 118
1673778947 191
1673778947 105
1673778947 199
1673778947 153
1673778948 123
1673778949 115
1673778949 112
1673778950 189
1673778950 140
1673778950 181
1673778950 184
1673778950 148
1673778950 186
1673778951 105
1673778951 165
1673778951 187
1673778951 109
1673778952 101
1673778952 195
1673778952 134
1673778954 191
1673778954 183
1673778954 182
1673778955 114
1673778955 134
1673778955 185
1673778956 171
1673778957 101
1673778957 179
1673778957 184
1673778957 154
1673778957 168
1673778957 144
1673778957 133
1673778958 143
1673778958 188
1673778959 181
1673778959 167
1673778959 107
1673778959 102
1673778960 126
1673778960 190
1673778961 181
1673778961 164
1673778962 146
1673778962 199
1673778962 161
1673778962 168
1673778962 147
1673778963 172
1673778963 158
1673778963 143
1673778963 120
1673778963 113
1673778964 125
1673778964 173
1673778964 168
1673778964 124
1673778965 191
1673778965 173
1673778965 180
1673778966 193
1673778966 173
1673778966 141
1673778966 176
1673778967 151
1673778968 116
1673778968 128
1673778968 163
1673778968 187
1673778969 105
1673778969 123
1673778970 198
1673778970 133
1673778970 112
1673778971 178
1673778971 174
1673778971 127
1673778971 112
1673778972 159
1673778972 151
1673778972 113
1673778972 115
1673778974 118
1673778974 126
1673778974 178
1673778975 197
1673778975 157
1673778976 164
1673778977 168
1673778977 183
1673778977 135
1673778977 116
1673778977 199
1673778977 189
1673778977 155
1673778978 144
1673778979 179
1673778979 192
1673778979 182
1673778979 152
1673778979 130
1673778981 123
1673778981 187
1673778981 137
1673778981 161
1673778982 141
1673778982 145
1673778982 163
1673778984 107
1673778985 104
1673778985 145
1673778985 126
1673778986 194
1673778986 115
1673778987 156
1673778988 195
1673778989 129
1673778989 193
1673778989 119
1673778991 181
1673778991 163
1673778991 192
1673778991 152
1673778992 198
1673778992 113
1673778992 124
1673778992 167
1673778993 149
1673778993 149
1673778993 153
1673778993 116
1673778993 103
1673778993 121
1673778994 159
1673778994 169
1673778994 123
1673778996 157
1673778996 193
1673778996 137
1673778997 198
1673778999 178
1673779000 169
1673779001 147
1673779001 150
1673779002 195
1673779002 194
1673779002 193
1673779002 156
1673779002 165
1673779002 177
1673779003 179
1673779003 146
1673779003 168
1673779003 128
1673779003 102
1673779003 157
1673779004 156
1673779004 115
1673779005 174
1673779005 145
1673779006 168
1673779006 136
1673779006 168
1673779007 143
1673779007 156
1673779008 151
1673779008 119
1673779008 191
1673779008 164
1673779008 140
1673779009 162
1673779009 183
1673779009 127
1673779009 194
1673779009 131
1673779009 193
1673779011 124
1673779011 109
1673779011 152
1673779012 124
1673779012 110
1673779012 190
1673779013 175
1673779013 105
1673779013 146
1673779013 177
1673779013 180
1673779015 200
1673779015 148
1673779016 180
1673779016 147
1673779017 111
1673779017 126
1673779017 139
1673779018 101
1673779019 102
1673779019 122
1673779019 115
1673779019 110
1673779019 125
1673779020 131
1673779021 107
1673779021 130
1673779021 132
1673779022 117
1673779022 105
1673779022 111
1673779022 156
1673779023 190
1673779023 199
1673779023 154
1673779024 194
1673779025 141
1673779025 109
1673779025 166
1673779025 106
1673779026 166
1673779027 119
1673779027 180
1673779027 195
1673779027 105
1673779027 119
1673779028 137
1673779028 108
1673779028 189
1673779028 119
1673779028 131
1673779028 144
1673779029 118
1673779030 155
1673779030 142
1673779030 173
1673779032 151
1673779032 125
1673779032 173
1673779032 123
1673779033 172
1673779033 165
1673779033 136
1673779033 169
1673779034 182
1673779034 175
1673779034 155
1673779035 159
1673779035 148
1673779035 186
1673779036 101
1673779036 163
1673779036 115
1673779036 147
1673779037 150
1673779037 113
1673779038 180
1673779038 113
1673779038 163
1673779038 145
1673779038 129
1673779038 172
1673779038 179
1673779038 195
1673779039 146
1673779039 141
1673779039 177
1673779040 138
1673779040 134
1673779040 134
1673779040 160
1673779041 148
1673779041 128
1673779042 124
1673779042 156
1673779042 112
1673779042 189
1673779042 111
1673779043 199
1673779043 107
1673779044 151
1673779044 197
1673779044 103
1673779045 108
1673779045 149
1673779046 118
1673779046 135
1673779046 138
1673779046 105
1673779046 155
1673779047 131
1673779047 199
1673779047 147
1673779048 161
1673779048 129
1673779048 111
1673779049 150
1673779051 194
1673779051 195
1673779051 101
1673779052 172
1673779052 183
1673779052 188
1673779052 113
1673779052 168
1673779053 170
1673779053 116
1673779053 192
1673779053 157
1673779054 162
1673779054 199
1673779054 143
1673779054 173
1673779056 112
1673779057 155
1673779057 153
1673779058 173
1673779059 184
1673779060 105
1673779060 111
1673779061 110
1673779061 181
1673779061 183
1673779061 168
1673779062 169
1673779062 198
1673779062 186
1673779063 125
1673779063 115
1673779063 106
1673779063 186
1673779064 144
1673779065 145
1673779065 154
1673779065 136
1673779066 154
1673779066 124
1673779066 158
1673779066 142
1673779066 109
1673779066 153
1673779067 141
1673779068 107
1673779068 106
1673779068 190
1673779069 140
1673779069 175
1673779069 160
1673779070 113
1673779070 127
1673779070 191
1673779070 113
1673779070 103
1673779071 163
1673779071 137
1673779073 177
1673779073 143
1673779075 160
1673779075 178
1673779076 119
1673779076 123
1673779076 141
1673779076 122
1673779077 168
1673779077 159
1673779077 186
1673779078 200
1673779078 103
1673779078 159
1673779078 102
1673779079 160
1673779079 122
1673779079 163
1673779079 152
1673779080 198
1673779080 177
1673779081 191
1673779081 150
1673779082 140
1673779083 115
1673779083 122
1673779083 112
1673779083 159
1673779084 137
1673779084 168
1673779084 106
1673779084 121
1673779085 162
1673779086 145
1673779086 183
1673779086 134
1673779087 148
1673779087 169
1673779088 161
1673779088 183
1673779088 127
1673779089 182
1673779089 136
1673779089 136
1673779090 193
1673779091 187
1673779091 115
1673779091 155
1673779092 134
1673779092 126
1673779092 192
1673779093 177
1673779093 172
1673779094 156
1673779094 130
1673779095 195
1673779095 196
1673779095 142
1673779095 166
1673779095 160
1673779096 118
1673779096 142
1673779096 126
1673779096 190
1673779097 126
1673779097 106
1673779098 191
1673779098 158
1673779099 167
1673779099 184
1673779099 167
1673779099 108
1673779100 175
1673779100 143
1673779100 141
1673779101 105
1673779101 103
1673779101 133
1673779102 196
1673779102 189
1673779103 200
1673779103 165
1673779103 175
1673779104 125
1673779104 104
1673779104 185
1673779104 198
1673779105 146
1673779106 128
1673779106 110
1673779106 144
1673779106 151
1673779106 196
1673779107 143
1673779107 171
1673779108 160
1673779108 176
1673779108 186
1673779108 133
1673779109 125
1673779109 155
1673779109 194
1673779109 144
1673779110 197
1673779110 103
1673779110 115
1673779110 108
1673779111 162
1673779111 131
1673779112 171
1673779113 111
1673779113 174
1673779113 184
1673779114 173
1673779114 118
1673779114 184
1673779114 120
1673779114 165
1673779114 171
1673779115 142
1673779116 102
1673779116 138
1673779117 113
1673779117 156
1673779117 114
1673779118 179
1673779118 105
1673779118 164
1673779118 109
1673779119 174
1673779119 196
1673779119 112
1673779119 113
1673779121 192
1673779121 105
1673779121 197
1673779121 157
1673779123 143
1673779123 171
1673779124 195
1673779124 125
1673779124 194
1673779124 144
1673779125 140
1673779126 111
1673779126 178
1673779127 165
1673779127 127
1673779127 127
1673779127 182
1673779128 125
1673779128 102
1673779129 134
1673779129 113
1673779130 169
1673779130 107
1673779130 176
1673779131 142
1673779131 173
1673779131 135
1673779132 133
1673779132 112
1673779132 191
1673779132 168
1673779133 181
1673779133 126
1673779133 108
1673779133 105
1673779133 176
1673779134 124
1673779135 137
1673779135 149
1673779136 178
1673779136 155
1673779136 119
1673779136 190
1673779137 161
1673779137 114
1673779137 186
1673779138 199
1673779138 141
1673779140 147
1673779140 138
1673779140 150
1673779141 147
1673779141 115
1673779141 171
1673779142 130
1673779142 112
1673779142 180
1673779143 113
1673779143 154
1673779143 187
1673779143 178
1673779144 124
1673779144 186
1673779145 190
1673779145 135
1673779146 116
1673779146 150
1673779146 184
1673779146 153
1673779148 140
1673779148 105
1673779148 101
1673779148 200
1673779149 167
1673779149 114
1673779149 184
1673779150 182
1673779150 116
1673779151 127
1673779151 130
1673779151 137
1673779151 119
1673779151 149
1673779151 140
1673779152 166
1673779152 118
1673779153 127
1673779153 194
1673779153 169
1673779153 180
1673779153 194
1673779154 106
1673779155 138
1673779155 185
1673779155 145
1673779155 128
1673779157 141
1673779157 192
1673779157 191
1673779158 172
1673779158 171
1673779159 179
1673779159 140
1673779160 159
1673779160 191
1673779160 146
1673779160 173
1673779161 103
1673779162 163
1673779162 185
1673779162 157
1673779162 149
1673779163 112
1673779163 172
1673779163 117
1673779163 161
1673779163 103
1673779164 177
1673779164 157
1673779164 135
1673779164 130
1673779165 132
1673779165 116
1673779166 118
1673779166 134
1673779167 126
1673779168 162
1673779168 112
1673779168 131
1673779168 170
1673779168 113
1673779169 110
1673779169 167
1673779170 151
1673779170 108
1673779171 121
1673779171 160
1673779171 126
1673779171 137
1673779171 103
1673779172 118
1673779173 139
1673779173 121
1673779173 119
1673779173 132
1673779173 125
1673779174 194
1673779174 200
1673779174 157
1673779174 180
1673779175 118
1673779175 130
1673779177 173
1673779177 167
1673779177 130
1673779178 149
1673779178 190
1673779178 109
1673779179 113
1673779179 175
1673779179 187
1673779179 171
1673779179 128
1673779180 122
1673779180 183
1673779180 104
1673779181 179
1673779181 150
1673779182 167
1673779182 135
1673779182 117
1673779183 149
1673779183 116
1673779184 163
1673779185 148
1673779185 199
1673779186 149
1673779187 198
1673779187 182
1673779187 148
1673779188 163
1673779189 166
1673779190 154
1673779190 153
1673779191 193
1673779191 161
1673779191 176
1673779192 122
1673779192 124
1673779192 155
1673779192 120
1673779193 187
1673779193 128
1673779193 138
1673779193 161
1673779194 130
1673779195 172
1673779195 183
1673779195 195
1673779196 184
1673779196 118
1673779197 127
1673779197 190
1673779197 160
1673779197 164
1673779198 153
1673779198 190
1673779199 141
1673779199 159
1673779199 129
1673779199 198
1673779200 159
1673779200 161
1673779201 105
1673779201 111
1673779201 128
1673779201 187
1673779201 140
1673779202 116
1673779202 195
1673779202 173
1673779202 177
1673779202 121
1673779202 117
1673779203 163
1673779203 129
1673779203 101
1673779203 183
1673779203 127
1673779204 163
1673779204 101
1673779204 167
1673779204 130
1673779204 177
1673779205 192
1673779205 116
1673779206 127
1673779206 200
1673779207 165
1673779207 159
1673779208 102
1673779209 145
1673779209 189
1673779209 106
1673779211 111
1673779211 181
1673779211 137
1673779212 197
1673779212 145
1673779213 171
1673779213 190
1673779213 139
1673779214 129
1673779214 159
1673779214 105
1673779216 191
1673779216 174
1673779216 150
1673779217 101
1673779217 132
1673779217 174
1673779217 188
1673779217 137
1673779218 134
1673779218 154
1673779218 172
1673779218 183
1673779219 118
1673779220 119
1673779220 157
1673779220 195
1673779220 190
1673779221 136
1673779221 171
1673779222 119
1673779222 164
1673779222 144
1673779223 198
1673779224 105
1673779225 169
1673779225 136
1673779226 166
1673779226 182
1673779226 130
1673779227 137
1673779227 151
1673779227 144
1673779228 196
1673779228 120
1673779228 152
1673779228 180
1673779229 112
1673779229 150
1673779229 112
1673779229 179
1673779229 159
1673779230 181
1673779230 185
1673779230 188
1673779232 175
1673779232 109
1673779233 154
1673779233 193
1673779234 109
1673779234 155
1673779235 192
1673779235 130
1673779235 197
1673779236 107
1673779236 187
1673779236 186
1673779236 142
1673779237 194
1673779238 171
1673779238 127
1673779238 163
1673779239 154
1673779239 108
1673779240 160
1673779240 159
1673779242 154
1673779242 193
1673779243 131
1673779243 140
1673779245 181
1673779245 149
1673779246 197
1673779246 125
1673779246 179
1673779247 106
1673779247 113
1673779248 183
1673779248 155
1673779249 183
1673779250 126
1673779250 133
1673779251 169
1673779251 184
1673779251 176
1673779251 133
1673779252 114
1673779252 103
1673779252 194
1673779253 181
1673779253 108
1673779253 166
1673779255 113
1673779256 178
1673779256 154
1673779256 110
1673779256 119
1673779257 131
1673779257 110
1673779258 189
1673779258 130
1673779258 167
1673779259 163
1673779259 128
1673779260 124
1673779261 119
1673779261 132
1673779261 181
1673779261 119
1673779262 136
1673779262 111
1673779262 157
1673779262 160
1673779262 139
1673779263 105
1673779263 149
1673779264 132
1673779264 108
1673779264 123
1673779265 167
1673779265 195
1673779266 130
1673779266 167
1673779266 195
1673779267 170
1673779267 130
1673779267 133
1673779268 165
1673779268 171
1673779268 190
1673779268 165
1673779268 117
1673779269 137
1673779269 159
1673779269 154
1673779270 102
1673779270 185
1673779270 195
1673779270 179
1673779270 178
1673779270 133
1673779271 151
1673779271 188
1673779271 122
1673779272 180
1673779272 134
1673779273 163
1673779273 156
1673779274 118
1673779275 167
1673779276 122
1673779276 130
1673779277 157
1673779277 108
1673779277 163
1673779277 126
1673779278 102
1673779278 189
1673779278 120
1673779279 161
1673779280 131
1673779280 145
1673779280 160
1673779281 107
1673779281 187
1673779281 194
1673779282 129
1673779283 136
1673779284 144
1673779284 154
1673779285 158
1673779285 196
1673779285 183
1673779286 199
1673779286 169
1673779286 105
1673779287 155
1673779287 138
1673779287 160
1673779287 105
1673779289 158
1673779290 174
1673779290 172
1673779290 178
1673779290 137
1673779291 118
