1673776802 152
1673776805 194
1673776808 192
1673776808 171
1673776809 115
1673776810 165
1673776810 127
1673776812 186
1673776813 176
1673776815 187
1673776815 135
1673776816 110
1673776816 128
1673776816 113
1673776816 196
1673776817 139
1673776817 109
1673776820 164
1673776820 128
1673776820 188
1673776820 162
1673776822 118
1673776822 129
1673776823 195
1673776823 181
1673776824 136
1673776826 183
1673776826 135
1673776826 105
1673776828 143
1673776828 173
1673776828 127
1673776828 142
1673776829 149
1673776832 120
1673776832 191
1673776833 106
1673776833 151
1673776834 151
1673776834 149
1673776837 176
1673776838 142
1673776840 144
1673776841 166
1673776841 137
1673776842 168
1673776842 120
1673776844 178
1673776844 151
1673776845 117
1673776848 105
1673776849 120
1673776850 134
1673776850 185
1673776853 176
1673776853 200
1673776853 109
1673776853 180
1673776857 142
1673776857 179
1673776858 188
1673776858 177
1673776859 162
1673776859 108
1673776861 192
1673776861 193
1673776861 184
1673776861 193
1673776869 135
1673776871 142
1673776873 140
1673776874 185
1673776874 101
1673776874 177
1673776876 102
1673776876 178
1673776877 113
1673776880 127
1673776881 178
1673776883 191
1673776883 137
1673776883 169
1673776884 104
1673776886 132
1673776889 127
1673776890 172
1673776890 102
1673776890 181
1673776892 157
1673776892 133
1673776892 151
1673776895 178
1673776895 142
1673776895 197
1673776895 159
1673776895 124
1673776896 141
1673776896 187
1673776897 191
1673776898 104
1673776899 124
1673776899 158
1673776900 135
1673776901 129
1673776901 156
1673776901 126
1673776902 152
1673776903 148
1673776903 145
1673776903 141
1673776903 130
1673776904 120
1673776904 158
1673776904 147
1673776905 144
1673776906 118
1673776906 178
1673776917 138
1673776917 127
1673776917 183
1673776920 160
1673776922 104
1673776922 164
1673776922 171
1673776922 116
1673776922 109
1673776923 170
1673776923 138
1673776924 173
1673776925 167
1673776925 179
1673776925 172
1673776926 157
1673776927 173
1673776927 128
1673776927 128
1673776927 200
1673776928 150
1673776928 190
1673776928 133
1673776928 173
1673776929 108
1673776929 144
1673776929 200
1673776929 125
1673776930 179
1673776930 149
1673776931 113
1673776932 143
1673776932 131
1673776933 161
1673776933 122
1673776933 123
1673776934 140
1673776934 200
1673776934 170
1673776934 148
1673776934 199
1673776935 164
1673776935 113
1673776935 171
1673776936 132
1673776937 108
1673776938 105
1673776938 103
1673776939 138
1673776940 124
1673776940 148
1673776941 169
1673776941 195
1673776942 110
1673776942 181
1673776942 197
1673776943 185
1673776943 132
1673776944 105
1673776944 180
1673776945 102
1673776945 177
1673776945 190
1673776946 198
1673776946 120
1673776947 168
1673776947 112
1673776948 168
1673776948 185
1673776948 170
1673776948 151
1673776948 182
1673776950 111
1673776950 122
1673776951 108
1673776951 144
1673776952 152
1673776952 195
1673776952 119
1673776954 142
1673776954 167
1673776954 154
1673776955 104
1673776955 178
1673776955 156
1673776956 117
1673776956 109
1673776958 166
1673776958 130
1673776958 172
1673776959 195
1673776959 108
1673776959 170
1673776959 106
1673776960 164
1673776960 128
1673776960 175
1673776960 145
1673776961 123
1673776961 141
1673776962 139
1673776962 149
1673776962 153
1673776962 188
1673776962 122
1673776963 132
1673776963 177
1673776963 113
1673776963 133
1673776963 128
1673776963 149
1673776964 132
1673776964 173
1673776964 107
1673776965 135
1673776965 193
1673776965 191
1673776966 178
1673776967 184
1673776967 140
1673776967 135
1673776967 162
1673776968 170
1673776969 156
1673776970 155
1673776970 185
1673776970 124
1673776970 122
1673776971 108
1673776971 187
1673776971 161
1673776972 164
1673776972 194
1673776972 115
1673776972 190
1673776973 199
1673776974 163
1673776974 170
1673776975 108
1673776975 167
1673776975 144
1673776975 109
1673776975 141
1673776975 178
1673776975 135
1673776976 182
1673776977 189
1673776977 122
1673776978 109
1673776978 111
1673776978 170
1673776978 186
1673776979 134
1673776979 179
1673776979 188
1673776980 191
1673776980 199
1673776981 195
1673776981 196
1673776981 162
1673776981 133
1673776982 109
1673776983 107
1673776983 198
1673776984 171
1673776985 153
1673776985 113
1673776988 187
1673776988 114
1673776989 194
1673776989 101
1673776992 136
1673776992 200
1673776992 155
1673776995 161
1673776996 179
1673776997 158
1673776998 130
1673776999 170
1673776999 133
1673776999 177
1673776999 185
1673776999 106
1673776999 194
1673777001 176
1673777002 128
1673777002 133
1673777003 149
1673777003 109
1673777004 178
1673777004 120
1673777004 165
1673777005 119
1673777006 182
1673777007 141
1673777009 138
1673777010 165
1673777010 122
1673777011 194
1673777011 114
1673777011 129
1673777012 138
1673777013 113
1673777013 185
1673777014 132
1673777014 179
1673777014 157
1673777015 109
1673777015 142
1673777015 113
1673777016 149
1673777017 172
1673777020 129
1673777020 134
1673777020 189
1673777020 106
1673777020 142
1673777022 176
1673777023 110
1673777023 136
1673777023 120
1673777023 165
1673777023 109
1673777024 163
1673777024 152
1673777025 101
1673777025 180
1673777025 160
1673777025 159
1673777026 134
1673777026 147
1673777026 199
1673777026 127
1673777026 182
1673777027 167
1673777027 161
1673777027 145
1673777028 147
1673777028 164
1673777028 124
1673777028 126
1673777028 166
1673777029 172
1673777029 161
1673777029 200
1673777029 193
1673777030 184
1673777031 162
1673777032 111
1673777032 198
1673777032 185
1673777032 131
1673777033 107
1673777033 158
1673777034 154
1673777035 102
1673777035 167
1673777035 101
1673777036 135
1673777036 193
1673777036 132
1673777036 158
1673777037 168
1673777037 192
1673777037 107
1673777037 198
1673777038 116
1673777039 134
1673777039 170
1673777039 193
1673777039 136
1673777039 163
1673777040 172
1673777040 177
1673777040 127
1673777041 137
1673777041 170
1673777041 178
1673777042 125
1673777042 126
1673777042 174
1673777043 144
1673777043 198
1673777044 143
1673777044 149
1673777045 180
1673777045 195
1673777046 187
1673777046 136
1673777046 176
1673777046 102
1673777047 186
1673777047 193
1673777047 102
1673777048 137
1673777048 116
1673777048 117
1673777048 196
1673777049 128
1673777050 178
1673777050 162
1673777050 163
1673777051 101
1673777051 192
1673777052 174
1673777053 181
1673777053 196
1673777054 178
1673777054 167
1673777054 196
1673777054 144
1673777055 165
1673777055 159
1673777055 149
1673777055 106
1673777055 132
1673777055 160
1673777056 189
1673777056 168
1673777056 128
1673777057 170
1673777057 194
1673777058 115
1673777059 123
1673777059 155
1673777060 111
1673777060 151
1673777060 200
1673777061 178
1673777061 181
1673777061 143
1673777061 150
1673777062 181
1673777062 144
1673777062 192
1673777062 144
1673777062 159
1673777063 102
1673777063 124
1673777063 186
1673777063 193
1673777064 161
1673777064 171
1673777064 181
1673777064 117
1673777064 145
1673777065 195
1673777065 169
1673777065 118
1673777065 149
1673777066 172
1673777067 115
1673777067 121
1673777067 151
1673777067 166
1673777068 150
1673777068 147
1673777068 196
1673777069 198
1673777069 166
1673777070 130
1673777071 137
1673777071 144
1673777071 172
1673777072 148
1673777072 141
1673777072 111
1673777072 111
1673777073 135
1673777074 185
1673777074 148
1673777074 145
1673777074 141
1673777075 130
1673777075 108
1673777076 156
1673777076 150
1673777076 182
1673777076 135
1673777076 159
1673777077 127
1673777078 121
1673777078 127
1673777079 140
1673777079 105
1673777079 176
1673777080 107
1673777080 195
1673777080 164
1673777080 164
1673777080 183
1673777081 192
1673777081 155
1673777081 145
1673777081 187
1673777082 148
1673777082 192
1673777083 175
1673777084 112
1673777085 161
1673777085 180
1673777085 120
1673777086 116
1673777086 121
1673777086 125
1673777086 188
1673777086 154
1673777087 129
1673777087 191
1673777087 117
1673777087 144
1673777087 147
1673777087 137
1673777087 171
1673777087 165
1673777088 151
1673777088 150
1673777088 176
1673777088 139
1673777088 101
1673777089 152
1673777089 138
1673777089 151
1673777089 150
1673777090 138
1673777090 194
1673777091 179
1673777091 180
1673777091 139
1673777091 147
1673777092 103
1673777092 138
1673777093 123
1673777093 141
1673777094 113
1673777094 133
1673777095 118
1673777096 156
1673777096 150
1673777096 121
1673777096 134
1673777097 142
1673777097 143
1673777098 176
1673777098 172
1673777098 149
1673777099 149
1673777099 196
1673777099 116
1673777099 188
1673777099 105
1673777100 115
1673777100 156
1673777101 137
1673777102 159
1673777103 169
1673777103 142
1673777103 110
1673777103 154
1673777104 173
1673777104 136
1673777104 129
1673777105 194
1673777105 169
1673777105 199
1673777105 170
1673777106 192
1673777106 116
1673777107 176
1673777107 156
1673777107 171
1673777108 186
1673777108 149
1673777108 134
1673777109 175
1673777109 149
1673777109 139
1673777109 198
1673777109 113
1673777110 118
1673777110 170
1673777110 109
1673777110 133
1673777110 123
1673777111 159
1673777111 122
1673777111 163
1673777111 134
1673777111 165
1673777111 176
1673777112 106
1673777112 127
1673777112 134
1673777112 121
1673777112 121
1673777112 163
1673777113 191
1673777113 149
1673777113 140
1673777113 139
1673777114 121
1673777115 124
1673777115 178
1673777116 154
1673777116 107
1673777116 195
1673777116 134
1673777116 151
1673777116 191
1673777117 129
1673777117 172
1673777117 146
1673777118 128
1673777118 180
1673777118 148
1673777118 180
1673777118 185
1673777118 166
1673777119 157
1673777119 185
1673777120 191
1673777120 153
1673777120 110
1673777121 129
1673777121 104
1673777121 119
1673777122 155
1673777122 171
1673777123 110
1673777124 162
1673777125 154
1673777126 187
1673777126 118
1673777126 147
1673777127 127
1673777127 110
1673777127 183
1673777128 115
1673777128 188
1673777128 164
1673777129 160
1673777129 132
1673777129 114
1673777129 190
1673777130 168
1673777131 173
1673777131 129
1673777131 153
1673777132 133
1673777132 195
1673777132 106
1673777133 177
1673777135 162
1673777135 132
1673777135 123
1673777135 106
1673777135 159
1673777136 181
1673777136 171
1673777136 194
1673777136 111
1673777137 147
1673777137 155
1673777137 123
1673777137 122
1673777137 150
1673777138 151
1673777139 200
1673777139 113
1673777139 142
1673777140 186
1673777140 172
1673777140 175
1673777140 147
1673777141 200
1673777141 179
1673777141 172
1673777142 158
1673777142 185
1673777142 132
1673777143 105
1673777143 120
1673777143 150
1673777143 107
1673777143 144
1673777144 184
1673777144 151
1673777144 179
1673777145 200
1673777147 117
1673777147 147
1673777147 174
1673777148 123
1673777149 146
1673777149 194
1673777150 190
1673777150 192
1673777151 199
1673777151 158
1673777151 155
1673777151 171
1673777152 116
1673777153 147
1673777153 134
1673777153 115
1673777154 182
1673777155 111
1673777155 161
1673777156 159
1673777157 188
1673777158 193
1673777158 138
1673777159 169
1673777159 149
1673777159 127
1673777159 104
1673777161 112
1673777161 162
1673777161 158
1673777161 181
1673777161 181
1673777161 200
1673777162 154
1673777162 145
1673777163 148
1673777163 192
1673777163 156
1673777163 185
1673777164 127
1673777164 150
1673777164 148
1673777165 136
1673777166 133
1673777166 160
1673777167 172
1673777167 139
1673777167 200
1673777168 145
1673777169 187
1673777169 106
1673777170 107
1673777171 165
1673777172 133
1673777172 181
1673777172 133
1673777172 191
1673777173 145
1673777173 105
1673777173 177
1673777173 135
1673777173 178
1673777174 123
1673777174 188
1673777174 104
1673777175 132
1673777175 200
1673777176 124
1673777176 161
1673777176 192
1673777176 130
1673777177 108
1673777177 138
1673777177 115
1673777177 112
1673777178 136
1673777179 178
1673777179 126
1673777179 196
1673777179 116
1673777179 147
1673777180 119
1673777180 140
1673777180 158
1673777181 193
1673777181 112
1673777181 101
1673777181 112
1673777181 124
1673777181 128
1673777182 172
1673777182 141
1673777182 151
1673777182 147
1673777182 165
1673777183 190
1673777183 146
1673777183 166
1673777184 110
1673777184 187
1673777185 157
1673777186 118
1673777186 168
1673777186 171
1673777186 141
1673777186 187
1673777187 121
1673777188 174
1673777188 168
1673777188 142
1673777188 195
1673777188 143
1673777188 118
1673777188 198
1673777189 119
1673777189 147
1673777189 185
1673777190 147
1673777191 125
1673777192 154
1673777192 117
1673777192 184
1673777192 179
1673777193 142
1673777193 198
1673777193 168
1673777193 197
1673777193 144
1673777195 123
1673777195 102
1673777195 141
1673777195 158
1673777196 106
1673777196 106
1673777197 197
1673777197 173
1673777198 160
1673777199 146
1673777199 194
1673777199 121
1673777199 151
1673777200 186
1673777200 151
1673777200 182
1673777200 122
1673777200 164
1673777200 184
1673777201 170
1673777201 144
1673777201 137
1673777201 180
1673777202 109
1673777202 147
1673777202 141
1673777202 189
1673777202 171
1673777203 146
1673777203 137
1673777205 129
1673777205 162
1673777205 177
1673777205 180
1673777205 107
1673777205 139
1673777205 168
1673777205 115
1673777206 126
1673777206 101
1673777206 138
1673777206 171
1673777207 135
1673777207 126
1673777208 129
1673777208 114
1673777208 189
1673777209 176
1673777209 101
1673777209 107
1673777210 144
1673777210 103
1673777210 129
1673777210 135
1673777211 128
1673777211 163
1673777211 107
1673777211 115
1673777212 184
1673777212 143
1673777212 178
1673777212 105
1673777212 121
1673777213 181
1673777214 151
1673777214 117
1673777214 181
1673777214 198
1673777215 109
1673777215 177
1673777215 149
1673777216 158
1673777216 109
1673777216 110
1673777217 188
1673777217 114
1673777218 171
1673777218 117
1673777218 119
1673777218 112
1673777218 190
1673777219 159
1673777219 111
1673777219 179
1673777220 128
1673777220 183
1673777220 124
1673777221 124
1673777222 112
1673777223 114
1673777223 165
1673777224 184
1673777224 120
1673777225 152
1673777225 129
1673777226 176
1673777227 145
1673777228 170
1673777228 134
1673777229 188
1673777229 103
1673777230 107
1673777230 182
1673777233 134
1673777234 167
1673777234 193
1673777235 196
1673777235 164
1673777236 187
1673777238 168
1673777238 128
1673777238 190
1673777239 112
1673777239 182
1673777239 112
1673777240 139
1673777240 111
1673777240 133
1673777241 132
1673777241 164
1673777242 105
1673777242 180
1673777242 156
1673777242 197
1673777243 188
1673777243 144
1673777244 178
1673777247 193
1673777247 103
1673777247 145
1673777248 113
1673777248 191
1673777249 106
1673777249 195
1673777250 197
1673777250 149
1673777250 107
1673777250 139
1673777250 134
1673777251 147
1673777251 189
1673777251 184
1673777251 151
1673777251 135
1673777251 184
1673777252 150
1673777252 109
1673777252 158
1673777252 164
1673777252 126
1673777253 167
1673777253 139
1673777253 185
1673777254 170
1673777254 116
1673777254 119
1673777254 145
1673777255 108
1673777255 175
1673777256 141
1673777256 198
1673777256 197
1673777257 133
1673777257 146
1673777257 125
1673777257 167
1673777257 127
1673777258 128
1673777258 123
1673777258 179
1673777259 176
1673777259 127
1673777260 184
1673777260 120
1673777261 106
1673777261 160
1673777261 136
1673777261 130
1673777261 170
1673777262 150
1673777262 187
1673777262 170
1673777262 116
1673777262 167
1673777263 164
1673777264 189
1673777264 105
1673777264 192
1673777264 126
1673777265 194
1673777265 189
1673777265 175
1673777265 154
1673777266 158
1673777266 195
1673777266 151
1673777266 191
1673777266 155
1673777267 128
1673777267 197
1673777268 159
1673777268 129
1673777268 144
1673777269 164
1673777270 141
1673777270 103
1673777271 193
1673777271 144
1673777272 131
1673777272 166
1673777273 120
1673777273 187
1673777274 120
1673777275 122
1673777275 167
1673777275 175
1673777276 141
1673777276 177
1673777276 133
1673777277 136
1673777277 152
1673777278 129
1673777278 160
1673777279 181
1673777279 119
1673777279 156
1673777279 179
1673777279 132
1673777280 168
1673777280 126
1673777281 163
1673777281 116
1673777281 170
1673777281 194
1673777282 110
1673777282 122
1673777283 159
1673777283 188
1673777283 158
1673777283 146
1673777284 176
1673777284 115
1673777284 157
1673777284 174
1673777285 146
1673777285 104
1673777285 137
1673777286 193
1673777287 106
1673777289 182
1673777289 106
1673777289 146
1673777290 137
1673777290 137
1673777291 175
1673777291 115
1673777291 135
1673777291 144
1673777292 200
1673777293 103
1673777293 105
1673777293 194
1673777294 135
1673777294 146
1673777294 135
1673777295 116
1673777295 166
1673777295 149
1673777296 149
1673777296 181
1673777296 152
1673777297 103
1673777298 110
1673777298 110
1673777298 177
1673777298 147
1673777298 139
1673777299 157
1673777299 169
1673777299 195
1673777299 150
1673777299 116
1673777300 160
1673777300 198
1673777300 193
1673777301 104
1673777301 147
1673777302 127
1673777302 151
1673777302 168
1673777303 185
1673777303 108
1673777303 170
1673777303 122
1673777303 180
1673777304 124
1673777304 121
1673777305 186
1673777305 113
1673777305 121
1673777306 104
1673777306 155
1673777307 109
1673777307 116
1673777307 101
1673777308 160
1673777308 172
1673777309 157
1673777309 105
1673777309 193
1673777310 162
1673777310 104
1673777310 105
1673777310 185
1673777311 158
1673777311 128
1673777311 112
1673777312 113
1673777313 192
1673777313 158
1673777313 198
1673777314 104
1673777314 156
1673777314 127
1673777315 101
1673777317 196
1673777317 133
1673777317 116
1673777317 175
1673777318 162
1673777318 127
1673777318 178
1673777320 106
1673777321 167
1673777321 161
1673777321 183
1673777322 187
1673777322 172
1673777322 172
1673777323 154
1673777323 196
1673777324 151
1673777324 149
1673777324 155
1673777325 189
1673777325 165
1673777326 105
1673777326 134
1673777326 164
1673777327 148
1673777327 120
1673777327 177
1673777327 172
1673777327 197
1673777328 181
1673777329 101
1673777330 170
1673777330 106
1673777330 104
1673777330 159
1673777331 103
1673777331 160
1673777331 125
1673777331 162
1673777331 130
1673777332 125
1673777332 190
1673777333 164
1673777334 113
1673777334 104
1673777334 115
1673777334 105
1673777334 151
1673777334 104
1673777334 113
1673777335 179
1673777336 186
1673777336 111
1673777337 127
1673777337 199
1673777337 179
1673777337 192
1673777338 173
1673777338 130
1673777339 198
1673777339 168
1673777340 131
1673777340 129
1673777340 199
1673777340 109
1673777341 114
1673777341 164
1673777341 177
1673777341 104
1673777342 127
1673777343 168
1673777344 121
1673777344 155
1673777344 131
1673777348 147
1673777360 166
1673777360 184
1673777360 116
1673777361 145
1673777362 157
1673777362 110
1673777362 183
1673777362 189
1673777363 195
1673777364 150
1673777364 119
1673777365 111
1673777365 103
1673777365 169
1673777365 129
1673777366 151
1673777366 142
1673777367 178
1673777367 192
1673777367 164
1673777367 127
1673777367 117
1673777368 165
1673777368 174
1673777369 125
1673777370 189
1673777371 153
1673777371 157
1673777372 121
1673777372 153
1673777372 176
1673777372 167
1673777372 172
1673777372 196
1673777374 115
1673777374 106
1673777374 131
1673777374 133
1673777374 183
1673777374 125
1673777375 154
1673777375 137
1673777375 174
1673777376 190
1673777376 141
1673777377 160
1673777378 102
1673777378 198
1673777378 116
1673777378 200
1673777378 117
1673777378 169
1673777379 112
1673777379 141
1673777379 185
1673777380 116
1673777380 160
1673777380 143
1673777380 188
1673777381 162
1673777381 159
1673777383 180
1673777383 116
1673777383 115
1673777384 178
1673777384 177
1673777385 189
1673777386 171
1673777386 175
1673777386 119
1673777386 147
1673777387 125
1673777387 193
1673777387 129
1673777387 123
1673777388 194
1673777388 150
1673777388 192
1673777389 172
1673777389 107
1673777389 183
1673777390 137
1673777390 155
1673777391 140
1673777391 151
1673777391 193
1673777392 178
1673777392 195
1673777393 161
1673777393 159
1673777393 165
1673777393 109
1673777394 132
1673777395 144
1673777395 118
1673777396 192
1673777396 178
1673777396 153
1673777396 145
1673777397 113
1673777397 164
1673777398 120
1673777399 143
1673777399 193
1673777399 197
1673777400 129
1673777400 107
1673777401 192
1673777401 153
1673777402 104
1673777402 124
1673777402 106
1673777402 179
1673777402 173
1673777402 137
1673777403 112
1673777403 116
1673777403 173
1673777404 101
1673777405 177
1673777405 113
1673777405 111
1673777406 174
1673777406 106
1673777407 158
1673777407 158
1673777408 194
1673777409 131
1673777409 156
1673777409 109
1673777410 153
1673777410 138
1673777410 136
1673777411 167
1673777411 114
1673777411 198
1673777411 101
1673777411 125
1673777413 108
1673777413 160
1673777413 174
1673777413 138
1673777414 143
1673777415 196
1673777415 187
1673777415 197
1673777416 164
1673777416 200
1673777416 164
1673777416 166
1673777416 138
1673777416 179
1673777416 113
1673777417 116
1673777417 133
1673777417 111
1673777418 199
1673777419 126
1673777419 175
1673777420 102
1673777420 147
1673777420 150
1673777421 144
1673777421 120
1673777421 166
1673777421 145
1673777422 110
1673777422 115
1673777422 102
1673777423 103
1673777423 147
1673777423 195
1673777423 126
1673777424 168
1673777424 172
1673777424 161
1673777424 185
1673777424 107
1673777426 119
1673777426 181
1673777426 110
1673777426 116
1673777426 106
1673777427 149
1673777427 150
1673777427 190
1673777427 119
1673777427 132
1673777428 112
1673777428 118
1673777428 196
1673777429 156
1673777429 158
1673777429 168
1673777429 150
1673777429 167
1673777430 165
1673777431 119
1673777431 142
1673777431 161
1673777432 151
1673777433 132
1673777433 163
1673777433 102
1673777434 158
1673777434 159
1673777434 171
1673777434 197
1673777434 161
1673777434 187
1673777434 128
1673777434 133
1673777434 141
1673777435 149
1673777435 132
1673777435 136
1673777436 126
1673777437 197
1673777437 112
1673777438 120
1673777438 165
1673777439 107
1673777439 121
1673777440 157
1673777440 191
1673777440 112
1673777440 171
1673777441 154
1673777441 168
1673777441 143
1673777442 106
1673777442 154
1673777443 145
1673777443 145
1673777443 186
1673777444 184
1673777445 182
1673777445 156
1673777446 119
1673777447 157
1673777447 142
1673777448 146
1673777448 126
1673777449 129
1673777449 155
1673777450 134
1673777450 167
1673777452 183
1673777452 119
1673777452 178
1673777453 169
1673777455 108
1673777455 140
1673777455 125
1673777456 200
1673777456 116
1673777456 125
1673777457 163
1673777457 145
1673777457 101
1673777457 167
1673777457 192
1673777458 177
1673777458 183
1673777459 128
1673777459 169
1673777460 200
1673777460 164
1673777460 116
1673777460 158
1673777461 106
1673777461 181
1673777461 149
1673777461 199
1673777461 187
1673777462 164
1673777462 175
1673777462 151
1673777463 147
1673777463 176
1673777464 116
1673777464 186
1673777464 155
1673777464 128
1673777464 172
1673777465 150
1673777466 168
1673777467 181
1673777467 104
1673777468 200
1673777468 155
1673777468 136
1673777468 197
1673777468 135
1673777468 144
1673777468 129
1673777469 113
1673777469 121
1673777469 118
1673777469 189
1673777469 178
1673777470 162
1673777470 129
1673777470 169
1673777471 188
1673777471 148
1673777471 136
1673777472 171
1673777473 152
1673777473 154
1673777473 149
1673777473 133
1673777474 155
1673777474 177
1673777475 143
1673777475 142
1673777476 102
1673777476 132
1673777477 192
1673777477 124
1673777477 171
1673777477 169
1673777478 109
1673777478 177
1673777478 155
1673777479 105
1673777480 129
1673777480 101
1673777480 124
1673777481 197
1673777481 177
1673777481 177
1673777482 190
1673777482 106
1673777482 200
1673777483 131
1673777483 159
1673777484 150
1673777484 189
1673777484 142
1673777484 181
1673777485 140
1673777486 148
1673777486 147
1673777486 130
1673777487 156
1673777487 104
1673777487 157
1673777488 150
1673777488 165
1673777489 130
1673777489 195
1673777489 105
1673777490 103
1673777490 179
1673777491 105
1673777492 198
1673777492 190
1673777493 154
1673777493 102
1673777494 189
1673777494 152
1673777495 189
1673777495 181
1673777495 179
1673777496 147
1673777496 177
1673777496 118
1673777496 168
1673777496 123
1673777496 180
1673777496 173
1673777496 176
1673777497 197
1673777498 140
1673777498 147
1673777498 153
1673777499 198
1673777499 200
1673777500 134
1673777500 146
1673777501 188
1673777501 191
1673777501 106
1673777501 193
1673777502 104
1673777502 167
1673777503 162
1673777503 190
1673777503 131
1673777503 193
1673777503 191
1673777504 200
1673777504 190
1673777504 143
1673777504 173
1673777504 150
1673777505 161
1673777505 152
1673777506 135
1673777506 175
1673777507 108
1673777507 112
1673777507 175
1673777507 135
1673777507 155
1673777508 139
1673777508 117
1673777508 106
1673777508 158
1673777508 173
1673777508 111
1673777509 124
1673777509 167
1673777511 193
1673777511 169
1673777511 116
1673777512 179
1673777512 118
1673777512 137
1673777513 196
1673777513 160
1673777513 177
1673777513 101
1673777514 174
1673777514 121
1673777515 173
1673777516 200
1673777517 162
1673777517 138
1673777518 118
1673777518 103
1673777518 123
1673777518 120
1673777519 179
1673777519 189
1673777519 158
1673777520 137
1673777520 103
1673777520 147
1673777520 110
1673777521 115
1673777521 160
1673777521 107
1673777522 148
1673777522 165
1673777522 109
1673777523 200
1673777523 131
1673777523 144
1673777524 104
1673777524 125
1673777524 167
1673777525 119
1673777525 190
1673777525 141
1673777525 163
1673777526 116
1673777526 104
1673777526 129
1673777527 170
1673777527 171
1673777527 157
1673777527 116
1673777527 166
1673777528 178
1673777528 127
1673777528 120
1673777529 138
1673777529 116
1673777530 169
1673777530 128
1673777530 145
1673777530 105
1673777530 126
1673777531 146
1673777531 158
1673777531 158
1673777532 196
1673777532 140
1673777532 132
1673777532 151
1673777533 107
1673777534 149
1673777534 152
1673777534 177
1673777534 166
1673777535 108
1673777535 111
1673777536 137
1673777536 119
1673777537 177
1673777537 133
1673777538 183
1673777539 140
1673777539 190
1673777539 130
1673777540 179
1673777540 113
1673777540 110
1673777541 128
1673777541 124
1673777541 158
1673777541 136
1673777542 108
1673777543 130
1673777543 148
1673777543 158
1673777543 144
1673777543 174
1673777543 121
1673777544 120
1673777544 125
1673777545 104
1673777545 116
1673777545 115
1673777545 195
1673777545 178
1673777545 192
1673777546 129
1673777546 161
1673777546 132
1673777548 182
1673777548 190
1673777549 149
1673777549 150
1673777549 124
1673777549 111
1673777550 167
1673777551 132
1673777552 175
1673777553 121
1673777553 114
1673777553 142
1673777554 132
1673777554 109
1673777554 176
1673777554 171
1673777555 185
1673777555 174
1673777555 152
1673777556 140
1673777557 164
1673777557 144
1673777557 105
1673777557 113
1673777557 141
1673777558 101
1673777558 192
1673777558 177
1673777558 175
1673777559 186
1673777559 162
1673777559 145
1673777560 183
1673777560 122
1673777560 133
1673777560 132
1673777561 192
1673777562 114
1673777562 197
1673777562 110
1673777563 139
1673777563 184
1673777563 184
1673777564 134
1673777564 112
1673777564 177
1673777564 196
1673777565 195
1673777565 111
1673777565 152
1673777565 155
1673777566 200
1673777567 175
1673777567 111
1673777567 119
1673777567 135
1673777569 138
1673777569 183
1673777569 104
1673777570 119
1673777570 180
1673777571 159
1673777571 156
1673777571 178
1673777572 154
1673777573 117
1673777573 101
1673777573 168
1673777574 126
1673777574 154
1673777575 112
1673777575 190
1673777575 181
1673777575 132
1673777576 121
1673777577 197
1673777577 172
1673777578 106
1673777578 195
1673777579 198
1673777579 175
1673777579 121
1673777580 165
1673777580 167
1673777580 137
1673777580 121
1673777581 194
1673777581 190
1673777581 119
1673777581 144
1673777582 154
1673777583 197
1673777583 181
1673777583 131
1673777584 183
1673777584 196
1673777584 179
1673777584 191
1673777585 119
1673777585 118
1673777586 165
1673777586 124
1673777586 183
1673777587 126
1673777588 170
1673777588 134
1673777588 193
1673777589 175
1673777589 142
1673777591 170
1673777591 127
1673777592 189
1673777592 161
1673777592 157
1673777593 108
1673777593 139
1673777594 174
1673777594 165
1673777595 164
1673777595 121
1673777596 158
1673777596 176
1673777596 101
1673777597 150
1673777597 132
1673777597 145
1673777598 196
1673777598 128
1673777599 183
1673777599 169
1673777599 114
1673777599 151
1673777600 146
1673777600 190
1673777600 192
1673777601 108
1673777602 162
1673777603 161
1673777603 117
1673777604 102
1673777605 119
1673777605 188
1673777605 150
1673777606 195
1673777606 106
1673777606 141
1673777606 142
1673777607 161
1673777607 183
1673777608 188
1673777608 119
1673777608 194
1673777609 144
1673777609 120
1673777610 164
1673777610 158
1673777610 165
1673777610 131
1673777610 116
1673777610 130
1673777611 168
1673777612 185
1673777613 197
1673777613 148
1673777613 190
1673777613 103
1673777614 104
1673777615 140
1673777615 197
1673777615 105
1673777615 112
1673777615 134
1673777615 163
1673777615 185
1673777615 125
1673777616 181
1673777616 136
1673777616 122
1673777617 106
1673777617 137
1673777617 132
1673777617 174
1673777618 174
1673777618 132
1673777618 114
1673777618 161
1673777619 150
1673777620 113
1673777620 195
1673777620 123
1673777620 174
1673777620 186
1673777621 114
1673777621 176
1673777621 101
1673777622 182
1673777622 181
1673777624 161
1673777625 175
1673777625 172
1673777625 197
1673777625 156
1673777626 121
1673777626 171
1673777626 197
1673777627 149
1673777627 200
1673777627 184
1673777628 133
1673777628 186
1673777628 128
1673777629 101
1673777629 126
1673777629 198
1673777629 158
1673777630 167
1673777630 135
1673777630 114
1673777630 104
1673777631 140
1673777631 139
1673777632 110
1673777632 140
1673777632 112
1673777632 191
1673777632 119
1673777632 198
1673777633 154
1673777633 167
1673777633 126
1673777634 119
1673777634 158
1673777634 198
1673777635 144
1673777635 177
1673777636 160
1673777636 123
1673777637 170
1673777637 177
1673777638 120
1673777638 156
1673777638 166
1673777638 184
1673777638 111
1673777638 183
1673777638 123
1673777639 156
1673777639 167
1673777640 112
1673777640 130
1673777640 184
1673777640 117
1673777640 130
1673777641 163
1673777641 130
1673777641 158
1673777642 196
1673777642 132
1673777642 109
1673777643 127
1673777643 170
1673777643 128
1673777644 164
1673777644 158
1673777645 179
1673777646 126
1673777646 169
1673777646 146
1673777647 121
1673777652 126
1673777655 199
1673777655 182
1673777655 158
1673777657 113
1673777658 144
1673777660 197
1673777662 173
1673777662 150
1673777663 106
1673777663 102
1673777664 193
1673777669 164
1673777669 142
1673777669 161
1673777670 155
1673777671 119
1673777672 158
1673777673 170
1673777673 105
1673777673 192
1673777673 181
1673777673 164
1673777674 108
1673777675 107
1673777675 174
1673777677 160
1673777677 133
1673777677 102
1673777678 200
1673777678 107
1673777679 121
1673777681 159
1673777681 145
1673777681 131
1673777682 144
1673777683 102
1673777683 114
1673777684 151
1673777684 185
1673777684 192
1673777685 104
1673777685 139
1673777686 114
1673777687 116
1673777687 190
1673777688 132
1673777688 103
1673777688 176
1673777689 128
1673777689 137
1673777690 103
1673777691 196
1673777691 178
1673777692 165
1673777692 144
1673777693 168
1673777694 189
1673777694 175
1673777695 188
1673777695 105
1673777695 194
1673777696 114
1673777696 188
1673777696 115
1673777696 160
1673777697 191
1673777697 117
1673777698 126
1673777698 120
1673777698 145
1673777698 152
1673777698 131
1673777699 106
1673777699 182
1673777699 106
1673777700 171
1673777700 111
1673777700 143
1673777700 169
1673777701 121
1673777701 164
1673777701 130
1673777701 153
1673777702 153
1673777702 147
1673777702 110
1673777703 123
1673777703 109
1673777704 101
1673777704 178
1673777705 118
1673777706 125
1673777706 101
1673777707 146
1673777707 158
1673777708 137
1673777717 134
1673777717 105
1673777717 168
1673777718 120
1673777718 198
1673777718 119
1673777718 125
1673777718 148
1673777719 143
1673777719 157
1673777719 193
1673777719 188
1673777719 156
1673777720 116
1673777720 195
1673777720 188
1673777720 186
1673777721 124
1673777721 174
1673777721 148
1673777722 193
1673777722 136
1673777723 112
1673777723 173
1673777723 133
1673777724 166
1673777724 157
1673777725 110
1673777725 149
1673777725 118
1673777725 157
1673777726 105
1673777726 169
1673777727 108
1673777728 154
1673777728 109
1673777728 165
1673777728 153
1673777728 158
1673777729 146
1673777729 174
1673777729 101
1673777729 200
1673777730 109
1673777731 151
1673777731 116
1673777731 163
1673777732 185
1673777732 114
1673777733 153
1673777734 150
1673777734 139
1673777734 172
1673777735 191
1673777735 199
1673777735 185
1673777735 126
1673777735 124
1673777736 171
1673777736 163
1673777737 134
1673777738 101
1673777739 123
1673777739 121
1673777740 133
1673777740 168
1673777740 152
1673777741 114
1673777741 155
1673777741 181
1673777742 118
1673777742 162
1673777743 123
1673777743 158
1673777744 162
1673777744 149
1673777744 112
1673777744 187
1673777745 176
1673777745 145
1673777746 132
1673777746 126
1673777747 172
1673777748 168
1673777748 157
1673777749 114
1673777749 173
1673777749 117
1673777749 137
1673777749 168
1673777749 138
1673777749 162
1673777749 198
1673777750 144
1673777750 101
1673777750 109
1673777750 134
1673777751 174
1673777751 198
1673777752 123
1673777752 169
1673777754 189
1673777755 139
1673777756 107
1673777756 147
1673777756 106
1673777756 124
1673777756 137
1673777756 200
1673777757 107
1673777758 130
1673777758 110
1673777758 141
1673777758 193
1673777759 101
1673777759 153
1673777759 102
1673777759 144
1673777759 129
1673777760 190
1673777761 108
1673777761 141
1673777762 194
1673777762 182
1673777762 116
1673777762 129
1673777763 134
1673777763 183
1673777763 122
1673777764 198
1673777764 151
1673777765 185
1673777774 158
1673777775 183
1673777775 108
1673777775 189
1673777775 130
1673777777 141
1673777781 152
1673777781 121
1673777781 108
1673777781 162
1673777781 111
1673777782 167
1673777782 199
1673777782 136
1673777783 185
1673777784 143
1673777786 196
1673777786 187
1673777786 145
1673777787 147
1673777787 122
1673777787 147
1673777788 184
1673777788 183
1673777791 127
1673777798 122
1673777798 160
1673777802 192
1673777805 200
1673777805 135
1673777805 178
1673777805 167
1673777806 144
1673777806 149
1673777806 107
1673777807 113
1673777808 184
1673777808 127
1673777811 138
1673777811 108
1673777811 126
1673777812 127
1673777812 109
1673777812 150
1673777813 181
1673777813 151
1673777814 168
1673777816 170
1673777818 175
1673777819 164
1673777820 199
1673777820 180
1673777829 154
1673777832 153
1673777832 162
1673777833 144
1673777834 182
1673777834 198
1673777834 139
1673777835 121
1673777836 156
1673777838 103
1673777839 190
1673777839 127
1673777844 140
1673777846 129
1673777846 189
1673777847 191
1673777849 198
1673777850 145
1673777851 109
1673777855 170
1673777857 190
1673777857 109
1673777860 106
1673777861 123
1673777861 189
1673777861 196
1673777867 198
1673777867 189
1673777868 200
1673777869 108
1673777869 132
1673777871 105
1673777872 105
1673777873 132
1673777873 174
1673777876 177
1673777880 187
1673777881 150
1673777881 111
1673777883 156
1673777902 173
1673777902 174
1673777902 121
1673777903 149
1673777908 156
1673777908 114
1673777909 166
1673777910 120
1673777910 191
1673777911 180
1673777911 149
1673777913 161
1673777913 164
1673777913 191
1673777914 167
1673777914 198
1673777914 174
1673777917 200
1673777920 181
1673777921 163
1673777924 189
1673777925 119
1673777925 166
1673777928 181
1673777928 113
1673777928 131
1673777929 191
1673777929 140
1673777930 193
1673777930 177
1673777932 157
1673777933 159
1673777933 108
1673777934 167
1673777935 179
1673777935 132
1673777936 174
1673777936 151
1673777936 124
1673777936 185
1673777937 112
1673777938 169
1673777939 187
1673777939 131
1673777940 132
1673777940 174
1673777940 101
1673777943 117
1673777943 184
1673777946 124
1673777946 137
1673777946 123
1673777947 138
1673777947 180
1673777954 129
1673777955 153
1673777957 123
1673777957 114
1673777957 157
1673777957 162
1673777957 129
1673777959 118
1673777959 107
1673777960 199
1673777960 159
1673777960 189
1673777961 147
1673777963 192
1673777965 161
1673777965 156
1673777965 124
1673777968 117
1673777970 180
1673777971 129
1673777972 174
1673777972 196
1673777972 196
1673777972 105
1673777973 196
1673777978 173
1673777981 155
1673777981 109
1673777981 105
1673777981 117
1673777984 142
1673777984 114
1673777985 200
1673777985 179
1673777985 137
1673777986 178
1673777986 126
1673777986 189
1673777987 158
1673777987 134
1673777987 163
1673777988 189
1673777991 160
1673777991 152
1673777996 108
1673777997 189
1673777998 176
1673777999 181
1673778000 127
1673778001 115
1673778002 186
1673778003 193
1673778003 180
1673778003 146
1673778007 121
1673778007 193
1673778008 109
1673778010 117
1673778010 122
1673778011 122
1673778012 117
1673778013 175
1673778013 170
1673778013 156
1673778014 166
1673778016 159
1673778016 179
1673778016 155
1673778018 163
1673778018 188
1673778018 125
1673778024 190
1673778024 160
1673778026 115
1673778026 181
1673778027 161
1673778027 108
1673778030 199
1673778030 160
1673778034 198
1673778034 110
1673778037 178
1673778037 144
1673778037 116
1673778037 153
1673778038 184
1673778049 170
1673778049 183
1673778057 149
1673778057 171
1673778063 107
1673778063 134
1673778065 149
1673778065 195
1673778067 119
1673778073 179
1673778078 153
1673778078 138
1673778083 103
1673778083 130
1673778083 115
1673778083 168
1673778084 158
1673778087 110
1673778095 199
1673778095 170
1673778095 157
1673778100 127
1673778101 109
1673778101 125
1673778101 183
1673778107 121
1673778108 150
1673778109 159
1673778119 128
1673778119 131
1673778123 114
1673778124 118
1673778125 127
1673778129 136
1673778130 115
1673778131 197
1673778133 183
1673778133 103
1673778133 141
1673778133 186
1673778133 127
1673778139 170
1673778140 143
1673778140 133
1673778141 102
1673778143 110
1673778143 173
1673778144 119
1673778144 164
1673778147 152
1673778147 122
1673778149 115
1673778157 117
1673778157 108
1673778158 119
1673778159 126
1673778159 193
1673778159 125
1673778160 108
1673778160 195
1673778162 106
1673778165 179
1673778167 184
1673778167 111
1673778169 192
1673778171 178
1673778176 121
1673778177 138
1673778177 182
1673778180 171
1673778182 135
1673778182 138
1673778189 177
1673778190 182
1673778192 126
1673778192 117
1673778193 126
1673778193 200
1673778194 184
1673778194 165
1673778197 152
1673778198 102
1673778200 179
1673778200 161
1673778201 198
1673778203 119
1673778203 104
1673778203 168
1673778205 147
1673778205 148
1673778206 171
1673778206 109
1673778207 110
1673778207 176
1673778208 192
1673778208 133
1673778208 167
1673778208 105
1673778209 131
1673778210 159
1673778211 152
1673778212 150
1673778212 101
1673778213 117
1673778214 152
1673778214 156
1673778215 158
1673778215 187
1673778217 108
1673778217 165
1673778218 140
1673778218 104
1673778218 150
1673778219 106
1673778221 189
1673778221 163
1673778222 170
1673778223 139
1673778223 172
1673778224 142
1673778224 105
1673778224 152
1673778224 192
1673778225 178
1673778225 112
1673778225 194
1673778228 133
1673778229 108
1673778229 194
1673778231 167
1673778231 182
1673778233 137
1673778233 147
1673778233 145
1673778233 160
1673778233 175
1673778233 142
1673778234 110
1673778235 123
1673778237 194
1673778237 132
1673778238 166
1673778238 168
1673778239 132
1673778239 108
1673778239 133
1673778240 102
1673778240 185
1673778240 114
1673778240 174
1673778240 189
1673778240 200
1673778241 118
1673778241 166
1673778241 181
1673778242 141
1673778242 178
1673778243 172
1673778243 112
1673778244 140
1673778245 115
1673778246 185
1673778246 161
1673778246 197
1673778246 182
1673778247 131
1673778247 180
1673778247 128
1673778248 121
1673778249 182
1673778249 145
1673778249 192
1673778249 112
1673778251 130
1673778251 172
1673778252 151
1673778252 199
1673778252 107
1673778253 120
1673778254 200
1673778254 163
1673778254 188
1673778254 113
1673778254 164
1673778255 193
1673778255 116
1673778255 196
1673778256 183
1673778256 132
1673778257 137
1673778257 151
1673778257 123
1673778258 192
1673778258 126
1673778259 176
1673778259 141
1673778259 165
1673778259 169
1673778259 110
1673778259 190
1673778260 171
1673778260 103
1673778261 144
1673778261 146
1673778261 178
1673778262 101
1673778262 167
1673778262 124
1673778263 161
1673778263 128
1673778263 121
1673778263 161
1673778264 130
1673778264 137
1673778265 170
1673778265 177
1673778265 160
1673778266 112
1673778266 119
1673778266 140
1673778266 170
1673778267 165
1673778268 185
1673778268 155
1673778268 185
1673778269 168
1673778269 138
1673778269 102
1673778269 136
1673778270 101
1673778270 119
1673778270 101
1673778271 127
1673778271 146
1673778272 172
1673778272 200
1673778273 131
1673778273 167
1673778273 140
1673778274 132
1673778274 173
1673778274 131
1673778274 113
1673778274 184
1673778274 137
1673778274 180
1673778274 185
1673778274 155
1673778274 185
1673778274 132
1673778275 113
1673778275 125
1673778275 188
1673778275 157
1673778275 117
1673778275 102
1673778275 192
1673778275 143
1673778276 138
1673778276 140
1673778276 193
1673778277 183
1673778277 200
1673778277 169
1673778277 134
1673778278 178
1673778278 152
1673778279 162
1673778279 198
1673778279 147
1673778279 124
1673778280 111
1673778281 169
1673778281 148
1673778281 183
1673778282 191
1673778282 148
1673778282 181
1673778282 161
1673778283 156
1673778283 119
1673778283 169
1673778283 148
1673778283 148
1673778283 101
1673778283 150
1673778283 113
1673778283 171
1673778284 143
1673778285 147
1673778286 191
1673778286 133
1673778286 132
1673778286 127
1673778286 107
1673778286 145
1673778287 177
1673778287 117
1673778288 120
1673778288 121
1673778288 168
1673778289 135
1673778289 167
1673778289 144
1673778290 172
1673778290 143
1673778291 139
1673778291 155
1673778291 132
1673778291 189
1673778292 129
1673778293 147
1673778293 181
1673778294 141
1673778294 123
1673778294 173
1673778294 179
1673778295 147
1673778295 129
1673778295 156
1673778296 121
1673778296 123
1673778296 151
1673778297 149
1673778297 115
1673778298 105
1673778298 192
1673778299 149
1673778299 113
1673778299 200
1673778300 137
1673778300 165
1673778300 153
1673778300 160
1673778300 138
1673778301 142
1673778302 178
1673778302 124
1673778303 194
1673778303 128
1673778303 166
1673778303 198
1673778303 198
1673778304 141
1673778304 184
1673778304 184
1673778306 168
1673778306 140
1673778306 167
1673778306 101
1673778307 166
1673778307 199
1673778307 134
1673778307 124
1673778308 131
1673778308 145
1673778308 191
1673778308 162
1673778309 172
1673778309 102
1673778310 110
1673778310 169
1673778310 116
1673778310 172
1673778312 129
1673778312 195
1673778313 172
1673778313 181
1673778313 191
1673778314 190
1673778314 115
1673778314 105
1673778315 117
1673778315 118
1673778315 183
1673778316 112
1673778316 180
1673778316 187
1673778317 195
1673778317 196
1673778318 195
1673778318 141
1673778318 145
1673778319 117
1673778319 171
1673778320 119
1673778320 113
1673778320 156
1673778321 171
1673778321 193
1673778322 161
1673778322 140
1673778323 136
1673778323 192
1673778324 184
1673778324 102
1673778324 175
1673778325 187
1673778325 172
1673778326 143
1673778326 189
1673778326 112
1673778327 135
1673778327 143
1673778327 163
1673778327 102
1673778328 189
1673778328 138
1673778328 103
1673778328 135
1673778329 169
1673778329 190
1673778330 183
1673778330 172
1673778330 125
1673778330 104
1673778330 198
1673778330 117
1673778331 194
1673778331 130
1673778331 139
1673778331 133
1673778332 135
1673778333 181
1673778333 171
1673778333 129
1673778334 156
1673778335 120
1673778335 139
1673778336 165
1673778336 184
1673778337 159
1673778338 110
1673778338 149
1673778339 189
1673778339 184
1673778340 135
1673778340 130
1673778340 163
1673778341 183
1673778341 176
1673778342 195
1673778342 168
1673778342 193
1673778343 125
1673778344 182
1673778345 156
1673778346 161
1673778347 168
1673778347 161
1673778348 103
1673778349 144
1673778350 176
1673778350 157
1673778350 192
1673778351 168
1673778351 168
1673778351 194
1673778352 163
1673778352 127
1673778352 117
1673778353 182
1673778353 183
1673778354 134
1673778354 188
1673778354 193
1673778354 130
1673778354 197
1673778355 178
1673778355 174
1673778355 161
1673778355 108
1673778355 195
1673778356 139
1673778357 171
1673778357 189
1673778359 173
1673778360 188
1673778360 181
1673778361 140
1673778361 155
1673778361 189
1673778361 147
1673778362 121
1673778362 196
1673778363 183
1673778363 200
1673778363 166
1673778364 141
1673778364 142
1673778364 181
1673778365 111
1673778365 162
1673778365 197
1673778366 183
1673778366 193
1673778366 183
1673778367 195
1673778367 185
1673778367 172
1673778367 174
1673778368 167
1673778368 131
1673778369 132
1673778369 129
1673778369 141
1673778369 158
1673778369 199
1673778371 161
1673778371 171
1673778371 153
1673778372 155
1673778372 132
1673778372 178
1673778373 147
1673778374 169
1673778374 184
1673778374 109
1673778374 108
1673778375 188
1673778375 199
1673778375 187
1673778376 182
1673778376 108
1673778376 184
1673778377 143
1673778377 192
1673778378 177
1673778378 108
1673778378 111
1673778379 139
1673778379 161
1673778379 104
1673778380 116
1673778380 113
1673778380 118
1673778380 192
1673778380 145
1673778381 109
1673778381 186
1673778381 183
1673778381 171
1673778381 120
1673778381 159
1673778381 116
1673778382 160
1673778382 129
1673778382 176
1673778382 130
1673778382 123
1673778383 136
1673778383 192
1673778384 108
1673778384 187
1673778384 146
1673778384 112
1673778384 155
1673778384 178
1673778384 139
1673778384 126
1673778385 165
1673778385 177
1673778386 163
1673778386 194
1673778387 138
1673778387 183
1673778387 178
1673778388 180
1673778388 158
1673778388 196
1673778388 121
1673778389 129
1673778389 200
1673778389 188
1673778389 108
1673778390 131
1673778390 140
1673778390 168
1673778390 128
1673778390 191
1673778391 135
1673778391 140
1673778392 179
1673778393 134
1673778393 125
1673778393 191
1673778394 198
1673778394 137
1673778394 142
1673778395 180
1673778395 134
1673778395 152
1673778395 124
1673778395 148
1673778396 189
1673778396 103
1673778396 136
1673778396 168
1673778396 119
1673778396 192
1673778397 192
1673778397 166
1673778397 187
1673778397 194
1673778397 191
1673778397 184
1673778398 142
1673778398 197
1673778398 109
1673778398 159
1673778399 153
1673778400 101
1673778400 104
1673778400 125
1673778401 198
1673778401 125
1673778401 144
1673778401 144
1673778402 126
1673778402 143
1673778402 197
1673778403 141
1673778403 164
1673778404 153
1673778404 172
1673778404 125
1673778404 163
1673778404 184
1673778404 159
1673778405 192
1673778405 130
1673778406 119
1673778406 133
1673778406 114
1673778406 164
1673778406 135
1673778407 136
1673778407 192
1673778407 140
1673778407 187
1673778407 191
1673778407 130
1673778408 148
1673778409 177
1673778410 132
1673778410 167
1673778411 143
1673778411 190
1673778411 184
1673778411 157
1673778411 199
1673778412 125
1673778412 197
1673778412 147
1673778413 105
1673778414 144
1673778414 127
1673778414 151
1673778415 116
1673778416 197
1673778416 107
1673778416 164
1673778416 134
1673778416 176
1673778417 147
1673778418 130
1673778418 141
1673778418 156
1673778419 198
1673778419 186
1673778419 160
1673778420 148
1673778420 133
1673778420 143
1673778420 124
1673778421 120
1673778421 172
1673778421 132
1673778421 187
1673778421 123
1673778422 133
1673778422 141
1673778423 199
1673778423 101
1673778423 160
1673778424 187
1673778424 127
1673778424 112
1673778425 151
1673778425 199
1673778425 197
1673778425 166
1673778426 131
1673778427 142
1673778427 149
1673778427 127
1673778428 108
1673778428 197
1673778429 148
1673778429 194
1673778429 111
1673778429 189
1673778431 159
1673778431 122
1673778431 185
1673778431 152
1673778431 137
1673778431 165
1673778432 128
1673778432 182
1673778433 138
1673778433 138
1673778433 152
1673778433 147
1673778434 197
1673778434 127
1673778434 125
1673778434 140
1673778435 171
1673778435 103
1673778436 117
1673778436 135
1673778436 186
1673778436 113
1673778436 152
1673778436 167
1673778436 133
1673778437 170
1673778437 168
1673778437 167
1673778437 139
1673778438 115
1673778438 111
1673778438 140
1673778438 109
1673778439 186
1673778440 199
1673778440 177
1673778440 174
1673778440 113
1673778441 199
1673778441 200
1673778441 199
1673778442 154
1673778442 197
1673778442 104
1673778443 147
1673778443 164
1673778443 177
1673778443 166
1673778444 103
1673778444 148
1673778444 141
1673778444 180
1673778444 123
1673778444 135
1673778445 175
1673778445 175
1673778445 156
1673778445 105
1673778446 191
1673778446 196
1673778446 167
1673778446 163
1673778447 117
1673778447 158
1673778450 173
1673778450 139
1673778450 153
1673778450 102
1673778451 170
1673778451 154
1673778451 139
1673778451 125
1673778452 144
1673778452 144
1673778452 182
1673778452 184
1673778453 101
1673778453 188
1673778453 174
1673778453 177
1673778453 161
1673778454 200
1673778454 200
1673778454 160
1673778454 123
1673778454 198
1673778455 159
1673778455 189
1673778455 152
1673778455 112
1673778455 151
1673778456 111
1673778456 185
1673778456 186
1673778457 199
1673778457 188
1673778457 165
1673778457 114
1673778457 123
1673778458 168
1673778458 175
1673778458 119
1673778458 106
1673778459 181
1673778459 122
1673778460 191
1673778460 198
1673778460 122
1673778460 128
1673778461 161
1673778461 141
1673778461 132
1673778462 181
1673778463 159
1673778463 169
1673778463 169
1673778463 200
1673778463 109
1673778464 189
1673778464 111
1673778465 200
1673778465 159
1673778465 150
1673778465 137
1673778466 195
1673778467 191
1673778467 143
1673778467 141
1673778469 133
1673778469 111
1673778470 119
1673778470 119
1673778471 126
1673778471 170
1673778471 167
1673778471 136
1673778472 114
1673778472 161
1673778473 142
1673778473 138
1673778474 130
1673778474 182
1673778474 193
1673778475 177
1673778476 189
1673778476 169
1673778476 137
1673778476 177
1673778476 126
1673778476 128
1673778477 132
1673778477 102
1673778477 161
1673778478 141
1673778479 160
1673778479 147
1673778479 186
1673778479 190
1673778480 127
1673778480 183
1673778480 104
1673778480 113
1673778481 175
1673778481 148
1673778481 187
1673778481 139
1673778481 134
1673778481 174
1673778482 110
1673778482 144
1673778482 108
1673778483 126
1673778483 182
1673778484 174
1673778484 125
1673778484 111
1673778485 107
1673778485 146
1673778485 101
1673778485 142
1673778485 162
1673778485 141
1673778485 131
1673778485 159
1673778486 145
1673778486 120
1673778486 186
1673778486 196
1673778486 127
1673778486 170
1673778486 126
1673778487 186
1673778488 193
1673778489 118
1673778489 144
1673778489 122
1673778489 116
1673778489 183
1673778489 143
1673778489 101
1673778490 168
1673778490 114
1673778490 181
1673778490 140
1673778490 164
1673778490 131
1673778490 173
1673778491 124
1673778491 196
1673778491 112
1673778492 125
1673778492 121
1673778493 182
1673778493 153
1673778493 164
1673778494 132
1673778494 157
1673778494 119
1673778495 110
1673778495 130
1673778495 167
1673778496 146
1673778497 146
1673778497 147
1673778497 116
1673778497 106
1673778497 161
1673778498 151
1673778498 119
1673778499 148
1673778499 141
1673778500 183
1673778500 172
1673778500 144
1673778500 139
1673778500 159
1673778501 144
1673778501 154
1673778502 186
1673778503 144
1673778503 151
1673778503 134
1673778503 111
1673778503 192
1673778504 188
1673778504 147
1673778504 200
1673778504 169
1673778505 107
1673778505 188
1673778505 152
1673778505 107
1673778506 199
1673778506 104
1673778506 113
1673778507 109
1673778507 110
1673778507 167
1673778507 175
1673778508 200
1673778508 192
1673778509 188
1673778509 134
1673778509 104
1673778511 193
1673778511 127
1673778511 197
1673778512 193
1673778513 131
1673778513 133
1673778514 180
1673778514 162
1673778514 111
1673778515 141
1673778515 111
1673778516 167
1673778516 180
1673778517 164
1673778517 182
1673778517 145
1673778518 164
1673778518 102
1673778518 151
1673778518 141
1673778519 151
1673778520 177
1673778521 194
1673778522 177
1673778523 122
1673778523 109
1673778523 175
1673778524 176
1673778524 146
1673778524 120
1673778525 135
1673778526 174
1673778527 192
1673778527 135
1673778528 192
1673778528 118
1673778529 157
1673778529 113
1673778529 148
1673778530 155
1673778530 155
1673778530 110
1673778531 120
1673778531 108
1673778532 120
1673778532 109
1673778532 162
1673778533 121
1673778534 133
1673778534 173
1673778534 167
1673778534 188
1673778535 163
1673778535 174
1673778535 103
1673778536 103
1673778537 134
1673778537 107
1673778537 158
1673778537 172
1673778537 144
1673778538 183
1673778538 151
1673778539 117
1673778539 144
1673778539 190
1673778539 181
1673778539 159
1673778539 121
1673778539 103
1673778540 176
1673778541 199
1673778541 194
1673778542 199
1673778542 136
1673778543 133
1673778543 164
1673778543 169
1673778544 183
1673778544 174
1673778544 144
1673778545 166
1673778545 188
1673778545 139
1673778545 151
1673778545 104
1673778546 138
1673778547 161
1673778547 124
1673778547 191
1673778548 163
1673778548 192
1673778548 123
1673778548 115
1673778548 153
1673778549 118
1673778549 176
1673778549 153
1673778550 174
1673778550 115
1673778550 197
1673778550 124
1673778551 172
1673778551 145
1673778551 199
1673778551 151
1673778551 115
1673778552 101
1673778552 156
1673778553 101
1673778554 138
1673778554 106
1673778554 159
1673778555 173
1673778555 147
1673778555 187
1673778555 174
1673778555 168
1673778556 122
1673778556 164
1673778556 181
1673778557 130
1673778557 200
1673778557 179
1673778558 175
1673778559 178
1673778559 161
1673778559 136
1673778559 154
1673778560 104
1673778560 188
1673778560 105
1673778561 156
1673778561 147
1673778561 145
1673778562 198
1673778562 165
1673778562 149
1673778562 149
1673778563 105
1673778563 159
1673778565 146
1673778565 136
1673778566 183
1673778566 156
1673778566 158
1673778567 133
1673778568 136
1673778568 126
1673778569 199
1673778569 144
1673778570 123
1673778570 146
1673778570 110
1673778570 153
1673778570 173
1673778571 110
1673778571 190
1673778572 102
1673778572 134
1673778572 110
1673778572 114
1673778572 104
1673778573 114
1673778573 183
1673778574 193
1673778574 172
1673778574 149
1673778575 122
1673778575 198
1673778575 164
1673778575 119
1673778575 106
1673778577 191
1673778577 117
1673778577 197
1673778577 110
1673778578 196
1673778579 103
1673778579 175
1673778579 184
1673778579 123
1673778581 189
1673778582 157
1673778582 137
1673778583 172
1673778584 180
1673778584 103
1673778585 159
1673778586 138
1673778586 136
1673778587 169
1673778587 123
1673778587 178
1673778587 115
1673778588 175
1673778588 117
1673778589 157
1673778589 170
1673778589 155
1673778589 105
1673778589 104
1673778589 152
1673778590 137
1673778590 177
1673778591 200
1673778591 149
1673778591 160
1673778592 172
1673778592 132
1673778592 162
1673778592 149
1673778593 172
1673778593 146
1673778593 120
1673778594 168
1673778594 190
1673778594 194
1673778594 111
1673778595 108
1673778595 190
1673778595 169
1673778596 132
1673778597 134
1673778597 140
1673778598 187
1673778598 114
1673778598 160
1673778599 189
1673778599 126
1673778599 131
1673778600 166
1673778601 186
1673778601 177
1673778601 154
1673778601 124
1673778601 134
1673778601 132
1673778601 137
1673778601 150
1673778602 157
1673778602 179
1673778602 115
1673778603 131
1673778604 110
1673778605 185
1673778606 147
1673778606 127
1673778606 117
1673778606 182
1673778606 171
1673778607 182
1673778607 158
1673778608 161
1673778608 133
1673778608 118
1673778608 164
1673778608 110
1673778608 136
1673778608 181
1673778609 150
1673778609 181
1673778609 106
1673778609 197
1673778610 154
1673778610 106
1673778610 151
1673778610 163
1673778610 176
1673778610 176
1673778611 137
1673778611 152
1673778611 121
1673778612 159
1673778613 191
1673778614 127
1673778614 157
1673778614 131
1673778615 180
1673778615 197
1673778615 133
1673778615 137
1673778615 179
1673778616 156
1673778616 195
1673778616 189
1673778617 113
1673778617 102
1673778617 112
1673778618 105
1673778618 108
1673778619 173
1673778619 121
1673778619 190
1673778619 121
1673778619 176
1673778620 115
1673778620 127
1673778620 198
1673778621 200
1673778621 118
1673778621 199
1673778621 152
1673778621 161
1673778622 186
1673778623 109
1673778623 179
1673778623 103
1673778624 192
1673778624 155
1673778624 150
1673778624 145
1673778625 175
1673778625 123
1673778625 165
1673778626 186
1673778627 112
1673778627 194
1673778627 160
1673778628 110
1673778628 195
1673778628 116
1673778629 167
1673778629 146
1673778630 101
1673778630 200
1673778631 138
1673778631 149
1673778631 199
1673778632 165
1673778632 104
1673778632 170
1673778632 178
1673778632 184
1673778633 104
1673778633 186
1673778633 101
1673778633 122
1673778633 198
1673778633 173
1673778634 184
1673778634 191
1673778634 195
1673778635 187
1673778635 146
1673778635 178
1673778635 162
1673778636 131
1673778636 162
1673778636 195
1673778636 150
1673778638 185
1673778638 165
1673778639 151
1673778640 196
1673778640 127
1673778640 176
1673778640 169
1673778640 178
1673778640 109
1673778641 156
1673778641 155
1673778641 196
1673778642 102
1673778642 178
1673778642 172
1673778643 104
1673778643 148
1673778643 101
1673778644 179
1673778644 109
1673778644 139
1673778645 178
1673778645 196
1673778645 121
1673778646 186
1673778647 188
1673778647 125
1673778648 104
1673778648 135
1673778648 174
1673778648 137
1673778649 182
1673778649 120
1673778649 162
1673778649 110
1673778650 199
1673778651 118
1673778651 106
1673778652 185
1673778652 200
1673778652 174
1673778652 103
1673778653 146
1673778653 147
1673778654 143
1673778654 147
1673778654 156
1673778654 128
1673778654 168
1673778655 186
1673778655 154
1673778655 193
1673778655 179
1673778656 137
1673778656 182
1673778656 137
1673778656 134
1673778656 182
1673778657 130
1673778657 199
1673778657 192
1673778658 148
1673778658 164
1673778658 175
1673778659 142
1673778660 120
1673778661 192
1673778662 144
1673778662 156
1673778664 157
1673778664 155
1673778665 103
1673778665 104
1673778666 186
1673778666 151
1673778666 122
1673778667 170
1673778667 176
1673778668 155
1673778669 175
1673778669 149
1673778669 104
1673778669 104
1673778670 133
1673778670 124
1673778671 133
1673778671 172
1673778671 189
1673778672 170
1673778672 186
1673778672 109
1673778672 200
1673778672 149
1673778673 167
1673778673 126
1673778673 159
1673778673 179
1673778675 153
1673778675 154
1673778675 198
1673778675 197
1673778675 145
1673778676 142
1673778677 150
1673778678 139
1673778678 180
1673778679 112
1673778679 130
1673778679 104
1673778679 101
1673778680 145
1673778680 169
1673778680 141
1673778680 108
1673778681 155
1673778681 178
1673778681 192
1673778681 169
1673778682 195
1673778682 137
1673778682 117
1673778682 165
1673778683 147
1673778684 107
1673778684 128
1673778684 116
1673778684 190
1673778684 163
1673778684 166
1673778684 167
1673778685 132
1673778685 191
1673778685 178
1673778685 139
1673778686 200
1673778686 196
1673778687 128
1673778688 117
1673778688 173
1673778688 124
1673778688 142
1673778689 132
1673778689 140
1673778689 177
1673778689 126
1673778689 195
1673778689 113
1673778690 116
1673778690 113
1673778690 145
1673778690 183
1673778691 189
1673778691 153
1673778692 174
1673778692 104
1673778692 123
1673778693 187
1673778693 195
1673778694 123
1673778694 120
1673778694 113
1673778694 125
1673778695 141
1673778695 141
1673778695 102
1673778696 132
1673778696 185
1673778696 110
1673778696 182
1673778696 196
1673778696 185
1673778697 190
1673778697 131
1673778698 165
1673778698 186
1673778698 135
1673778698 142
1673778698 183
1673778699 162
1673778699 130
1673778700 170
1673778700 189
1673778701 141
1673778702 123
1673778702 105
1673778702 154
1673778703 145
1673778703 150
1673778706 134
1673778706 105
1673778707 137
1673778707 171
1673778707 141
1673778707 126
1673778707 185
1673778707 143
1673778708 137
1673778708 166
1673778709 178
1673778709 189
1673778709 143
1673778709 141
1673778710 144
1673778710 117
1673778711 182
1673778711 187
1673778711 170
1673778712 109
1673778712 122
1673778712 124
1673778713 115
1673778713 198
1673778713 139
1673778713 124
1673778713 145
1673778714 117
1673778714 165
1673778715 156
1673778715 195
1673778715 171
1673778715 154
1673778715 105
1673778716 176
1673778717 192
1673778717 186
1673778717 110
1673778717 188
1673778717 110
1673778717 167
1673778718 143
1673778719 171
1673778719 122
1673778719 172
1673778719 123
1673778720 141
1673778720 157
1673778720 163
1673778722 155
1673778722 161
1673778723 200
1673778723 158
1673778723 148
1673778723 122
1673778723 124
1673778723 117
1673778724 117
1673778724 122
1673778724 165
1673778725 118
1673778725 164
1673778725 127
1673778726 136
1673778726 129
1673778726 113
1673778726 135
1673778727 166
1673778727 192
1673778727 135
1673778727 135
1673778728 115
1673778728 176
1673778729 101
1673778729 115
1673778729 141
1673778729 171
1673778730 144
1673778730 142
1673778730 189
1673778730 200
1673778731 123
1673778731 144
1673778732 161
1673778733 187
1673778733 168
1673778733 109
1673778733 151
1673778733 144
1673778734 116
1673778734 192
1673778734 183
1673778735 200
1673778735 147
1673778736 105
1673778736 173
1673778736 136
1673778736 148
1673778736 185
1673778737 176
1673778737 106
1673778737 163
1673778737 138
1673778739 146
1673778739 190
1673778739 155
1673778740 189
1673778740 165
1673778741 118
1673778742 163
1673778742 146
1673778743 159
1673778743 130
1673778743 160
1673778744 105
1673778744 171
1673778745 136
1673778745 126
1673778746 147
1673778746 114
1673778746 112
1673778747 176
1673778747 106
1673778747 111
1673778748 153
1673778748 179
1673778749 122
1673778750 193
1673778750 185
1673778750 170
1673778751 182
1673778751 196
1673778751 187
1673778752 147
1673778752 160
1673778752 147
1673778752 104
1673778752 115
1673778752 191
1673778753 184
1673778753 178
1673778753 189
1673778753 106
1673778754 190
1673778755 123
1673778755 156
1673778755 159
1673778756 101
1673778757 149
1673778757 185
1673778758 181
1673778758 145
1673778759 105
1673778760 182
1673778760 148
1673778761 163
1673778761 175
1673778762 147
1673778762 150
1673778763 177
1673778763 146
1673778763 140
1673778763 193
1673778763 112
1673778764 177
1673778764 188
1673778765 162
1673778765 102
1673778765 197
1673778765 154
1673778765 108
1673778765 198
1673778765 113
1673778765 134
1673778765 178
1673778766 168
1673778768 133
1673778768 101
1673778768 127
1673778768 142
1673778769 187
1673778769 189
1673778769 169
1673778770 177
1673778770 173
1673778770 191
1673778770 189
1673778770 146
1673778770 169
1673778770 154
1673778771 104
1673778772 169
1673778772 126
1673778773 111
1673778774 112
1673778774 179
1673778774 177
1673778775 140
1673778775 199
1673778775 128
1673778775 186
1673778775 107
1673778776 185
1673778776 146
1673778776 188
1673778776 105
1673778776 136
1673778776 185
1673778777 152
1673778777 199
1673778777 120
1673778778 183
1673778779 102
1673778779 104
1673778779 140
1673778779 178
1673778779 130
1673778779 171
1673778779 180
1673778779 129
1673778780 119
1673778780 172
1673778780 135
1673778781 137
1673778781 152
1673778781 163
1673778781 173
1673778781 122
1673778782 173
1673778782 170
1673778782 145
1673778783 193
1673778784 199
1673778784 174
1673778784 165
1673778784 109
1673778785 175
1673778785 108
1673778785 184
1673778786 172
1673778786 167
1673778786 165
1673778786 104
1673778786 117
1673778787 152
1673778787 190
1673778787 185
1673778787 110
1673778788 134
1673778789 183
1673778789 156
1673778789 150
1673778790 144
1673778790 142
1673778791 200
1673778792 138
1673778793 121
1673778793 191
1673778793 172
1673778793 200
1673778793 125
1673778793 198
1673778793 121
1673778793 155
1673778794 164
1673778794 183
1673778794 172
1673778795 149
1673778795 140
1673778795 181
1673778795 163
1673778795 177
1673778796 200
1673778796 124
1673778796 117
1673778796 176
1673778797 102
1673778797 184
1673778797 199
1673778798 188
1673778798 136
1673778799 111
1673778800 122
1673778800 151
1673778800 165
1673778800 194
1673778800 200
1673778800 105
1673778800 131
1673778801 172
1673778801 113
1673778801 107
1673778801 146
1673778801 155
1673778801 107
1673778801 102
1673778801 131
1673778802 148
1673778802 180
1673778802 159
1673778802 173
1673778803 129
1673778803 197
1673778804 129
1673778804 128
1673778804 155
1673778804 177
1673778805 143
1673778805 112
1673778805 177
1673778805 102
1673778805 143
1673778806 154
1673778806 196
1673778806 158
1673778807 124
1673778807 108
1673778807 111
1673778807 143
1673778807 106
1673778807 173
1673778808 188
1673778808 188
1673778809 110
1673778809 160
1673778809 123
1673778809 138
1673778810 118
1673778811 145
1673778811 157
1673778811 160
1673778811 166
1673778812 161
1673778812 111
1673778814 126
1673778814 108
1673778814 154
1673778815 149
1673778816 181
1673778816 196
1673778816 177
1673778817 129
1673778818 102
1673778818 106
1673778819 106
1673778819 168
1673778819 162
1673778820 165
1673778821 130
1673778821 161
1673778821 183
1673778821 149
1673778821 107
1673778822 153
1673778822 172
1673778822 144
1673778822 117
1673778823 106
1673778823 105
1673778824 170
1673778825 170
1673778825 118
1673778825 171
1673778825 192
1673778826 180
1673778827 170
1673778827 195
1673778827 191
1673778829 136
1673778830 132
1673778830 144
1673778832 118
1673778833 105
1673778833 133
1673778834 167
1673778834 102
1673778835 187
1673778835 154
1673778835 142
1673778835 161
1673778836 104
1673778836 131
1673778836 141
1673778836 192
1673778836 188
1673778837 170
1673778837 118
1673778837 168
1673778838 162
1673778838 129
1673778839 122
1673778839 198
1673778839 174
1673778840 173
1673778840 113
1673778840 185
1673778840 160
1673778840 167
1673778841 190
1673778841 192
1673778843 176
1673778843 102
1673778845 106
1673778845 184
1673778846 192
1673778846 137
1673778847 115
1673778848 154
1673778848 183
1673778848 138
1673778849 133
1673778849 199
1673778849 155
1673778850 117
1673778851 166
1673778851 153
1673778852 150
1673778852 137
1673778852 146
1673778853 138
1673778855 152
1673778855 138
1673778855 112
1673778855 199
1673778856 140
1673778856 140
1673778859 119
1673778859 155
1673778859 185
1673778859 188
1673778859 179
1673778859 131
1673778859 113
1673778859 190
1673778859 179
1673778860 193
1673778860 144
1673778860 158
1673778861 199
1673778861 143
1673778861 153
1673778862 145
1673778862 128
1673778862 123
1673778862 120
1673778863 172
1673778863 155
1673778864 169
1673778864 188
1673778865 173
1673778865 165
1673778865 177
1673778867 123
1673778868 118
1673778868 108
1673778868 200
1673778869 158
1673778869 177
1673778869 117
1673778869 106
1673778869 200
1673778870 107
1673778870 111
1673778870 159
1673778871 190
1673778871 192
1673778872 137
1673778872 103
1673778873 181
1673778874 168
1673778874 134
1673778874 181
1673778874 112
1673778874 109
1673778874 126
1673778874 158
1673778874 139
1673778875 193
1673778875 101
1673778875 133
1673778875 127
1673778876 171
1673778876 153
1673778876 163
1673778877 161
1673778877 165
1673778878 140
1673778878 180
1673778878 102
1673778879 132
1673778879 123
1673778879 162
1673778879 101
1673778880 161
1673778880 168
1673778880 123
1673778880 172
1673778881 120
1673778882 138
1673778882 121
1673778882 184
1673778882 163
1673778883 160
1673778883 141
1673778883 181
1673778883 163
1673778884 199
1673778884 147
1673778884 111
1673778884 195
1673778884 171
1673778884 195
1673778885 146
1673778885 171
1673778885 122
1673778886 197
1673778886 167
1673778886 148
1673778886 135
1673778887 160
1673778887 142
1673778887 165
1673778887 174
1673778888 105
1673778888 103
1673778889 139
1673778890 122
1673778890 154
1673778891 188
1673778891 119
1673778892 190
1673778892 157
1673778893 146
1673778893 176
1673778893 124
1673778894 140
1673778894 151
1673778895 200
1673778895 163
1673778895 120
1673778895 165
1673778896 191
1673778896 135
1673778896 118
1673778897 181
1673778898 163
1673778899 198
1673778899 200
1673778899 200
1673778900 187
1673778900 146
1673778901 135
1673778902 157
1673778902 146
1673778902 191
1673778902 126
1673778903 130
1673778904 118
1673778904 133
1673778904 133
1673778904 198
1673778905 115
1673778908 149
1673778909 101
1673778909 105
1673778910 122
1673778910 183
1673778910 110
1673778911 137
1673778911 109
1673778911 194
1673778912 156
1673778913 143
1673778913 198
1673778913 162
1673778914 150
1673778914 159
1673778914 129
1673778915 105
1673778915 175
1673778915 194
1673778915 167
1673778915 150
1673778916 181
1673778916 189
1673778916 132
1673778918 129
1673778918 163
1673778918 133
1673778919 103
1673778919 193
1673778919 166
1673778919 109
1673778919 162
1673778920 174
1673778920 145
1673778920 140
1673778920 133
1673778921 116
1673778921 164
1673778921 163
1673778922 113
1673778923 176
1673778923 117
1673778924 161
1673778924 200
1673778924 110
1673778924 121
1673778925 116
1673778925 167
1673778925 139
1673778926 128
1673778926 129
1673778927 139
1673778928 162
1673778928 156
1673778928 147
1673778929 117
1673778929 137
1673778929 147
1673778929 188
1673778929 156
1673778930 148
1673778930 104
1673778930 121
1673778930 187
1673778930 158
1673778931 111
1673778931 119
1673778932 199
1673778933 142
1673778933 106
1673778933 151
1673778934 159
1673778934 197
1673778935 101
1673778935 145
1673778935 198
1673778935 139
1673778935 101
1673778936 128
1673778936 119
1673778936 163
1673778937 162
1673778937 177
1673778938 149
1673778938 110
1673778938 172
1673778938 176
1673778938 194
1673778939 170
1673778939 127
1673778940 165
1673778940 111
1673778940 145
1673778941 112
1673778941 140
1673778941 136
1673778942 146
1673778942 200
1673778942 133
1673778942 198
1673778943 139
1673778943 190
1673778943 156
1673778943 167
1673778944 125
1673778944 141
1673778945 146
1673778945 137
1673778945 163
1673778945 131
1673778946 119
1673778946 108
1673778946 163
1673778946 134
1673778946 128
1673778946 124
1673778947 112
1673778947 126
1673778947 198
1673778948 118
1673778948 200
1673778948 151
1673778948 164
1673778949 152
1673778950 143
1673778950 173
1673778950 108
1673778950 162
1673778950 191
1673778951 115
1673778951 117
1673778952 119
1673778952 183
1673778952 150
1673778952 151
1673778952 142
1673778952 156
1673778953 163
1673778953 126
1673778954 122
1673778954 131
1673778954 177
1673778954 169
1673778955 123
1673778955 153
1673778955 187
1673778956 141
1673778956 150
1673778956 113
1673778956 170
1673778957 178
1673778957 190
1673778958 143
1673778958 104
1673778958 103
1673778958 137
1673778958 107
1673778959 159
1673778959 186
1673778959 150
1673778959 133
1673778959 116
1673778959 149
1673778960 127
1673778960 170
1673778960 129
1673778961 188
1673778961 119
1673778961 121
1673778962 115
1673778962 167
1673778962 164
1673778962 169
1673778962 163
1673778963 142
1673778965 135
1673778966 119
1673778966 184
1673778966 123
1673778966 182
1673778966 144
1673778967 136
1673778968 200
1673778968 103
1673778968 128
1673778968 112
1673778968 107
1673778969 169
1673778970 176
1673778970 131
1673778971 112
1673778972 112
1673778972 120
1673778973 123
1673778973 120
1673778973 168
1673778973 169
1673778973 163
1673778974 157
1673778975 141
1673778975 168
1673778976 149
1673778976 125
1673778977 185
1673778977 160
1673778977 172
1673778978 163
1673778979 157
1673778979 114
1673778981 166
1673778982 104
1673778982 180
1673778983 113
1673778983 200
1673778983 173
1673778983 128
1673778983 188
1673778984 174
1673778984 148
1673778984 104
1673778985 139
1673778985 183
1673778985 185
1673778985 131
1673778985 105
1673778985 146
1673778986 145
1673778986 198
1673778987 150
1673778987 165
1673778987 185
1673778987 135
1673778988 170
1673778988 152
1673778989 183
1673778989 126
1673778989 156
1673778989 133
1673778990 161
1673778990 167
1673778990 132
1673778991 118
1673778991 200
1673778991 197
1673778991 114
1673778991 120
1673778991 116
1673778992 194
1673778992 148
1673778992 198
1673778992 172
1673778993 105
1673778993 139
1673778994 140
1673778994 127
1673778994 114
1673778994 165
1673778994 154
1673778995 189
1673778995 118
1673778995 146
1673778996 175
1673778997 165
1673778997 187
1673778997 107
1673778997 129
1673778998 149
1673778998 147
1673778999 149
1673778999 166
1673778999 140
1673778999 164
1673779000 180
1673779000 129
1673779000 161
1673779001 129
1673779001 107
1673779001 131
1673779002 169
1673779002 166
1673779002 118
1673779002 160
1673779003 120
1673779004 190
1673779004 148
1673779004 104
1673779005 106
1673779006 136
1673779006 169
1673779007 193
1673779007 171
1673779007 140
1673779007 197
1673779008 104
1673779008 164
1673779008 109
1673779008 119
1673779009 125
1673779009 145
1673779009 111
1673779010 184
1673779010 151
1673779010 133
1673779011 197
1673779011 188
1673779011 154
1673779011 130
1673779011 164
1673779012 189
1673779012 192
1673779013 200
1673779013 145
1673779013 105
1673779013 125
1673779014 146
1673779014 107
1673779014 125
1673779014 160
1673779014 140
1673779014 145
1673779014 102
1673779015 149
1673779015 146
1673779015 117
1673779015 174
1673779016 128
1673779016 200
1673779016 148
1673779017 152
1673779017 131
1673779017 156
1673779017 174
1673779018 104
1673779018 117
1673779018 170
1673779018 113
1673779018 194
1673779019 187
1673779019 193
1673779020 173
1673779021 196
1673779022 163
1673779022 181
1673779022 176
1673779023 163
1673779024 152
1673779024 193
1673779024 146
1673779025 142
1673779025 143
1673779025 161
1673779025 135
1673779026 145
1673779027 111
1673779027 192
1673779027 155
1673779028 114
1673779028 172
1673779028 128
1673779029 181
1673779029 117
1673779029 173
1673779030 147
1673779030 143
1673779031 178
1673779031 109
1673779032 199
1673779032 192
1673779032 117
1673779032 104
1673779033 111
1673779033 125
1673779033 190
1673779033 120
1673779033 162
1673779033 158
1673779033 148
1673779034 115
1673779034 107
1673779035 188
1673779035 147
1673779035 171
1673779035 176
1673779035 156
1673779035 193
1673779036 156
1673779036 101
1673779036 186
1673779036 102
1673779036 142
1673779036 125
1673779037 136
1673779037 139
1673779038 169
1673779038 138
1673779038 117
1673779039 151
1673779039 113
1673779039 116
1673779040 110
1673779040 175
1673779040 114
1673779041 145
1673779041 190
1673779041 134
1673779041 193
1673779042 177
1673779042 191
1673779043 172
1673779043 188
1673779043 193
1673779044 170
1673779044 196
1673779045 101
1673779045 134
1673779046 135
1673779046 194
1673779046 193
1673779046 179
1673779047 162
1673779047 153
1673779048 167
1673779048 194
1673779049 139
1673779049 185
1673779049 175
1673779050 121
1673779050 111
1673779051 124
1673779051 120
1673779051 141
1673779052 166
1673779052 119
1673779052 189
1673779053 106
1673779053 125
1673779053 147
1673779053 166
1673779054 124
1673779054 181
1673779055 176
1673779055 194
1673779055 149
1673779057 141
1673779057 175
1673779057 170
1673779058 170
1673779058 135
1673779058 195
1673779059 171
1673779059 192
1673779059 108
1673779060 125
1673779060 116
1673779060 108
1673779060 173
1673779061 128
1673779061 186
1673779061 187
1673779062 111
1673779062 147
1673779062 165
1673779063 138
1673779063 126
1673779063 140
1673779063 169
1673779063 170
1673779064 178
1673779064 142
1673779065 163
1673779065 122
1673779065 199
1673779065 159
1673779066 149
1673779066 163
1673779067 172
1673779067 128
1673779068 136
1673779068 189
1673779069 164
1673779070 158
1673779070 152
1673779070 116
1673779071 148
1673779071 104
1673779072 129
1673779072 145
1673779072 184
1673779072 130
1673779072 193
1673779073 168
1673779074 190
1673779074 172
1673779074 117
1673779075 116
1673779075 128
1673779075 148
1673779075 188
1673779076 167
1673779076 137
1673779078 107
1673779078 118
1673779078 136
1673779078 114
1673779078 130
1673779078 112
1673779078 192
1673779079 160
1673779080 123
1673779080 109
1673779080 159
1673779080 154
1673779080 200
1673779081 175
1673779082 200
1673779082 112
1673779082 105
1673779083 149
1673779083 152
1673779084 115
1673779084 115
1673779084 174
1673779084 167
1673779084 121
1673779085 136
1673779086 126
1673779087 194
1673779088 152
1673779088 180
1673779088 165
1673779088 190
1673779088 163
1673779089 105
1673779089 197
1673779090 104
1673779091 147
1673779091 157
1673779092 161
1673779092 174
1673779093 114
1673779093 133
1673779093 125
1673779094 133
1673779094 198
1673779094 186
1673779095 170
1673779096 108
1673779096 130
1673779097 164
1673779097 156
1673779097 165
1673779098 195
1673779099 175
1673779099 175
1673779099 199
1673779099 139
1673779100 105
1673779100 148
1673779102 169
1673779102 173
1673779103 109
1673779104 115
1673779104 191
1673779105 167
1673779106 181
1673779107 200
1673779107 197
1673779108 198
1673779110 150
1673779110 165
1673779110 187
1673779111 151
1673779111 144
1673779111 139
1673779111 159
1673779112 128
1673779113 150
1673779113 157
1673779114 194
1673779114 113
1673779115 115
1673779115 149
1673779115 196
1673779116 164
1673779117 197
1673779117 117
1673779117 156
1673779117 146
1673779117 125
1673779118 148
1673779118 157
1673779118 136
1673779118 180
1673779119 147
1673779119 122
1673779119 185
1673779119 159
1673779120 151
1673779120 134
1673779121 103
1673779122 101
1673779122 112
1673779123 162
1673779123 153
1673779123 106
1673779123 173
1673779124 172
1673779124 162
1673779124 117
1673779125 197
1673779125 105
1673779125 149
1673779126 102
1673779127 175
1673779127 190
1673779128 167
1673779128 139
1673779128 120
1673779129 127
1673779130 121
1673779130 142
1673779130 147
1673779130 115
1673779132 151
1673779132 137
1673779132 154
1673779133 142
1673779133 182
1673779134 125
1673779135 183
1673779136 109
1673779136 178
1673779136 190
1673779136 188
1673779136 147
1673779137 155
1673779137 166
1673779137 158
1673779137 153
1673779137 200
1673779138 110
1673779138 138
1673779138 155
1673779138 150
1673779139 155
1673779139 175
1673779140 132
1673779141 168
1673779141 121
1673779141 179
1673779141 184
1673779142 148
1673779142 153
1673779142 167
1673779142 132
1673779142 180
1673779143 121
1673779143 125
1673779143 131
1673779143 110
1673779143 148
1673779143 153
1673779143 106
1673779145 106
1673779145 159
1673779146 156
1673779147 114
1673779147 145
1673779148 134
1673779148 160
1673779148 106
1673779149 183
1673779149 127
1673779150 173
1673779150 183
1673779150 167
1673779150 165
1673779150 164
1673779151 114
1673779151 153
1673779151 147
1673779152 197
1673779152 185
1673779152 122
1673779152 118
1673779152 176
1673779153 165
1673779153 156
1673779153 191
1673779154 167
1673779154 140
1673779154 114
1673779155 172
1673779155 136
1673779155 190
1673779155 166
1673779156 117
1673779156 196
1673779156 142
1673779156 129
1673779156 151
1673779157 147
1673779157 200
1673779157 194
1673779158 122
1673779158 170
1673779158 163
1673779158 170
1673779158 127
1673779159 139
1673779159 114
1673779159 103
1673779159 132
1673779159 134
1673779159 129
1673779159 108
1673779159 189
1673779160 192
1673779160 161
1673779160 176
1673779160 112
1673779161 168
1673779161 110
1673779161 177
1673779161 129
1673779162 163
1673779162 184
1673779162 196
1673779162 153
1673779163 142
1673779163 125
1673779163 110
1673779163 109
1673779163 112
1673779164 199
1673779164 142
1673779164 120
1673779164 140
1673779165 184
1673779165 106
1673779166 197
1673779166 139
1673779166 133
1673779167 137
1673779167 127
1673779167 158
1673779167 120
1673779167 125
1673779168 198
1673779168 158
1673779168 195
1673779169 161
1673779169 119
1673779169 166
1673779169 170
1673779169 192
1673779170 183
1673779170 130
1673779171 109
1673779171 182
1673779172 129
1673779172 190
1673779172 179
1673779172 106
1673779172 128
1673779173 119
1673779174 120
1673779176 111
1673779176 189
1673779176 102
1673779176 165
1673779176 169
1673779177 193
1673779178 112
1673779178 193
1673779178 175
1673779178 106
1673779179 194
1673779179 170
1673779179 155
1673779179 105
1673779179 142
1673779180 134
1673779181 153
1673779181 118
1673779181 120
1673779181 121
1673779182 102
1673779183 110
1673779183 123
1673779183 153
1673779183 145
1673779183 153
1673779183 130
1673779184 127
1673779185 150
1673779185 174
1673779185 107
1673779186 139
1673779186 137
1673779186 107
1673779186 119
1673779187 167
1673779188 153
1673779188 104
1673779188 123
1673779188 136
1673779189 113
1673779189 188
1673779189 183
1673779189 166
1673779189 148
1673779189 151
1673779190 138
1673779190 137
1673779190 118
1673779190 123
1673779192 127
1673779192 164
1673779193 175
1673779193 151
1673779194 179
1673779194 112
1673779195 163
1673779195 188
1673779195 180
1673779196 196
1673779197 152
1673779197 194
1673779197 125
1673779198 115
1673779198 176
1673779199 121
1673779199 136
1673779200 155
1673779200 102
1673779201 192
1673779202 121
1673779202 104
1673779202 189
1673779202 124
1673779203 156
1673779203 114
1673779204 103
1673779204 170
1673779205 176
1673779205 169
1673779205 170
1673779206 124
1673779206 148
1673779206 117
1673779207 114
1673779207 155
1673779207 179
1673779207 145
1673779208 161
1673779208 113
1673779209 161
1673779209 198
1673779209 139
1673779210 174
1673779210 123
1673779210 116
1673779210 191
1673779211 157
1673779212 169
1673779212 187
1673779212 159
1673779212 126
1673779212 200
1673779213 178
1673779213 195
1673779213 117
1673779213 134
1673779214 148
1673779214 108
1673779215 152
1673779215 133
1673779215 108
1673779215 137
1673779215 166
1673779215 185
1673779216 112
1673779216 164
1673779216 114
1673779217 192
1673779217 133
1673779217 115
1673779217 188
1673779217 199
1673779217 121
1673779218 196
1673779218 113
1673779219 152
1673779219 125
1673779219 180
1673779220 113
1673779220 107
1673779220 164
1673779220 131
1673779220 183
1673779221 145
1673779221 143
1673779221 137
1673779222 127
1673779222 103
1673779222 132
1673779223 200
1673779223 107
1673779224 111
1673779224 108
1673779224 118
1673779224 176
1673779225 163
1673779225 187
1673779225 176
1673779226 107
1673779227 160
1673779227 172
1673779227 139
1673779228 139
1673779228 126
1673779228 196
1673779229 189
1673779229 197
1673779230 105
1673779230 129
1673779230 145
1673779230 129
1673779231 199
1673779231 136
1673779231 157
1673779232 169
1673779232 111
1673779232 139
1673779232 113
1673779232 177
1673779233 149
1673779233 181
1673779233 144
1673779233 183
1673779233 185
1673779234 112
1673779234 197
1673779234 186
1673779234 148
1673779235 116
1673779235 153
1673779236 119
1673779236 174
1673779236 193
1673779237 104
1673779237 146
1673779237 148
1673779239 192
1673779239 191
1673779239 146
1673779239 143
1673779239 155
1673779239 114
1673779240 166
1673779241 167
1673779241 196
1673779241 126
1673779242 196
1673779242 179
1673779242 117
1673779243 117
1673779243 174
1673779243 127
1673779244 164
1673779244 125
1673779244 112
1673779244 119
1673779245 126
1673779245 151
1673779245 135
1673779245 112
1673779246 193
1673779246 158
1673779246 125
1673779246 183
1673779246 186
1673779246 184
1673779246 156
1673779247 143
1673779248 199
1673779249 169
1673779249 180
1673779250 113
1673779250 146
1673779251 190
1673779251 179
1673779251 120
1673779251 126
1673779252 176
1673779252 145
1673779252 169
1673779254 176
1673779254 170
1673779254 169
1673779255 101
1673779255 145
1673779255 131
1673779255 139
1673779256 132
1673779256 127
1673779257 178
1673779257 154
1673779257 132
1673779257 193
1673779258 182
1673779258 190
1673779258 148
1673779258 191
1673779258 188
1673779258 182
1673779259 149
1673779259 124
1673779259 126
1673779260 114
1673779260 106
1673779260 142
1673779260 110
1673779260 146
1673779261 102
1673779261 169
1673779261 131
1673779261 119
1673779262 174
1673779263 141
1673779263 181
1673779263 157
1673779263 122
1673779264 182
1673779264 136
1673779264 124
1673779264 157
1673779265 119
1673779265 179
1673779265 152
1673779265 133
1673779266 108
1673779266 125
1673779266 145
1673779266 182
1673779267 103
1673779267 159
1673779268 128
1673779268 153
1673779269 170
1673779269 109
1673779269 149
1673779270 200
1673779270 153
1673779270 163
1673779271 199
1673779271 191
1673779272 176
1673779272 166
1673779272 178
1673779272 198
1673779273 173
1673779273 178
1673779273 149
1673779274 148
1673779274 110
1673779274 167
1673779274 125
1673779274 133
1673779275 142
1673779276 194
1673779276 120
1673779276 101
1673779276 111
1673779276 134
1673779276 165
1673779277 138
1673779277 196
1673779277 128
1673779277 169
1673779278 149
1673779278 137
1673779278 168
1673779279 144
1673779279 158
1673779279 129
1673779280 131
1673779280 197
1673779280 103
1673779280 169
1673779280 128
1673779280 147
1673779281 173
1673779281 103
1673779281 167
1673779282 107
1673779282 188
1673779282 122
1673779282 188
1673779282 179
1673779283 174
1673779283 199
1673779283 177
1673779283 196
1673779284 147
1673779284 179
1673779284 165
1673779284 177
1673779285 113
1673779285 123
1673779285 147
1673779286 117
1673779287 109
1673779287 126
1673779287 168
1673779287 109
1673779287 189
1673779288 180
1673779288 139
1673779288 119
1673779288 149
1673779289 154
1673779289 181
1673779290 192
1673779290 125
1673779290 113
