1673776800 142
1673776802 148
1673776804 135
1673776806 137
1673776806 191
1673776806 133
1673776807 110
1673776807 103
1673776808 139
1673776808 183
1673776809 155
1673776809 188
1673776809 177
1673776809 103
1673776810 174
1673776811 192
1673776812 166
1673776813 171
1673776815 124
1673776815 184
1673776816 105
1673776816 172
1673776820 147
1673776823 163
1673776823 148
1673776823 180
1673776824 199
1673776826 118
1673776826 168
1673776826 180
1673776827 159
1673776829 148
1673776829 194
1673776830 128
1673776830 121
1673776830 151
1673776830 132
1673776831 146
1673776831 139
1673776831 196
1673776831 146
1673776833 166
1673776833 125
1673776835 154
1673776836 127
1673776836 164
1673776837 181
1673776837 140
1673776839 118
1673776841 193
1673776849 175
1673776849 173
1673776849 171
1673776849 104
1673776850 109
1673776851 127
1673776853 165
1673776856 112
1673776856 187
1673776858 191
1673776858 149
1673776859 104
1673776859 125
1673776861 163
1673776861 142
1673776861 186
1673776862 179
1673776862 194
1673776862 103
1673776863 163
1673776866 158
1673776866 192
1673776867 143
1673776867 149
1673776870 104
1673776871 185
1673776871 103
1673776871 149
1673776871 186
1673776872 109
1673776877 117
1673776878 118
1673776878 169
1673776880 194
1673776880 165
1673776880 107
1673776882 118
1673776882 153
1673776882 153
1673776882 188
1673776883 131
1673776884 107
1673776884 142
1673776885 109
1673776885 146
1673776886 169
1673776887 148
1673776889 107
1673776889 152
1673776890 189
1673776890 167
1673776892 174
1673776892 126
1673776892 164
1673776893 174
1673776895 117
1673776895 112
1673776897 118
1673776898 102
1673776898 151
1673776898 196
1673776899 138
1673776899 162
1673776901 162
1673776901 153
1673776901 124
1673776902 122
1673776903 104
1673776903 181
1673776903 112
1673776904 189
1673776904 138
1673776904 147
1673776905 167
1673776906 132
1673776906 186
1673776907 120
1673776907 187
1673776907 161
1673776907 182
1673776907 167
1673776915 117
1673776917 194
1673776920 157
1673776921 195
1673776922 112
1673776923 137
1673776923 181
1673776924 105
1673776924 157
1673776925 123
1673776925 164
1673776926 126
1673776926 102
1673776926 184
1673776926 132
1673776926 188
1673776927 144
1673776927 120
1673776928 191
1673776928 128
1673776928 182
1673776928 125
1673776929 174
1673776929 135
1673776930 186
1673776930 114
1673776932 126
1673776934 144
1673776934 102
1673776935 172
1673776935 177
1673776935 116
1673776935 147
1673776935 144
1673776935 191
1673776937 108
1673776937 199
1673776937 149
1673776938 144
1673776938 182
1673776938 172
1673776938 163
1673776939 102
1673776940 172
1673776941 168
1673776941 163
1673776941 178
1673776942 121
1673776942 130
1673776942 151
1673776943 192
1673776943 140
1673776944 197
1673776944 200
1673776944 180
1673776945 157
1673776945 128
1673776946 135
1673776947 151
1673776947 187
1673776947 147
1673776949 132
1673776949 102
1673776949 120
1673776950 101
1673776950 174
1673776950 122
1673776951 161
1673776951 158
1673776952 161
1673776952 172
1673776952 105
1673776953 135
1673776953 165
1673776953 108
1673776953 134
1673776954 126
1673776954 189
1673776954 164
1673776954 162
1673776955 172
1673776955 150
1673776957 176
1673776958 110
1673776958 200
1673776958 187
1673776958 181
1673776959 108
1673776959 187
1673776959 111
1673776960 141
1673776960 116
1673776960 133
1673776961 162
1673776961 168
1673776962 120
1673776962 168
1673776962 162
1673776963 190
1673776963 117
1673776964 124
1673776964 194
1673776964 105
1673776964 134
1673776964 111
1673776965 117
1673776965 187
1673776965 143
1673776965 147
1673776966 101
1673776966 123
1673776967 164
1673776967 145
1673776967 181
1673776967 181
1673776967 106
1673776968 169
1673776968 111
1673776969 121
1673776969 189
1673776969 154
1673776969 132
1673776970 165
1673776970 173
1673776970 148
1673776971 124
1673776971 148
1673776972 167
1673776972 167
1673776973 143
1673776973 166
1673776973 154
1673776973 105
1673776973 192
1673776974 130
1673776975 121
1673776975 182
1673776975 174
1673776975 196
1673776976 113
1673776976 102
1673776976 110
1673776977 144
1673776977 101
1673776977 147
1673776977 129
1673776978 155
1673776978 148
1673776978 102
1673776979 192
1673776979 197
1673776979 110
1673776979 189
1673776979 108
1673776980 164
1673776980 153
1673776980 173
1673776980 123
1673776981 163
1673776981 146
1673776981 109
1673776981 152
1673776983 154
1673776983 120
1673776985 190
1673776985 198
1673776985 196
1673776986 138
1673776986 177
1673776987 154
1673776987 105
1673776988 195
1673776988 175
1673776989 169
1673776991 111
1673776991 132
1673776991 139
1673776992 118
1673776992 161
1673776992 143
1673776993 113
1673776996 159
1673776996 197
1673776996 174
1673776996 104
1673776996 134
1673776997 105
1673776998 122
1673776998 114
1673776999 174
1673776999 109
1673776999 129
1673776999 160
1673777000 159
1673777002 199
1673777002 120
1673777003 153
1673777004 141
1673777004 163
1673777004 117
1673777004 167
1673777004 130
1673777004 126
1673777006 164
1673777006 197
1673777006 124
1673777006 142
1673777007 117
1673777009 179
1673777010 127
1673777010 102
1673777010 185
1673777011 147
1673777011 124
1673777013 157
1673777013 165
1673777016 175
1673777016 148
1673777016 159
1673777017 122
1673777017 124
1673777018 106
1673777019 117
1673777019 131
1673777022 147
1673777023 110
1673777023 163
1673777023 127
1673777024 152
1673777024 150
1673777025 121
1673777025 180
1673777025 112
1673777025 128
1673777025 164
1673777025 171
1673777026 155
1673777027 200
1673777028 103
1673777029 124
1673777029 169
1673777029 200
1673777029 146
1673777029 156
1673777030 161
1673777030 179
1673777030 120
1673777030 103
1673777031 163
1673777032 161
1673777032 132
1673777033 107
1673777033 113
1673777033 110
1673777035 179
1673777035 173
1673777035 111
1673777035 144
1673777036 146
1673777037 137
1673777037 182
1673777038 106
1673777038 172
1673777038 133
1673777039 186
1673777039 140
1673777039 132
1673777039 155
1673777039 169
1673777039 183
1673777039 128
1673777040 132
1673777040 112
1673777040 147
1673777041 125
1673777041 181
1673777041 165
1673777042 108
1673777042 104
1673777042 103
1673777042 146
1673777043 149
1673777043 197
1673777044 151
1673777044 187
1673777044 120
1673777045 158
1673777045 200
1673777045 199
1673777046 179
1673777046 159
1673777046 113
1673777047 167
1673777047 183
1673777047 179
1673777047 190
1673777047 131
1673777047 192
1673777047 159
1673777047 175
1673777048 175
1673777048 140
1673777049 157
1673777049 104
1673777050 191
1673777051 153
1673777051 109
1673777052 188
1673777052 118
1673777052 171
1673777052 146
1673777053 187
1673777055 180
1673777056 141
1673777056 148
1673777056 161
1673777056 150
1673777056 109
1673777056 146
1673777056 166
1673777057 191
1673777057 108
1673777057 176
1673777057 122
1673777058 155
1673777058 108
1673777058 163
1673777058 129
1673777059 174
1673777060 129
1673777060 192
1673777060 108
1673777061 153
1673777061 101
1673777061 173
1673777062 140
1673777062 187
1673777063 180
1673777063 159
1673777064 107
1673777064 182
1673777064 152
1673777064 108
1673777065 171
1673777065 171
1673777065 195
1673777066 153
1673777066 125
1673777066 143
1673777066 165
1673777067 183
1673777068 121
1673777068 114
1673777068 137
1673777068 164
1673777068 180
1673777068 126
1673777068 131
1673777068 162
1673777069 123
1673777069 147
1673777069 156
1673777069 150
1673777070 143
1673777070 129
1673777070 113
1673777070 144
1673777070 198
1673777071 156
1673777071 170
1673777071 120
1673777072 156
1673777072 180
1673777072 146
1673777073 134
1673777073 144
1673777074 139
1673777074 167
1673777074 169
1673777074 169
1673777074 193
1673777074 127
1673777075 183
1673777075 189
1673777076 111
1673777076 119
1673777077 112
1673777077 147
1673777077 167
1673777078 177
1673777078 148
1673777078 120
1673777079 101
1673777080 126
1673777080 135
1673777080 143
1673777082 113
1673777082 147
1673777083 114
1673777083 151
1673777084 106
1673777084 141
1673777084 147
1673777084 141
1673777085 192
1673777085 174
1673777085 187
1673777085 120
1673777085 127
1673777085 177
1673777086 178
1673777086 141
1673777086 141
1673777086 187
1673777087 101
1673777087 188
1673777088 143
1673777088 122
1673777088 194
1673777088 102
1673777089 143
1673777089 152
1673777090 106
1673777090 135
1673777090 182
1673777090 116
1673777090 164
1673777091 136
1673777091 106
1673777092 111
1673777092 193
1673777093 165
1673777094 124
1673777095 152
1673777095 136
1673777095 134
1673777095 163
1673777095 125
1673777097 117
1673777097 106
1673777097 108
1673777098 186
1673777099 139
1673777100 194
1673777101 112
1673777101 185
1673777102 137
1673777102 117
1673777103 151
1673777103 188
1673777103 125
1673777103 113
1673777104 182
1673777105 165
1673777105 169
1673777106 119
1673777106 141
1673777106 110
1673777106 134
1673777107 163
1673777107 197
1673777107 166
1673777107 179
1673777108 187
1673777109 106
1673777109 134
1673777110 149
1673777110 144
1673777110 156
1673777110 196
1673777110 123
1673777110 150
1673777111 156
1673777111 162
1673777113 130
1673777113 199
1673777114 152
1673777116 158
1673777116 146
1673777118 119
1673777118 175
1673777118 157
1673777118 187
1673777119 175
1673777119 108
1673777119 185
1673777119 148
1673777119 106
1673777120 109
1673777120 185
1673777120 138
1673777120 117
1673777120 181
1673777120 179
1673777121 144
1673777121 155
1673777121 186
1673777121 116
1673777122 161
1673777122 101
1673777123 157
1673777123 165
1673777123 195
1673777123 187
1673777123 169
1673777123 107
1673777124 192
1673777125 119
1673777125 113
1673777125 156
1673777125 115
1673777126 110
1673777127 112
1673777128 107
1673777128 174
1673777128 162
1673777128 185
1673777128 147
1673777128 156
1673777129 128
1673777129 156
1673777129 132
1673777129 121
1673777129 199
1673777129 109
1673777129 134
1673777129 156
1673777130 130
1673777130 102
1673777131 139
1673777131 188
1673777131 198
1673777131 197
1673777131 180
1673777131 184
1673777132 178
1673777132 187
1673777132 146
1673777132 111
1673777133 121
1673777136 116
1673777137 167
1673777137 172
1673777138 132
1673777138 143
1673777139 102
1673777139 166
1673777139 189
1673777139 152
1673777140 132
1673777140 138
1673777140 138
1673777141 172
1673777141 198
1673777142 156
1673777142 198
1673777142 172
1673777143 136
1673777143 159
1673777143 129
1673777145 102
1673777145 184
1673777145 151
1673777145 122
1673777146 164
1673777146 145
1673777146 120
1673777146 106
1673777146 126
1673777147 188
1673777148 169
1673777148 184
1673777149 145
1673777149 143
1673777150 151
1673777150 113
1673777150 108
1673777151 187
1673777151 110
1673777151 135
1673777151 114
1673777151 155
1673777152 185
1673777152 154
1673777152 115
1673777152 113
1673777153 138
1673777153 150
1673777153 184
1673777153 175
1673777154 170
1673777154 125
1673777154 176
1673777154 192
1673777154 140
1673777155 124
1673777156 152
1673777156 184
1673777156 130
1673777156 168
1673777157 185
1673777157 185
1673777157 174
1673777158 121
1673777158 110
1673777158 160
1673777159 116
1673777159 172
1673777159 112
1673777159 132
1673777159 118
1673777159 119
1673777160 148
1673777160 125
1673777160 144
1673777160 121
1673777160 126
1673777161 129
1673777162 174
1673777163 121
1673777163 156
1673777164 169
1673777164 137
1673777165 132
1673777165 105
1673777166 197
1673777166 121
1673777166 144
1673777166 163
1673777166 142
1673777167 105
1673777168 172
1673777168 180
1673777169 181
1673777169 104
1673777169 114
1673777169 103
1673777169 111
1673777169 195
1673777169 178
1673777170 194
1673777170 177
1673777170 137
1673777171 105
1673777171 176
1673777172 127
1673777172 190
1673777172 177
1673777174 121
1673777174 103
1673777175 180
1673777175 142
1673777175 120
1673777175 190
1673777175 108
1673777175 137
1673777177 128
1673777177 131
1673777178 116
1673777178 183
1673777178 111
1673777178 148
1673777179 182
1673777179 104
1673777180 180
1673777180 126
1673777180 190
1673777181 130
1673777181 191
1673777181 131
1673777182 187
1673777182 198
1673777182 153
1673777183 113
1673777183 119
1673777183 108
1673777184 140
1673777184 118
1673777184 143
1673777184 182
1673777184 131
1673777184 105
1673777185 141
1673777185 116
1673777186 148
1673777186 199
1673777187 120
1673777187 105
1673777187 114
1673777188 148
1673777188 149
1673777188 166
1673777188 136
1673777188 176
1673777188 169
1673777189 128
1673777189 139
1673777189 149
1673777189 131
1673777189 111
1673777190 200
1673777190 179
1673777191 184
1673777191 154
1673777191 192
1673777191 124
1673777192 155
1673777192 154
1673777192 199
1673777192 198
1673777192 114
1673777192 143
1673777193 132
1673777193 162
1673777194 179
1673777194 108
1673777195 197
1673777195 127
1673777195 142
1673777196 126
1673777196 161
1673777196 141
1673777196 141
1673777197 148
1673777198 125
1673777198 162
1673777199 159
1673777199 197
1673777199 129
1673777199 137
1673777200 170
1673777200 163
1673777200 113
1673777200 199
1673777200 105
1673777201 128
1673777202 176
1673777202 114
1673777203 188
1673777203 137
1673777203 182
1673777204 170
1673777204 122
1673777205 182
1673777205 142
1673777205 128
1673777205 131
1673777205 106
1673777206 145
1673777207 156
1673777208 157
1673777208 197
1673777208 149
1673777208 172
1673777209 106
1673777209 109
1673777209 105
1673777209 187
1673777210 139
1673777210 170
1673777211 131
1673777211 164
1673777212 156
1673777212 144
1673777212 192
1673777212 176
1673777212 178
1673777212 101
1673777213 171
1673777213 104
1673777213 174
1673777214 171
1673777215 106
1673777215 138
1673777216 124
1673777216 164
1673777216 101
1673777217 173
1673777217 181
1673777218 163
1673777218 103
1673777219 147
1673777219 124
1673777219 163
1673777220 112
1673777220 191
1673777220 131
1673777220 108
1673777220 172
1673777221 149
1673777221 162
1673777221 145
1673777221 166
1673777221 198
1673777221 196
1673777221 136
1673777221 144
1673777222 123
1673777222 159
1673777223 171
1673777224 184
1673777225 192
1673777225 152
1673777225 174
1673777226 129
1673777226 128
1673777228 199
1673777228 184
1673777229 171
1673777230 191
1673777230 167
1673777233 173
1673777234 110
1673777234 134
1673777234 199
1673777234 113
1673777236 106
1673777237 171
1673777237 160
1673777239 106
1673777239 114
1673777239 165
1673777240 118
1673777241 195
1673777241 155
1673777241 117
1673777242 112
1673777243 132
1673777243 151
1673777244 161
1673777244 193
1673777244 134
1673777244 188
1673777245 151
1673777247 110
1673777248 145
1673777248 187
1673777249 112
1673777249 187
1673777249 128
1673777249 174
1673777249 142
1673777250 104
1673777250 101
1673777250 174
1673777250 142
1673777250 185
1673777252 116
1673777252 189
1673777252 116
1673777252 184
1673777252 171
1673777252 118
1673777252 111
1673777253 161
1673777253 179
1673777253 129
1673777253 195
1673777254 140
1673777254 150
1673777254 188
1673777255 126
1673777255 139
1673777255 148
1673777255 191
1673777255 198
1673777255 106
1673777255 113
1673777255 196
1673777256 103
1673777256 186
1673777256 187
1673777256 195
1673777256 179
1673777257 169
1673777258 145
1673777258 167
1673777258 166
1673777259 118
1673777259 198
1673777259 170
1673777259 109
1673777260 175
1673777260 131
1673777260 197
1673777260 169
1673777261 155
1673777261 141
1673777261 194
1673777262 175
1673777262 128
1673777263 153
1673777264 159
1673777264 156
1673777264 193
1673777264 180
1673777265 195
1673777265 138
1673777265 152
1673777266 180
1673777266 143
1673777266 104
1673777268 103
1673777268 104
1673777268 148
1673777268 111
1673777268 196
1673777268 191
1673777268 117
1673777270 162
1673777270 175
1673777270 127
1673777270 164
1673777270 110
1673777271 196
1673777271 187
1673777271 140
1673777271 165
1673777272 123
1673777272 153
1673777272 180
1673777272 141
1673777273 125
1673777274 107
1673777275 133
1673777276 152
1673777276 141
1673777276 171
1673777276 194
1673777276 199
1673777276 150
1673777276 197
1673777276 193
1673777277 160
1673777277 116
1673777278 164
1673777278 106
1673777278 146
1673777279 153
1673777280 183
1673777280 163
1673777281 179
1673777281 101
1673777281 138
1673777282 104
1673777282 181
1673777282 162
1673777282 145
1673777282 146
1673777282 152
1673777283 165
1673777283 117
1673777283 151
1673777284 116
1673777284 133
1673777284 134
1673777284 165
1673777285 130
1673777285 198
1673777285 165
1673777286 120
1673777286 137
1673777286 185
1673777286 189
1673777286 152
1673777286 174
1673777287 118
1673777288 147
1673777288 198
1673777288 198
1673777289 192
1673777289 139
1673777290 182
1673777290 159
1673777290 166
1673777291 141
1673777291 149
1673777292 163
1673777292 147
1673777292 197
1673777293 192
1673777294 157
1673777294 163
1673777294 193
1673777294 158
1673777294 103
1673777295 120
1673777296 145
1673777296 139
1673777296 149
1673777296 104
1673777297 190
1673777297 154
1673777297 106
1673777298 120
1673777298 160
1673777298 176
1673777298 126
1673777298 198
1673777299 184
1673777299 153
1673777299 192
1673777299 137
1673777299 184
1673777300 194
1673777300 134
1673777300 131
1673777300 148
1673777300 140
1673777301 188
1673777301 139
1673777301 152
1673777301 115
1673777301 170
1673777302 196
1673777302 197
1673777302 193
1673777302 195
1673777303 133
1673777303 108
1673777303 117
1673777304 129
1673777304 136
1673777304 184
1673777304 186
1673777304 152
1673777305 187
1673777305 110
1673777305 116
1673777305 128
1673777305 183
1673777305 174
1673777306 154
1673777306 126
1673777306 153
1673777306 190
1673777306 172
1673777307 159
1673777307 137
1673777307 135
1673777307 179
1673777308 163
1673777308 177
1673777308 164
1673777308 165
1673777309 134
1673777309 177
1673777310 125
1673777310 159
1673777310 143
1673777312 125
1673777312 167
1673777312 104
1673777313 157
1673777314 184
1673777314 175
1673777314 174
1673777316 189
1673777316 119
1673777318 150
1673777318 130
1673777319 145
1673777320 135
1673777320 157
1673777321 174
1673777322 114
1673777323 186
1673777323 167
1673777323 154
1673777323 101
1673777323 109
1673777324 168
1673777325 130
1673777325 168
1673777326 101
1673777326 134
1673777326 135
1673777326 196
1673777328 175
1673777329 197
1673777329 109
1673777330 200
1673777330 189
1673777330 145
1673777330 129
1673777330 126
1673777331 165
1673777331 176
1673777332 126
1673777332 148
1673777332 103
1673777332 149
1673777333 161
1673777333 193
1673777334 182
1673777334 171
1673777334 179
1673777334 169
1673777334 154
1673777335 159
1673777336 116
1673777336 168
1673777336 144
1673777337 128
1673777337 117
1673777337 167
1673777337 143
1673777338 106
1673777338 164
1673777338 142
1673777339 119
1673777339 196
1673777339 101
1673777339 104
1673777339 198
1673777339 130
1673777340 120
1673777340 164
1673777340 166
1673777341 183
1673777341 165
1673777341 169
1673777342 140
1673777342 182
1673777342 101
1673777342 178
1673777343 134
1673777343 156
1673777344 187
1673777344 185
1673777344 140
1673777344 189
1673777345 148
1673777345 129
1673777345 119
1673777345 162
1673777360 165
1673777361 127
1673777361 200
1673777362 181
1673777362 132
1673777363 137
1673777363 143
1673777364 103
1673777364 147
1673777364 167
1673777364 138
1673777364 163
1673777364 124
1673777365 169
1673777365 136
1673777365 183
1673777365 143
1673777365 101
1673777365 160
1673777366 140
1673777368 198
1673777368 141
1673777368 103
1673777369 190
1673777369 186
1673777369 192
1673777369 150
1673777370 124
1673777370 153
1673777370 132
1673777371 183
1673777371 101
1673777371 193
1673777373 190
1673777373 114
1673777373 138
1673777374 147
1673777374 152
1673777374 173
1673777374 158
1673777374 148
1673777376 118
1673777376 118
1673777376 104
1673777377 147
1673777377 167
1673777377 195
1673777377 126
1673777378 194
1673777378 195
1673777378 149
1673777378 173
1673777379 200
1673777379 170
1673777380 191
1673777381 108
1673777381 157
1673777381 179
1673777381 182
1673777381 155
1673777381 130
1673777382 185
1673777382 109
1673777382 175
1673777382 103
1673777383 145
1673777383 115
1673777383 135
1673777383 198
1673777383 102
1673777385 184
1673777385 119
1673777386 180
1673777386 143
1673777386 136
1673777387 185
1673777387 179
1673777388 196
1673777388 173
1673777388 191
1673777389 127
1673777389 111
1673777389 186
1673777390 113
1673777390 107
1673777390 131
1673777390 181
1673777390 115
1673777391 169
1673777391 106
1673777391 137
1673777391 106
1673777391 189
1673777392 109
1673777392 139
1673777392 145
1673777392 151
1673777393 153
1673777393 189
1673777393 146
1673777394 134
1673777394 198
1673777394 179
1673777395 103
1673777395 128
1673777395 123
1673777395 173
1673777396 198
1673777396 116
1673777396 167
1673777398 182
1673777398 190
1673777398 104
1673777398 134
1673777399 127
1673777399 192
1673777399 199
1673777399 118
1673777399 165
1673777399 185
1673777399 111
1673777399 193
1673777399 196
1673777400 175
1673777400 114
1673777401 161
1673777401 117
1673777401 101
1673777401 143
1673777401 194
1673777402 122
1673777402 108
1673777403 140
1673777403 168
1673777403 132
1673777403 107
1673777404 193
1673777404 116
1673777404 115
1673777405 158
1673777405 151
1673777405 168
1673777406 193
1673777406 144
1673777407 114
1673777408 120
1673777408 183
1673777408 150
1673777408 125
1673777409 162
1673777409 176
1673777410 103
1673777410 125
1673777410 188
1673777411 184
1673777411 175
1673777412 150
1673777412 152
1673777412 190
1673777412 120
1673777413 178
1673777413 148
1673777413 122
1673777413 151
1673777413 198
1673777414 114
1673777414 148
1673777414 145
1673777415 178
1673777415 126
1673777415 136
1673777415 171
1673777415 152
1673777416 121
1673777416 195
1673777416 115
1673777416 124
1673777417 175
1673777417 118
1673777417 184
1673777417 122
1673777418 115
1673777419 171
1673777420 102
1673777420 107
1673777420 123
1673777421 177
1673777421 185
1673777422 194
1673777422 195
1673777423 180
1673777423 118
1673777423 196
1673777423 171
1673777424 117
1673777424 141
1673777424 165
1673777424 194
1673777424 141
1673777425 144
1673777425 157
1673777426 134
1673777426 110
1673777426 160
1673777427 198
1673777427 135
1673777428 108
1673777428 183
1673777428 124
1673777429 183
1673777430 183
1673777430 138
1673777432 126
1673777433 127
1673777433 111
1673777434 125
1673777434 129
1673777434 183
1673777435 135
1673777436 122
1673777436 191
1673777437 132
1673777437 165
1673777437 151
1673777437 118
1673777438 192
1673777438 171
1673777438 151
1673777439 167
1673777439 185
1673777440 170
1673777440 109
1673777440 125
1673777440 103
1673777441 155
1673777441 175
1673777441 194
1673777441 106
1673777442 196
1673777442 121
1673777442 173
1673777442 130
1673777442 198
1673777443 189
1673777443 192
1673777443 142
1673777443 162
1673777443 140
1673777444 122
1673777445 197
1673777446 112
1673777446 109
1673777446 179
1673777447 119
1673777448 182
1673777449 199
1673777449 105
1673777449 141
1673777449 197
1673777449 154
1673777450 148
1673777450 198
1673777451 126
1673777451 179
1673777451 137
1673777451 121
1673777451 175
1673777451 164
1673777452 103
1673777452 184
1673777453 160
1673777453 116
1673777453 163
1673777453 168
1673777453 199
1673777454 123
1673777454 200
1673777455 152
1673777456 154
1673777456 187
1673777457 193
1673777457 170
1673777457 128
1673777458 177
1673777458 148
1673777459 188
1673777459 183
1673777459 128
1673777460 154
1673777460 160
1673777460 141
1673777461 105
1673777461 168
1673777461 169
1673777461 164
1673777461 193
1673777461 180
1673777464 169
1673777465 158
1673777465 155
1673777465 146
1673777465 199
1673777465 108
1673777465 197
1673777465 174
1673777466 155
1673777466 194
1673777467 145
1673777467 179
1673777468 145
1673777469 143
1673777469 196
1673777470 124
1673777470 200
1673777470 128
1673777470 188
1673777471 134
1673777471 125
1673777471 149
1673777471 156
1673777472 169
1673777472 193
1673777472 111
1673777473 177
1673777473 194
1673777473 177
1673777474 184
1673777474 113
1673777474 103
1673777475 179
1673777475 117
1673777475 167
1673777476 162
1673777476 153
1673777478 104
1673777478 113
1673777479 127
1673777479 187
1673777480 120
1673777480 135
1673777480 184
1673777481 144
1673777481 157
1673777482 149
1673777483 189
1673777483 184
1673777484 109
1673777484 131
1673777484 142
1673777485 180
1673777485 194
1673777486 179
1673777486 183
1673777486 189
1673777487 166
1673777487 103
1673777487 108
1673777487 184
1673777487 183
1673777488 178
1673777488 102
1673777488 185
1673777489 149
1673777490 128
1673777490 168
1673777490 177
1673777490 134
1673777491 162
1673777491 166
1673777491 186
1673777492 155
1673777492 101
1673777492 112
1673777492 188
1673777493 167
1673777493 163
1673777493 174
1673777494 183
1673777494 163
1673777494 166
1673777494 134
1673777495 117
1673777495 185
1673777495 186
1673777496 171
1673777496 185
1673777497 161
1673777497 132
1673777497 174
1673777497 147
1673777497 119
1673777498 132
1673777498 120
1673777499 188
1673777499 157
1673777499 130
1673777499 163
1673777500 179
1673777500 140
1673777500 167
1673777500 130
1673777500 147
1673777500 114
1673777500 151
1673777501 104
1673777502 127
1673777502 181
1673777502 198
1673777502 182
1673777502 176
1673777503 117
1673777503 131
1673777503 157
1673777503 172
1673777503 160
1673777503 191
1673777503 144
1673777504 174
1673777504 122
1673777505 186
1673777505 172
1673777506 127
1673777506 155
1673777507 195
1673777507 119
1673777507 153
1673777507 107
1673777507 177
1673777508 168
1673777508 145
1673777508 116
1673777508 188
1673777508 108
1673777508 198
1673777508 145
1673777509 138
1673777509 148
1673777510 128
1673777510 185
1673777511 156
1673777511 115
1673777511 193
1673777511 157
1673777511 197
1673777511 114
1673777512 127
1673777512 135
1673777512 110
1673777512 125
1673777512 183
1673777512 175
1673777513 178
1673777513 191
1673777514 175
1673777515 105
1673777515 156
1673777515 155
1673777515 147
1673777515 130
1673777516 187
1673777517 112
1673777517 158
1673777517 181
1673777517 196
1673777518 177
1673777518 139
1673777520 131
1673777520 129
1673777521 125
1673777521 143
1673777522 175
1673777522 198
1673777523 189
1673777524 169
1673777524 166
1673777525 112
1673777525 157
1673777526 114
1673777526 124
1673777527 127
1673777527 181
1673777527 161
1673777527 105
1673777527 192
1673777528 188
1673777528 188
1673777528 134
1673777529 155
1673777529 176
1673777529 101
1673777530 171
1673777530 128
1673777532 191
1673777532 190
1673777532 101
1673777532 108
1673777533 150
1673777534 135
1673777534 164
1673777535 149
1673777535 114
1673777536 102
1673777537 128
1673777537 106
1673777537 138
1673777538 180
1673777538 148
1673777539 135
1673777539 149
1673777540 108
1673777540 193
1673777540 114
1673777540 187
1673777540 181
1673777540 132
1673777541 127
1673777541 146
1673777541 135
1673777541 114
1673777544 119
1673777544 104
1673777544 166
1673777544 132
1673777545 113
1673777546 105
1673777546 170
1673777548 131
1673777548 166
1673777548 159
1673777548 118
1673777548 190
1673777549 147
1673777549 143
1673777550 190
1673777550 177
1673777550 190
1673777550 188
1673777550 109
1673777551 179
1673777551 140
1673777551 195
1673777553 108
1673777553 132
1673777554 188
1673777555 123
1673777555 120
1673777555 150
1673777555 194
1673777556 115
1673777556 168
1673777557 123
1673777557 156
1673777557 154
1673777558 121
1673777558 183
1673777560 197
1673777560 126
1673777560 116
1673777561 131
1673777561 134
1673777562 183
1673777562 160
1673777562 170
1673777564 148
1673777564 171
1673777564 120
1673777564 158
1673777565 123
1673777565 111
1673777565 157
1673777565 178
1673777566 139
1673777566 113
1673777566 171
1673777566 185
1673777566 144
1673777566 155
1673777567 114
1673777567 188
1673777567 127
1673777568 187
1673777568 154
1673777568 163
1673777568 129
1673777569 145
1673777569 122
1673777569 181
1673777569 157
1673777570 196
1673777570 135
1673777570 175
1673777570 155
1673777571 120
1673777571 150
1673777572 167
1673777572 150
1673777572 157
1673777572 152
1673777573 161
1673777573 161
1673777573 110
1673777573 150
1673777573 195
1673777575 197
1673777575 149
1673777575 175
1673777576 173
1673777577 151
1673777577 155
1673777577 172
1673777578 115
1673777578 108
1673777578 154
1673777578 128
1673777579 148
1673777579 107
1673777580 121
1673777580 171
1673777581 196
1673777581 173
1673777581 178
1673777581 179
1673777582 169
1673777582 153
1673777582 116
1673777582 174
1673777583 105
1673777583 135
1673777583 108
1673777584 198
1673777584 173
1673777584 191
1673777585 153
1673777585 157
1673777585 184
1673777586 107
1673777586 141
1673777586 109
1673777587 165
1673777587 130
1673777587 149
1673777587 144
1673777588 107
1673777588 197
1673777588 126
1673777589 118
1673777589 186
1673777589 133
1673777589 186
1673777590 176
1673777590 191
1673777590 143
1673777590 155
1673777590 154
1673777590 133
1673777590 190
1673777591 140
1673777591 191
1673777591 123
1673777591 141
1673777592 150
1673777592 158
1673777592 168
1673777593 110
1673777593 148
1673777593 177
1673777593 187
1673777594 138
1673777594 192
1673777595 124
1673777595 125
1673777595 137
1673777595 194
1673777595 178
1673777596 140
1673777596 194
1673777596 160
1673777597 152
1673777597 104
1673777597 177
1673777598 147
1673777598 179
1673777599 157
1673777600 126
1673777600 112
1673777601 198
1673777601 151
1673777601 197
1673777601 118
1673777601 176
1673777601 134
1673777602 153
1673777602 163
1673777603 142
1673777603 127
1673777603 152
1673777603 171
1673777604 104
1673777604 196
1673777604 102
1673777604 150
1673777604 149
1673777605 160
1673777605 185
1673777605 162
1673777606 105
1673777606 166
1673777607 159
1673777607 143
1673777607 136
1673777608 153
1673777608 123
1673777608 122
1673777608 103
1673777609 157
1673777609 101
1673777609 138
1673777609 151
1673777610 165
1673777610 145
1673777610 192
1673777610 147
1673777611 112
1673777611 174
1673777612 135
1673777612 112
1673777612 170
1673777612 155
1673777612 175
1673777614 183
1673777614 109
1673777614 126
1673777614 110
1673777614 198
1673777615 143
1673777615 161
1673777615 105
1673777615 187
1673777616 156
1673777617 125
1673777617 156
1673777618 171
1673777618 119
1673777619 137
1673777621 101
1673777621 123
1673777621 159
1673777621 183
1673777622 194
1673777622 182
1673777622 157
1673777623 140
1673777623 156
1673777623 164
1673777624 145
1673777624 130
1673777624 147
1673777625 167
1673777625 156
1673777626 141
1673777626 133
1673777627 197
1673777627 116
1673777627 200
1673777627 160
1673777628 197
1673777628 117
1673777628 178
1673777629 195
1673777629 158
1673777630 106
1673777630 109
1673777631 139
1673777631 183
1673777631 151
1673777631 123
1673777632 157
1673777633 103
1673777633 150
1673777634 104
1673777635 113
1673777635 122
1673777635 108
1673777635 120
1673777636 161
1673777636 139
1673777636 173
1673777637 107
1673777637 122
1673777637 176
1673777637 167
1673777637 134
1673777638 182
1673777638 121
1673777638 192
1673777638 113
1673777639 194
1673777639 120
1673777640 200
1673777640 174
1673777641 138
1673777641 151
1673777642 102
1673777642 188
1673777642 148
1673777642 145
1673777642 109
1673777643 176
1673777643 141
1673777644 114
1673777644 106
1673777646 166
1673777646 162
1673777647 142
1673777647 170
1673777647 106
1673777647 191
1673777648 120
1673777651 192
1673777652 142
1673777654 113
1673777654 147
1673777654 142
1673777657 149
1673777657 138
1673777658 157
1673777658 133
1673777658 114
1673777660 180
1673777660 136
1673777660 169
1673777661 117
1673777661 104
1673777662 180
1673777662 129
1673777662 173
1673777662 105
1673777663 170
1673777663 190
1673777664 110
1673777665 139
1673777668 138
1673777669 148
1673777669 117
1673777670 129
1673777670 168
1673777671 124
1673777671 115
1673777671 133
1673777672 140
1673777672 123
1673777672 171
1673777673 140
1673777673 176
1673777673 131
1673777674 112
1673777675 145
1673777675 189
1673777676 181
1673777677 117
1673777678 156
1673777678 156
1673777679 190
1673777679 188
1673777679 109
1673777681 139
1673777681 166
1673777682 161
1673777682 121
1673777683 134
1673777683 193
1673777684 143
1673777685 185
1673777685 139
1673777685 198
1673777686 179
1673777689 125
1673777689 179
1673777689 188
1673777689 184
1673777689 108
1673777690 165
1673777691 161
1673777692 103
1673777692 152
1673777693 121
1673777693 110
1673777694 163
1673777694 141
1673777695 173
1673777695 116
1673777696 124
1673777697 126
1673777697 174
1673777697 152
1673777700 125
1673777701 150
1673777701 140
1673777702 140
1673777702 199
1673777703 148
1673777703 150
1673777703 144
1673777704 164
1673777704 181
1673777704 188
1673777705 126
1673777705 152
1673777707 170
1673777709 190
1673777709 166
1673777717 138
1673777717 184
1673777718 199
1673777718 129
1673777718 184
1673777718 143
1673777719 137
1673777719 151
1673777720 132
1673777720 168
1673777720 179
1673777720 171
1673777721 101
1673777722 116
1673777722 101
1673777723 147
1673777723 103
1673777724 183
1673777724 103
1673777724 183
1673777725 170
1673777725 110
1673777726 112
1673777726 164
1673777727 173
1673777727 199
1673777727 103
1673777727 171
1673777728 119
1673777728 118
1673777730 117
1673777730 199
1673777730 125
1673777731 184
1673777731 151
1673777732 164
1673777732 123
1673777733 106
1673777734 113
1673777734 181
1673777735 137
1673777735 111
1673777735 200
1673777735 188
1673777736 115
1673777736 161
1673777736 173
1673777736 146
1673777737 110
1673777738 135
1673777738 157
1673777739 164
1673777739 122
1673777742 188
1673777742 128
1673777742 127
1673777744 160
1673777746 151
1673777746 110
1673777746 126
1673777747 159
1673777747 106
1673777747 167
1673777748 189
1673777748 108
1673777748 130
1673777749 187
1673777750 103
1673777750 183
1673777751 111
1673777751 110
1673777752 198
1673777752 175
1673777753 177
1673777753 176
1673777754 110
1673777754 119
1673777755 134
1673777755 122
1673777755 172
1673777756 149
1673777756 145
1673777756 189
1673777756 105
1673777757 186
1673777757 142
1673777757 126
1673777757 132
1673777757 182
1673777758 115
1673777758 189
1673777758 168
1673777758 162
1673777759 118
1673777759 178
1673777759 146
1673777759 109
1673777760 141
1673777760 145
1673777760 125
1673777761 116
1673777761 160
1673777762 182
1673777762 187
1673777762 164
1673777762 113
1673777764 160
1673777765 188
1673777765 172
1673777773 124
1673777776 186
1673777776 171
1673777776 197
1673777778 149
1673777781 103
1673777781 172
1673777781 144
1673777781 109
1673777782 137
1673777782 162
1673777782 144
1673777783 102
1673777784 104
1673777784 124
1673777785 179
1673777786 127
1673777786 155
1673777786 155
1673777786 147
1673777787 113
1673777787 167
1673777787 115
1673777788 153
1673777791 188
1673777795 143
1673777800 137
1673777800 195
1673777802 152
1673777807 149
1673777810 187
1673777810 153
1673777811 176
1673777811 196
1673777811 175
1673777812 168
1673777813 157
1673777814 134
1673777815 171
1673777815 187
1673777815 194
1673777815 114
1673777817 195
1673777817 107
1673777818 187
1673777818 118
1673777819 122
1673777820 150
1673777823 173
1673777832 123
1673777834 103
1673777837 183
1673777838 172
1673777839 173
1673777840 156
1673777844 141
1673777845 176
1673777845 113
1673777850 170
1673777854 145
1673777859 113
1673777860 162
1673777861 109
1673777863 191
1673777869 192
1673777873 110
1673777880 154
1673777883 144
1673777886 141
1673777909 140
1673777909 183
1673777910 109
1673777910 170
1673777911 184
1673777912 132
1673777912 186
1673777912 139
1673777914 189
1673777914 136
1673777914 178
1673777915 186
1673777916 142
1673777916 176
1673777916 130
1673777916 121
1673777917 102
1673777917 111
1673777917 168
1673777917 116
1673777920 173
1673777920 177
1673777920 135
1673777924 111
1673777925 187
1673777927 154
1673777928 146
1673777928 103
1673777929 132
1673777929 138
1673777930 173
1673777930 154
1673777932 133
1673777933 157
1673777933 190
1673777933 134
1673777933 172
1673777934 116
1673777934 165
1673777936 140
1673777936 101
1673777936 144
1673777936 167
1673777936 169
1673777938 158
1673777938 124
1673777939 167
1673777939 145
1673777941 138
1673777943 166
1673777944 139
1673777944 167
1673777945 167
1673777946 168
1673777947 172
1673777947 194
1673777949 162
1673777950 136
1673777950 198
1673777953 197
1673777954 180
1673777955 157
1673777957 167
1673777957 121
1673777959 142
1673777960 133
1673777961 193
1673777963 143
1673777963 144
1673777963 184
1673777963 194
1673777965 115
1673777967 138
1673777967 182
1673777969 174
1673777971 197
1673777971 151
1673777972 107
1673777973 114
1673777973 118
1673777973 164
1673777981 125
1673777984 129
1673777984 136
1673777984 137
1673777985 185
1673777985 124
1673777986 105
1673777986 159
1673777987 122
1673777988 149
1673777996 118
1673777996 188
1673777999 150
1673778001 164
1673778003 102
1673778005 140
1673778007 146
1673778007 102
1673778009 171
1673778012 178
1673778012 135
1673778012 186
1673778013 173
1673778014 153
1673778014 200
1673778014 194
1673778016 127
1673778016 164
1673778016 198
1673778017 151
1673778017 153
1673778018 159
1673778026 110
1673778026 158
1673778027 164
1673778030 134
1673778030 133
1673778038 191
1673778043 176
1673778048 195
1673778049 191
1673778049 124
1673778056 181
1673778064 199
1673778067 161
1673778070 126
1673778071 106
1673778072 136
1673778076 186
1673778077 161
1673778080 190
1673778082 117
1673778083 200
1673778083 166
1673778083 176
1673778084 176
1673778084 150
1673778089 172
1673778094 125
1673778101 196
1673778102 193
1673778107 158
1673778107 150
1673778107 107
1673778108 200
1673778117 157
1673778118 140
1673778122 152
1673778123 181
1673778123 164
1673778123 114
1673778127 172
1673778127 152
1673778127 112
1673778127 135
1673778129 160
1673778129 149
1673778130 125
1673778131 143
1673778133 115
1673778134 150
1673778139 199
1673778140 165
1673778140 166
1673778141 196
1673778147 151
1673778147 111
1673778148 151
1673778159 105
1673778159 146
1673778159 108
1673778160 183
1673778160 105
1673778160 172
1673778160 113
1673778160 164
1673778161 116
1673778168 114
1673778168 120
1673778168 110
1673778168 105
1673778168 119
1673778170 119
1673778170 198
1673778176 144
1673778176 157
1673778182 182
1673778189 151
1673778190 153
1673778193 138
1673778193 162
1673778194 126
1673778195 125
1673778195 137
1673778196 185
1673778197 146
1673778199 118
1673778199 194
1673778200 127
1673778201 158
1673778201 111
1673778201 122
1673778203 192
1673778203 149
1673778203 132
1673778203 156
1673778204 190
1673778205 117
1673778205 110
1673778205 135
1673778207 126
1673778207 110
1673778208 177
1673778210 145
1673778211 118
1673778211 111
1673778211 133
1673778212 120
1673778212 174
1673778212 165
1673778214 196
1673778216 126
1673778216 133
1673778216 114
1673778217 152
1673778217 160
1673778217 129
1673778217 109
1673778218 188
1673778218 152
1673778220 138
1673778221 190
1673778222 188
1673778222 192
1673778224 177
1673778224 116
1673778224 191
1673778224 187
1673778225 128
1673778225 180
1673778225 114
1673778226 180
1673778226 199
1673778226 180
1673778228 192
1673778228 181
1673778229 191
1673778229 155
1673778231 197
1673778232 122
1673778232 155
1673778234 158
1673778234 178
1673778234 139
1673778234 186
1673778235 113
1673778236 136
1673778237 187
1673778237 116
1673778238 131
1673778238 145
1673778238 191
1673778241 193
1673778242 126
1673778242 122
1673778242 102
1673778242 153
1673778242 122
1673778243 145
1673778243 139
1673778244 186
1673778244 115
1673778244 125
1673778245 129
1673778245 183
1673778246 185
1673778246 111
1673778246 107
1673778246 143
1673778249 101
1673778249 131
1673778249 187
1673778249 152
1673778249 174
1673778249 193
1673778249 110
1673778250 140
1673778250 104
1673778250 197
1673778250 110
1673778250 175
1673778250 200
1673778250 119
1673778251 187
1673778251 154
1673778252 183
1673778252 116
1673778253 117
1673778253 126
1673778253 168
1673778254 179
1673778254 174
1673778254 161
1673778255 105
1673778255 150
1673778255 157
1673778255 186
1673778256 191
1673778256 128
1673778257 181
1673778257 118
1673778257 152
1673778257 155
1673778257 135
1673778257 174
1673778258 161
1673778258 122
1673778258 121
1673778258 138
1673778258 142
1673778259 176
1673778260 103
1673778260 113
1673778260 115
1673778260 133
1673778260 163
1673778261 114
1673778261 186
1673778262 131
1673778263 158
1673778263 176
1673778263 151
1673778263 191
1673778264 139
1673778264 182
1673778265 115
1673778266 127
1673778266 110
1673778267 154
1673778267 137
1673778267 185
1673778268 177
1673778268 167
1673778269 108
1673778269 187
1673778269 116
1673778269 145
1673778270 199
1673778270 107
1673778270 145
1673778271 193
1673778271 128
1673778271 106
1673778272 141
1673778272 128
1673778273 193
1673778273 179
1673778273 162
1673778274 110
1673778275 177
1673778275 110
1673778275 141
1673778277 155
1673778278 167
1673778278 138
1673778278 158
1673778279 136
1673778279 106
1673778280 144
1673778280 130
1673778281 122
1673778281 102
1673778281 155
1673778282 132
1673778282 113
1673778282 139
1673778284 136
1673778284 147
1673778284 138
1673778284 123
1673778285 171
1673778285 148
1673778285 179
1673778285 112
1673778285 149
1673778285 119
1673778286 126
1673778286 145
1673778287 106
1673778287 193
1673778287 139
1673778287 143
1673778287 199
1673778289 106
1673778290 188
1673778290 119
1673778291 177
1673778291 109
1673778291 176
1673778292 178
1673778292 128
1673778292 199
1673778293 125
1673778293 115
1673778293 124
1673778293 109
1673778294 149
1673778294 175
1673778294 108
1673778295 152
1673778295 170
1673778295 146
1673778295 141
1673778295 169
1673778296 199
1673778296 178
1673778296 132
1673778297 127
1673778298 118
1673778298 174
1673778298 120
1673778299 112
1673778299 122
1673778300 187
1673778300 125
1673778300 187
1673778301 116
1673778301 155
1673778302 135
1673778302 170
1673778302 131
1673778302 193
1673778302 193
1673778302 160
1673778303 174
1673778303 190
1673778304 196
1673778306 186
1673778306 105
1673778307 119
1673778307 181
1673778307 188
1673778307 148
1673778307 191
1673778308 190
1673778308 164
1673778309 163
1673778309 182
1673778309 181
1673778309 149
1673778309 113
1673778309 124
1673778309 123
1673778310 101
1673778310 172
1673778310 127
1673778311 113
1673778312 148
1673778312 186
1673778312 154
1673778313 181
1673778313 167
1673778314 133
1673778314 179
1673778314 174
1673778314 173
1673778315 110
1673778315 116
1673778315 127
1673778315 189
1673778316 153
1673778316 188
1673778316 115
1673778317 149
1673778317 125
1673778317 140
1673778317 117
1673778317 107
1673778318 117
1673778318 192
1673778318 193
1673778319 113
1673778320 164
1673778322 168
1673778322 161
1673778322 177
1673778323 144
1673778323 158
1673778323 126
1673778323 127
1673778323 115
1673778324 185
1673778325 195
1673778325 109
1673778325 151
1673778325 108
1673778326 166
1673778328 131
1673778328 125
1673778328 164
1673778329 110
1673778329 184
1673778329 192
1673778330 182
1673778330 112
1673778331 178
1673778331 134
1673778333 158
1673778333 142
1673778333 199
1673778334 196
1673778335 147
1673778336 114
1673778336 195
1673778336 186
1673778336 183
1673778336 147
1673778337 146
1673778337 119
1673778337 185
1673778338 110
1673778338 167
1673778339 173
1673778339 194
1673778339 135
1673778339 175
1673778340 185
1673778340 118
1673778340 105
1673778340 156
1673778341 135
1673778342 168
1673778342 153
1673778342 157
1673778342 197
1673778342 115
1673778342 125
1673778342 159
1673778343 133
1673778344 116
1673778344 200
1673778344 148
1673778344 158
1673778344 149
1673778344 145
1673778345 197
1673778345 181
1673778345 147
1673778345 107
1673778345 189
1673778346 147
1673778347 177
1673778348 155
1673778348 196
1673778348 188
1673778348 142
1673778348 184
1673778348 145
1673778348 146
1673778349 116
1673778349 119
1673778349 158
1673778349 153
1673778349 197
1673778349 154
1673778350 197
1673778350 114
1673778350 116
1673778351 164
1673778351 150
1673778351 156
1673778351 111
1673778352 125
1673778353 170
1673778354 142
1673778354 173
1673778354 176
1673778355 156
1673778355 145
1673778355 199
1673778355 179
1673778355 104
1673778355 117
1673778356 124
1673778357 147
1673778357 193
1673778357 102
1673778357 112
1673778358 102
1673778359 160
1673778359 111
1673778359 170
1673778359 128
1673778359 157
1673778359 189
1673778360 105
1673778360 132
1673778361 139
1673778362 198
1673778362 138
1673778363 169
1673778363 178
1673778364 107
1673778364 182
1673778365 125
1673778367 133
1673778367 192
1673778368 162
1673778368 192
1673778368 176
1673778368 159
1673778369 123
1673778369 134
1673778369 157
1673778369 102
1673778369 198
1673778369 186
1673778370 137
1673778370 198
1673778370 152
1673778370 106
1673778370 199
1673778371 180
1673778371 175
1673778371 175
1673778372 174
1673778373 180
1673778373 130
1673778373 190
1673778373 181
1673778374 144
1673778374 191
1673778375 111
1673778375 111
1673778376 196
1673778376 150
1673778377 136
1673778377 147
1673778377 181
1673778377 194
1673778378 193
1673778378 186
1673778378 131
1673778378 132
1673778379 171
1673778381 154
1673778381 120
1673778381 195
1673778382 150
1673778382 109
1673778382 135
1673778383 168
1673778383 196
1673778383 187
1673778383 129
1673778383 123
1673778384 195
1673778384 180
1673778384 189
1673778385 184
1673778385 128
1673778385 154
1673778386 195
1673778386 176
1673778386 118
1673778386 147
1673778386 113
1673778387 188
1673778387 140
1673778387 176
1673778387 138
1673778388 117
1673778390 160
1673778391 196
1673778391 172
1673778392 117
1673778392 106
1673778392 191
1673778392 162
1673778393 136
1673778393 132
1673778394 149
1673778395 168
1673778395 150
1673778395 168
1673778395 103
1673778395 140
1673778396 159
1673778397 178
1673778397 123
1673778397 184
1673778397 164
1673778398 165
1673778399 180
1673778399 165
1673778399 155
1673778399 123
1673778400 164
1673778401 132
1673778401 105
1673778402 145
1673778402 113
1673778402 116
1673778402 191
1673778402 166
1673778402 171
1673778403 195
1673778403 166
1673778403 156
1673778403 173
1673778403 184
1673778403 166
1673778403 114
1673778403 139
1673778404 135
1673778405 185
1673778405 183
1673778405 182
1673778405 154
1673778405 124
1673778406 169
1673778406 157
1673778407 112
1673778408 122
1673778408 129
1673778409 160
1673778409 162
1673778409 194
1673778410 182
1673778410 160
1673778410 166
1673778411 114
1673778411 188
1673778412 196
1673778413 195
1673778414 174
1673778414 140
1673778414 171
1673778415 113
1673778416 159
1673778416 147
1673778416 163
1673778417 170
1673778419 181
1673778420 189
1673778420 101
1673778420 106
1673778420 145
1673778420 127
1673778421 114
1673778421 164
1673778421 174
1673778421 168
1673778422 159
1673778423 126
1673778423 149
1673778424 129
1673778424 122
1673778425 110
1673778425 185
1673778425 180
1673778426 130
1673778427 101
1673778427 150
1673778427 142
1673778427 189
1673778427 128
1673778427 175
1673778428 127
1673778428 153
1673778429 110
1673778429 153
1673778429 134
1673778429 116
1673778429 192
1673778430 180
1673778430 114
1673778430 125
1673778430 146
1673778430 176
1673778431 159
1673778431 196
1673778431 198
1673778432 156
1673778432 133
1673778432 153
1673778433 103
1673778434 117
1673778434 112
1673778434 191
1673778434 168
1673778434 147
1673778435 123
1673778435 126
1673778436 196
1673778436 110
1673778437 141
1673778438 190
1673778439 137
1673778441 142
1673778444 186
1673778444 173
1673778444 114
1673778444 168
1673778444 122
1673778444 116
1673778444 141
1673778444 110
1673778444 159
1673778445 145
1673778446 143
1673778447 155
1673778447 160
1673778447 143
1673778448 169
1673778448 117
1673778448 119
1673778448 187
1673778449 184
1673778449 111
1673778449 129
1673778450 103
1673778450 173
1673778450 165
1673778451 129
1673778451 169
1673778451 176
1673778452 119
1673778452 108
1673778452 172
1673778452 148
1673778453 110
1673778453 140
1673778454 107
1673778454 109
1673778455 184
1673778455 114
1673778455 195
1673778456 116
1673778457 126
1673778457 148
1673778457 198
1673778458 122
1673778458 170
1673778458 124
1673778458 114
1673778459 156
1673778460 121
1673778460 177
1673778460 140
1673778461 122
1673778461 128
1673778461 103
1673778462 102
1673778462 200
1673778463 138
1673778463 140
1673778463 173
1673778464 151
1673778464 183
1673778464 152
1673778465 149
1673778465 193
1673778466 110
1673778466 154
1673778466 147
1673778467 117
1673778468 180
1673778469 153
1673778470 161
1673778470 185
1673778470 153
1673778470 197
1673778471 114
1673778471 176
1673778471 170
1673778471 114
1673778472 177
1673778472 182
1673778472 162
1673778473 119
1673778473 169
1673778473 159
1673778474 149
1673778475 118
1673778475 133
1673778476 167
1673778476 176
1673778476 131
1673778476 177
1673778476 136
1673778476 112
1673778477 138
1673778477 191
1673778477 109
1673778477 197
1673778478 198
1673778478 135
1673778478 128
1673778479 184
1673778479 120
1673778479 177
1673778479 181
1673778480 182
1673778481 127
1673778481 147
1673778481 132
1673778482 166
1673778483 103
1673778483 126
1673778483 124
1673778483 149
1673778484 167
1673778484 181
1673778484 196
1673778485 145
1673778485 147
1673778485 183
1673778485 176
1673778485 144
1673778486 189
1673778486 123
1673778487 167
1673778487 103
1673778487 114
1673778487 127
1673778487 114
1673778487 104
1673778487 124
1673778488 147
1673778488 152
1673778488 183
1673778488 139
1673778490 166
1673778490 185
1673778490 133
1673778491 111
1673778491 176
1673778492 195
1673778492 115
1673778492 111
1673778492 149
1673778493 141
1673778493 185
1673778493 140
1673778493 199
1673778494 114
1673778494 121
1673778494 121
1673778494 175
1673778495 136
1673778495 188
1673778496 126
1673778496 137
1673778496 135
1673778496 199
1673778497 164
1673778497 148
1673778497 111
1673778497 182
1673778497 167
1673778498 177
1673778498 114
1673778498 182
1673778498 178
1673778498 179
1673778499 197
1673778499 179
1673778499 105
1673778499 187
1673778499 125
1673778500 159
1673778500 145
1673778500 137
1673778501 107
1673778501 155
1673778501 177
1673778502 157
1673778502 146
1673778503 109
1673778503 164
1673778503 105
1673778504 123
1673778504 116
1673778504 181
1673778505 189
1673778506 131
1673778506 159
1673778507 144
1673778507 113
1673778507 123
1673778507 180
1673778508 105
1673778508 185
1673778508 163
1673778508 138
1673778509 196
1673778509 189
1673778509 165
1673778510 178
1673778511 104
1673778511 176
1673778511 151
1673778512 107
1673778512 133
1673778513 104
1673778513 104
1673778513 130
1673778514 165
1673778514 137
1673778514 111
1673778515 124
1673778515 117
1673778515 106
1673778516 101
1673778516 161
1673778516 143
1673778516 121
1673778516 125
1673778517 103
1673778517 146
1673778517 108
1673778518 170
1673778518 118
1673778518 104
1673778519 147
1673778520 153
1673778520 146
1673778521 122
1673778521 148
1673778522 102
1673778522 112
1673778522 134
1673778522 199
1673778523 190
1673778523 140
1673778523 137
1673778523 133
1673778523 187
1673778525 144
1673778525 136
1673778525 138
1673778526 181
1673778526 144
1673778526 149
1673778527 121
1673778527 151
1673778527 138
1673778528 115
1673778528 107
1673778529 153
1673778529 186
1673778530 176
1673778530 180
1673778530 180
1673778531 162
1673778531 107
1673778531 145
1673778531 150
1673778531 134
1673778532 150
1673778532 127
1673778533 131
1673778533 115
1673778533 104
1673778534 115
1673778534 111
1673778534 154
1673778534 164
1673778535 183
1673778536 194
1673778536 108
1673778536 166
1673778537 195
1673778537 141
1673778537 171
1673778537 133
1673778538 179
1673778538 105
1673778538 125
1673778538 113
1673778540 167
1673778540 178
1673778540 104
1673778540 108
1673778541 188
1673778541 169
1673778541 175
1673778541 102
1673778541 194
1673778541 164
1673778542 164
1673778542 193
1673778542 152
1673778542 147
1673778542 153
1673778543 162
1673778543 137
1673778544 154
1673778545 135
1673778546 166
1673778546 116
1673778546 132
1673778547 117
1673778547 168
1673778547 180
1673778547 175
1673778547 182
1673778547 167
1673778548 141
1673778548 178
1673778548 190
1673778548 196
1673778549 133
1673778549 147
1673778549 184
1673778549 156
1673778550 142
1673778550 157
1673778551 176
1673778552 142
1673778552 133
1673778552 160
1673778553 116
1673778553 115
1673778553 122
1673778553 132
1673778553 120
1673778554 162
1673778554 151
1673778555 197
1673778555 148
1673778555 125
1673778555 139
1673778555 106
1673778555 120
1673778556 195
1673778556 126
1673778556 139
1673778557 197
1673778557 183
1673778558 143
1673778558 142
1673778559 169
1673778560 183
1673778560 184
1673778561 184
1673778561 179
1673778562 114
1673778562 112
1673778562 117
1673778563 188
1673778563 199
1673778563 143
1673778563 122
1673778564 171
1673778564 116
1673778564 118
1673778564 135
1673778564 186
1673778565 108
1673778565 189
1673778565 162
1673778566 143
1673778566 114
1673778566 174
1673778566 158
1673778566 114
1673778567 151
1673778567 182
1673778567 115
1673778567 109
1673778568 122
1673778568 110
1673778568 155
1673778568 104
1673778568 195
1673778568 127
1673778568 140
1673778568 182
1673778568 134
1673778569 175
1673778569 178
1673778570 200
1673778571 129
1673778572 163
1673778572 118
1673778572 155
1673778573 176
1673778573 116
1673778573 169
1673778573 116
1673778573 115
1673778573 152
1673778573 197
1673778573 113
1673778574 107
1673778575 181
1673778575 154
1673778577 143
1673778577 102
1673778577 143
1673778578 166
1673778578 126
1673778578 132
1673778579 146
1673778579 172
1673778579 116
1673778580 110
1673778580 131
1673778581 133
1673778581 199
1673778581 124
1673778582 167
1673778583 188
1673778583 170
1673778583 151
1673778583 157
1673778583 164
1673778584 144
1673778584 171
1673778584 148
1673778585 126
1673778585 121
1673778587 178
1673778588 118
1673778589 199
1673778589 135
1673778590 188
1673778591 117
1673778591 199
1673778591 107
1673778591 104
1673778591 185
1673778592 152
1673778592 170
1673778593 134
1673778594 125
1673778594 131
1673778594 174
1673778594 176
1673778594 101
1673778595 107
1673778595 117
1673778595 184
1673778595 131
1673778595 170
1673778596 198
1673778597 189
1673778597 164
1673778597 106
1673778597 130
1673778597 168
1673778597 128
1673778598 147
1673778598 159
1673778598 189
1673778599 148
1673778599 118
1673778599 200
1673778600 121
1673778600 182
1673778600 171
1673778600 183
1673778601 131
1673778601 170
1673778602 129
1673778602 109
1673778603 182
1673778603 112
1673778603 170
1673778604 192
1673778605 104
1673778605 118
1673778605 171
1673778605 175
1673778606 104
1673778606 149
1673778606 141
1673778607 108
1673778607 191
1673778607 186
1673778607 159
1673778608 191
1673778609 126
1673778609 179
1673778609 184
1673778609 112
1673778610 194
1673778610 137
1673778610 116
1673778611 120
1673778611 177
1673778611 179
1673778613 104
1673778613 161
1673778613 197
1673778613 149
1673778614 150
1673778614 174
1673778614 177
1673778615 183
1673778615 135
1673778615 137
1673778615 155
1673778616 131
1673778616 166
1673778616 122
1673778618 142
1673778618 123
1673778618 134
1673778618 153
1673778619 188
1673778619 107
1673778619 101
1673778619 108
1673778620 178
1673778620 127
1673778620 134
1673778621 163
1673778622 169
1673778622 128
1673778623 109
1673778623 137
1673778623 183
1673778624 150
1673778624 109
1673778625 197
1673778626 146
1673778626 155
1673778627 200
1673778627 186
1673778628 181
1673778628 168
1673778628 123
1673778628 184
1673778629 172
1673778630 153
1673778630 179
1673778632 137
1673778632 143
1673778632 153
1673778632 153
1673778632 151
1673778632 136
1673778632 101
1673778633 104
1673778633 157
1673778634 158
1673778634 172
1673778634 189
1673778634 193
1673778634 197
1673778634 155
1673778635 172
1673778635 128
1673778635 182
1673778635 120
1673778636 160
1673778636 151
1673778636 178
1673778637 181
1673778637 177
1673778637 169
1673778637 164
1673778638 130
1673778638 119
1673778638 126
1673778639 154
1673778640 116
1673778640 157
1673778641 196
1673778641 148
1673778641 200
1673778641 176
1673778641 177
1673778642 167
1673778642 173
1673778642 158
1673778642 154
1673778643 117
1673778643 136
1673778643 130
1673778643 129
1673778644 162
1673778644 158
1673778644 126
1673778646 113
1673778646 176
1673778646 108
1673778646 140
1673778647 175
1673778647 156
1673778647 126
1673778647 119
1673778648 168
1673778648 166
1673778649 130
1673778649 195
1673778650 142
1673778650 192
1673778650 142
1673778650 200
1673778651 123
1673778651 122
1673778652 143
1673778652 187
1673778652 190
1673778652 118
1673778652 127
1673778653 136
1673778654 168
1673778655 156
1673778655 174
1673778656 122
1673778656 160
1673778656 107
1673778656 152
1673778656 185
1673778657 179
1673778657 139
1673778657 166
1673778658 138
1673778659 154
1673778661 197
1673778662 123
1673778663 122
1673778663 142
1673778664 157
1673778664 120
1673778664 133
1673778664 127
1673778664 130
1673778665 200
1673778665 162
1673778666 168
1673778666 144
1673778666 172
1673778666 167
1673778667 132
1673778667 146
1673778667 188
1673778668 185
1673778668 155
1673778668 129
1673778669 133
1673778670 162
1673778670 161
1673778670 146
1673778671 167
1673778671 183
1673778671 131
1673778671 175
1673778671 119
1673778671 156
1673778671 125
1673778672 166
1673778672 155
1673778672 103
1673778672 139
1673778672 104
1673778673 144
1673778674 120
1673778674 141
1673778675 157
1673778675 111
1673778676 142
1673778676 198
1673778677 111
1673778677 144
1673778678 119
1673778678 117
1673778678 200
1673778679 199
1673778679 149
1673778679 173
1673778680 164
1673778680 185
1673778680 161
1673778680 128
1673778681 113
1673778682 135
1673778682 132
1673778682 170
1673778682 107
1673778683 108
1673778683 125
1673778683 101
1673778684 188
1673778684 171
1673778684 161
1673778685 110
1673778685 116
1673778686 120
1673778686 141
1673778686 104
1673778686 113
1673778687 168
1673778688 159
1673778688 181
1673778688 193
1673778688 125
1673778688 160
1673778688 190
1673778689 151
1673778689 176
1673778689 183
1673778689 120
1673778691 142
1673778691 101
1673778691 134
1673778692 135
1673778692 155
1673778692 152
1673778693 118
1673778694 150
1673778695 151
1673778695 128
1673778696 182
1673778696 191
1673778696 125
1673778697 140
1673778697 167
1673778698 151
1673778698 155
1673778698 142
1673778698 101
1673778699 177
1673778699 187
1673778699 143
1673778699 186
1673778699 133
1673778700 143
1673778700 198
1673778700 128
1673778700 185
1673778701 180
1673778701 139
1673778701 133
1673778702 139
1673778702 109
1673778702 176
1673778702 126
1673778702 108
1673778703 174
1673778703 143
1673778703 182
1673778704 199
1673778704 138
1673778704 187
1673778704 138
1673778704 164
1673778704 184
1673778704 166
1673778705 181
1673778705 174
1673778705 198
1673778705 113
1673778705 152
1673778706 133
1673778706 166
1673778706 185
1673778706 117
1673778707 114
1673778707 180
1673778707 126
1673778708 148
1673778710 190
1673778710 132
1673778710 123
1673778710 122
1673778711 146
1673778712 137
1673778712 163
1673778713 195
1673778713 190
1673778714 129
1673778714 164
1673778714 161
1673778714 138
1673778714 147
1673778715 118
1673778715 121
1673778715 107
1673778715 155
1673778715 141
1673778716 156
1673778716 117
1673778716 193
1673778716 152
1673778717 175
1673778717 200
1673778717 127
1673778717 178
1673778717 122
1673778717 189
1673778717 194
1673778718 198
1673778718 173
1673778719 196
1673778719 158
1673778719 168
1673778720 111
1673778720 162
1673778721 129
1673778721 159
1673778722 191
1673778722 125
1673778722 112
1673778723 188
1673778723 160
1673778723 182
1673778723 132
1673778723 190
1673778724 112
1673778724 129
1673778724 152
1673778725 182
1673778725 143
1673778725 111
1673778725 105
1673778725 137
1673778725 120
1673778725 179
1673778725 196
1673778726 113
1673778726 109
1673778726 127
1673778727 129
1673778727 124
1673778728 109
1673778728 142
1673778729 148
1673778731 164
1673778731 149
1673778732 109
1673778732 200
1673778732 107
1673778732 138
1673778733 138
1673778733 104
1673778733 170
1673778733 149
1673778733 158
1673778733 107
1673778733 160
1673778733 172
1673778734 158
1673778734 188
1673778734 164
1673778735 150
1673778735 120
1673778735 173
1673778735 191
1673778736 163
1673778736 134
1673778737 103
1673778737 172
1673778737 178
1673778737 136
1673778737 119
1673778738 175
1673778740 110
1673778740 154
1673778740 117
1673778740 126
1673778740 187
1673778741 113
1673778741 200
1673778742 116
1673778742 106
1673778742 111
1673778745 168
1673778745 143
1673778745 149
1673778745 156
1673778745 151
1673778746 152
1673778746 110
1673778746 155
1673778746 174
1673778747 194
1673778747 161
1673778747 187
1673778748 200
1673778748 165
1673778749 109
1673778749 112
1673778749 181
1673778749 194
1673778749 176
1673778750 188
1673778750 137
1673778750 137
1673778750 162
1673778751 172
1673778751 143
1673778752 197
1673778752 178
1673778753 103
1673778753 106
1673778753 112
1673778753 139
1673778753 143
1673778754 195
1673778754 160
1673778754 160
1673778755 121
1673778755 122
1673778756 152
1673778759 174
1673778759 166
1673778759 157
1673778759 178
1673778760 134
1673778760 115
1673778760 189
1673778760 180
1673778761 166
1673778761 140
1673778761 107
1673778762 151
1673778762 142
1673778763 103
1673778763 175
1673778764 123
1673778764 180
1673778764 184
1673778764 187
1673778764 101
1673778765 156
1673778765 151
1673778766 199
1673778766 141
1673778767 170
1673778767 146
1673778768 115
1673778768 159
1673778768 132
1673778769 105
1673778769 101
1673778769 168
1673778770 133
1673778770 126
1673778770 102
1673778771 158
1673778771 112
1673778771 187
1673778772 152
1673778773 106
1673778773 150
1673778773 156
1673778775 178
1673778776 193
1673778776 115
1673778776 118
1673778777 187
1673778777 196
1673778777 197
1673778777 157
1673778777 117
1673778778 130
1673778778 193
1673778778 134
1673778778 165
1673778779 161
1673778779 105
1673778779 171
1673778780 113
1673778780 105
1673778780 115
1673778781 103
1673778781 118
1673778781 197
1673778781 144
1673778782 195
1673778782 195
1673778782 108
1673778782 109
1673778783 116
1673778783 125
1673778784 193
1673778784 167
1673778784 104
1673778785 124
1673778785 128
1673778786 175
1673778787 125
1673778787 114
1673778787 119
1673778788 172
1673778788 158
1673778788 156
1673778788 152
1673778789 143
1673778790 139
1673778790 181
1673778790 145
1673778791 151
1673778791 150
1673778791 112
1673778791 172
1673778791 114
1673778792 127
1673778793 175
1673778793 121
1673778793 121
1673778793 117
1673778794 196
1673778794 115
1673778794 151
1673778794 145
1673778795 157
1673778795 141
1673778795 130
1673778795 106
1673778795 159
1673778796 123
1673778797 148
1673778797 133
1673778797 146
1673778797 106
1673778797 119
1673778797 134
1673778798 156
1673778799 142
1673778799 174
1673778799 163
1673778799 167
1673778800 132
1673778800 143
1673778801 195
1673778801 198
1673778802 143
1673778802 132
1673778803 152
1673778804 146
1673778804 187
1673778804 125
1673778804 175
1673778805 109
1673778806 196
1673778806 109
1673778807 198
1673778807 114
1673778807 154
1673778808 121
1673778808 182
1673778809 146
1673778809 181
1673778810 102
1673778810 116
1673778811 187
1673778811 181
1673778812 129
1673778812 198
1673778812 188
1673778812 109
1673778814 119
1673778814 132
1673778814 147
1673778814 157
1673778815 162
1673778815 182
1673778815 187
1673778815 186
1673778816 103
1673778816 198
1673778816 144
1673778817 165
1673778818 147
1673778818 122
1673778818 128
1673778819 108
1673778819 130
1673778820 167
1673778821 143
1673778821 160
1673778821 126
1673778822 149
1673778822 101
1673778823 176
1673778823 140
1673778823 120
1673778823 132
1673778824 194
1673778825 193
1673778825 134
1673778825 113
1673778825 183
1673778825 131
1673778826 105
1673778826 110
1673778826 111
1673778827 132
1673778827 198
1673778827 141
1673778828 186
1673778828 147
1673778828 180
1673778828 184
1673778828 108
1673778829 191
1673778829 147
1673778830 104
1673778830 173
1673778830 172
1673778830 174
1673778831 110
1673778832 171
1673778832 195
1673778833 144
1673778834 140
1673778835 108
1673778835 106
1673778836 152
1673778836 104
1673778836 126
1673778837 163
1673778837 179
1673778838 157
1673778838 119
1673778839 111
1673778840 117
1673778840 186
1673778840 150
1673778841 132
1673778841 171
1673778841 178
1673778841 166
1673778841 195
1673778842 150
1673778842 194
1673778842 135
1673778843 189
1673778843 120
1673778843 136
1673778843 132
1673778843 195
1673778844 125
1673778844 112
1673778844 114
1673778844 166
1673778844 164
1673778844 141
1673778844 122
1673778845 170
1673778845 188
1673778845 114
1673778846 166
1673778846 138
1673778846 156
1673778847 114
1673778847 162
1673778848 197
1673778848 182
1673778849 113
1673778849 143
1673778849 111
1673778849 115
1673778850 119
1673778850 101
1673778853 181
1673778853 161
1673778853 137
1673778853 190
1673778854 194
1673778856 139
1673778856 102
1673778856 109
1673778857 176
1673778857 150
1673778857 182
1673778857 163
1673778857 135
1673778857 139
1673778857 185
1673778858 194
1673778858 173
1673778858 193
1673778859 181
1673778859 194
1673778860 116
1673778861 101
1673778861 113
1673778861 172
1673778861 168
1673778862 143
1673778863 164
1673778863 132
1673778863 122
1673778863 169
1673778865 148
1673778865 184
1673778866 106
1673778866 191
1673778867 157
1673778867 104
1673778869 130
1673778869 141
1673778869 184
1673778870 111
1673778870 195
1673778871 175
1673778871 128
1673778871 200
1673778871 157
1673778871 194
1673778872 112
1673778872 198
1673778873 197
1673778873 157
1673778873 149
1673778874 179
1673778874 173
1673778875 181
1673778875 140
1673778876 153
1673778876 189
1673778877 134
1673778877 110
1673778877 189
1673778877 143
1673778878 146
1673778878 119
1673778879 148
1673778879 104
1673778879 197
1673778879 125
1673778879 143
1673778879 104
1673778880 171
1673778881 157
1673778881 189
1673778881 191
1673778882 131
1673778882 155
1673778883 120
1673778883 172
1673778883 199
1673778884 137
1673778884 146
1673778884 140
1673778885 145
1673778885 155
1673778885 134
1673778886 157
1673778886 113
1673778886 189
1673778886 138
1673778887 186
1673778887 151
1673778887 119
1673778888 119
1673778888 115
1673778888 102
1673778888 110
1673778889 191
1673778889 154
1673778889 146
1673778889 186
1673778889 116
1673778889 161
1673778890 116
1673778890 179
1673778890 168
1673778890 140
1673778890 112
1673778891 136
1673778892 118
1673778893 103
1673778893 200
1673778893 158
1673778894 104
1673778894 144
1673778895 127
1673778896 139
1673778896 198
1673778896 154
1673778897 164
1673778897 171
1673778899 152
1673778899 198
1673778899 121
1673778900 152
1673778900 162
1673778900 146
1673778901 183
1673778901 157
1673778901 187
1673778901 152
1673778902 166
1673778902 116
1673778903 166
1673778903 152
1673778903 142
1673778903 188
1673778903 162
1673778903 186
1673778904 121
1673778905 156
1673778905 173
1673778906 185
1673778907 123
1673778907 186
1673778907 141
1673778908 179
1673778908 116
1673778908 108
1673778908 159
1673778908 149
1673778908 148
1673778909 126
1673778909 198
1673778909 188
1673778909 159
1673778910 189
1673778910 107
1673778910 120
1673778910 140
1673778910 122
1673778911 120
1673778911 193
1673778911 146
1673778911 167
1673778912 178
1673778912 165
1673778912 192
1673778912 119
1673778912 186
1673778913 118
1673778913 169
1673778913 164
1673778914 160
1673778914 170
1673778916 117
1673778916 137
1673778916 175
1673778916 155
1673778916 111
1673778916 184
1673778917 149
1673778917 159
1673778918 125
1673778918 152
1673778919 124
1673778919 198
1673778919 182
1673778920 105
1673778920 175
1673778920 127
1673778920 175
1673778920 161
1673778920 170
1673778921 180
1673778921 142
1673778922 193
1673778922 196
1673778922 193
1673778923 117
1673778924 164
1673778924 183
1673778924 145
1673778924 177
1673778924 120
1673778925 133
1673778925 185
1673778925 121
1673778926 135
1673778926 129
1673778927 152
1673778928 192
1673778928 182
1673778928 151
1673778929 170
1673778929 167
1673778930 189
1673778930 184
1673778930 110
1673778930 109
1673778930 163
1673778931 143
1673778931 179
1673778931 188
1673778931 186
1673778931 150
1673778932 154
1673778933 128
1673778933 169
1673778933 117
1673778934 198
1673778934 176
1673778934 137
1673778934 176
1673778935 162
1673778935 154
1673778936 128
1673778936 175
1673778937 170
1673778937 131
1673778938 120
1673778938 156
1673778939 121
1673778940 105
1673778940 149
1673778941 110
1673778942 161
1673778942 159
1673778943 135
1673778943 176
1673778943 113
1673778943 176
1673778944 165
1673778944 146
1673778944 139
1673778945 112
1673778945 152
1673778946 197
1673778946 109
1673778946 109
1673778947 146
1673778947 105
1673778948 116
1673778948 144
1673778948 155
1673778949 120
1673778950 175
1673778950 144
1673778950 119
1673778950 184
1673778950 195
1673778951 136
1673778951 108
1673778951 127
1673778951 120
1673778951 151
1673778951 108
1673778951 196
1673778952 174
1673778952 198
1673778952 119
1673778952 145
1673778952 102
1673778953 172
1673778953 164
1673778953 143
1673778954 146
1673778954 180
1673778954 199
1673778955 130
1673778955 179
1673778955 158
1673778955 117
1673778955 162
1673778956 168
1673778956 171
1673778956 101
1673778956 156
1673778958 120
1673778958 105
1673778959 172
1673778960 156
1673778960 196
1673778960 121
1673778961 125
1673778961 111
1673778962 165
1673778962 137
1673778962 138
1673778962 137
1673778963 128
1673778964 107
1673778964 199
1673778965 130
1673778966 149
1673778967 191
1673778967 198
1673778968 188
1673778968 169
1673778968 187
1673778969 156
1673778969 143
1673778969 159
1673778969 199
1673778969 196
1673778969 166
1673778970 130
1673778971 196
1673778971 108
1673778971 170
1673778971 161
1673778972 126
1673778972 132
1673778972 176
1673778972 196
1673778973 139
1673778974 167
1673778974 136
1673778975 187
1673778975 151
1673778976 176
1673778976 101
1673778976 165
1673778976 130
1673778977 154
1673778978 119
1673778978 186
1673778978 198
1673778978 124
1673778978 200
1673778978 103
1673778978 152
1673778979 129
1673778979 158
1673778980 107
1673778980 154
1673778981 189
1673778981 186
1673778982 143
1673778982 148
1673778982 155
1673778983 140
1673778983 179
1673778983 138
1673778983 114
1673778985 156
1673778985 111
1673778985 151
1673778985 122
1673778986 144
1673778986 178
1673778986 181
1673778986 102
1673778987 135
1673778987 118
1673778987 135
1673778987 135
1673778987 136
1673778988 115
1673778988 161
1673778988 134
1673778989 102
1673778989 104
1673778989 105
1673778989 105
1673778989 167
1673778989 174
1673778989 107
1673778990 138
1673778990 133
1673778990 189
1673778990 154
1673778991 171
1673778991 121
1673778991 163
1673778992 162
1673778992 193
1673778992 152
1673778993 109
1673778993 149
1673778993 152
1673778994 120
1673778994 179
1673778995 195
1673778996 156
1673778996 186
1673778998 151
1673778998 189
1673778998 155
1673778998 147
1673778999 155
1673778999 197
1673778999 199
1673778999 145
1673778999 139
1673779000 197
1673779000 175
1673779000 185
1673779000 199
1673779001 141
1673779001 109
1673779002 113
1673779002 198
1673779003 199
1673779003 162
1673779003 191
1673779003 150
1673779003 199
1673779003 161
1673779004 170
1673779004 180
1673779004 146
1673779004 195
1673779004 200
1673779005 149
1673779005 142
1673779005 171
1673779005 151
1673779006 164
1673779006 103
1673779006 180
1673779006 198
1673779007 180
1673779008 137
1673779008 158
1673779008 110
1673779009 106
1673779009 115
1673779010 149
1673779010 180
1673779010 184
1673779011 111
1673779011 168
1673779011 170
1673779011 141
1673779012 171
1673779012 140
1673779013 133
1673779014 192
1673779014 109
1673779014 195
1673779014 153
1673779015 120
1673779015 137
1673779016 116
1673779016 187
1673779016 197
1673779017 178
1673779017 159
1673779017 127
1673779017 165
1673779017 122
1673779017 154
1673779018 164
1673779018 110
1673779018 115
1673779018 155
1673779018 127
1673779019 140
1673779020 125
1673779020 186
1673779020 181
1673779020 198
1673779020 164
1673779021 191
1673779021 158
1673779021 130
1673779022 168
1673779022 114
1673779024 109
1673779024 113
1673779024 177
1673779025 114
1673779026 161
1673779026 147
1673779027 196
1673779028 105
1673779028 177
1673779029 184
1673779029 127
1673779030 119
1673779030 108
1673779031 109
1673779031 133
1673779032 115
1673779032 190
1673779032 131
1673779032 149
1673779033 139
1673779033 103
1673779034 181
1673779034 124
1673779034 139
1673779034 155
1673779035 187
1673779035 129
1673779035 167
1673779036 166
1673779036 156
1673779037 147
1673779037 152
1673779037 168
1673779038 173
1673779038 104
1673779039 115
1673779039 133
1673779039 149
1673779039 135
1673779040 116
1673779040 115
1673779040 148
1673779040 200
1673779040 122
1673779041 118
1673779041 158
1673779041 177
1673779041 184
1673779041 145
1673779042 101
1673779042 176
1673779042 172
1673779042 158
1673779043 130
1673779043 116
1673779044 145
1673779044 132
1673779044 129
1673779044 124
1673779044 115
1673779044 157
1673779045 168
1673779045 166
1673779045 189
1673779046 151
1673779046 102
1673779046 163
1673779047 124
1673779047 105
1673779047 109
1673779047 104
1673779048 101
1673779049 112
1673779049 160
1673779049 132
1673779049 129
1673779050 136
1673779050 188
1673779050 196
1673779050 170
1673779050 183
1673779051 194
1673779051 165
1673779051 153
1673779051 175
1673779051 156
1673779051 183
1673779051 134
1673779051 152
1673779051 158
1673779051 122
1673779052 199
1673779052 158
1673779052 180
1673779052 106
1673779052 135
1673779052 122
1673779053 117
1673779054 104
1673779054 177
1673779055 125
1673779055 101
1673779056 104
1673779056 191
1673779056 175
1673779056 178
1673779057 110
1673779057 156
1673779057 149
1673779057 142
1673779057 174
1673779057 112
1673779057 139
1673779058 131
1673779058 147
1673779058 145
1673779058 139
1673779059 134
1673779059 133
1673779059 147
1673779060 173
1673779061 129
1673779061 173
1673779062 133
1673779062 117
1673779063 117
1673779063 107
1673779063 113
1673779065 172
1673779065 154
1673779065 122
1673779065 179
1673779065 112
1673779066 184
1673779066 118
1673779066 177
1673779066 169
1673779066 189
1673779066 143
1673779067 155
1673779067 172
1673779067 154
1673779067 173
1673779067 138
1673779067 163
1673779067 196
1673779067 139
1673779068 163
1673779068 157
1673779068 127
1673779069 115
1673779069 130
1673779069 126
1673779069 199
1673779069 157
1673779069 188
1673779070 149
1673779070 155
1673779071 172
1673779071 163
1673779071 130
1673779072 178
1673779073 138
1673779073 130
1673779073 166
1673779074 176
1673779074 194
1673779074 138
1673779074 167
1673779074 160
1673779074 170
1673779075 133
1673779075 172
1673779075 109
1673779075 159
1673779075 127
1673779075 135
1673779076 130
1673779076 128
1673779076 155
1673779077 115
1673779077 173
1673779077 149
1673779077 184
1673779077 114
1673779078 146
1673779078 142
1673779079 128
1673779079 148
1673779079 187
1673779079 139
1673779080 115
1673779080 111
1673779080 187
1673779081 143
1673779081 112
1673779081 165
1673779081 145
1673779081 116
1673779082 188
1673779082 132
1673779082 156
1673779083 166
1673779083 143
1673779083 107
1673779084 165
1673779084 116
1673779084 150
1673779084 120
1673779084 106
1673779085 131
1673779085 134
1673779085 191
1673779086 185
1673779087 120
1673779087 107
1673779087 153
1673779088 118
1673779088 154
1673779090 192
1673779090 167
1673779090 122
1673779090 194
1673779091 139
1673779091 154
1673779091 199
1673779091 142
1673779093 172
1673779093 157
1673779093 176
1673779093 159
1673779094 147
1673779094 121
1673779094 111
1673779094 120
1673779097 183
1673779097 181
1673779097 197
1673779097 158
1673779098 193
1673779098 158
1673779099 187
1673779100 184
1673779100 167
1673779100 195
1673779100 188
1673779101 197
1673779102 171
1673779102 198
1673779102 126
1673779102 151
1673779102 127
1673779103 199
1673779103 151
1673779103 112
1673779104 175
1673779104 194
1673779104 157
1673779105 180
1673779106 196
1673779106 189
1673779107 134
1673779107 113
1673779107 109
1673779109 174
1673779110 174
1673779112 107
1673779112 200
1673779112 200
1673779112 197
1673779113 129
1673779113 105
1673779113 124
1673779114 197
1673779115 106
1673779115 165
1673779115 141
1673779115 129
1673779115 180
1673779116 140
1673779116 163
1673779116 168
1673779116 145
1673779116 134
1673779116 117
1673779117 181
1673779117 162
1673779117 125
1673779117 124
1673779118 187
1673779118 130
1673779119 166
1673779119 182
1673779121 128
1673779121 171
1673779122 189
1673779122 132
1673779123 133
1673779123 110
1673779123 159
1673779123 178
1673779123 130
1673779123 112
1673779123 101
1673779124 198
1673779125 146
1673779125 180
1673779125 179
1673779125 193
1673779125 133
1673779125 146
1673779125 175
1673779126 191
1673779126 143
1673779126 180
1673779127 175
1673779127 126
1673779128 170
1673779128 185
1673779128 186
1673779128 143
1673779128 101
1673779130 102
1673779130 106
1673779130 124
1673779130 113
1673779131 142
1673779131 109
1673779131 199
1673779131 108
1673779132 200
1673779132 168
1673779133 170
1673779133 120
1673779134 174
1673779134 140
1673779134 137
1673779134 157
1673779135 128
1673779135 103
1673779135 180
1673779137 109
1673779137 126
1673779137 155
1673779137 197
1673779138 117
1673779138 104
1673779138 140
1673779138 126
1673779139 160
1673779139 158
1673779139 114
1673779139 162
1673779139 181
1673779140 150
1673779140 164
1673779141 119
1673779141 178
1673779141 185
1673779141 155
1673779141 130
1673779142 196
1673779142 120
1673779143 183
1673779143 125
1673779143 175
1673779144 158
1673779145 161
1673779145 160
1673779146 197
1673779146 140
1673779146 192
1673779146 192
1673779147 132
1673779147 106
1673779148 151
1673779148 173
1673779149 189
1673779150 152
1673779150 170
1673779150 168
1673779150 104
1673779151 200
1673779151 187
1673779152 129
1673779153 192
1673779153 160
1673779153 177
1673779153 136
1673779154 156
1673779155 106
1673779155 104
1673779155 153
1673779156 110
1673779156 152
1673779157 181
1673779157 156
1673779157 169
1673779157 128
1673779158 104
1673779158 181
1673779158 102
1673779159 196
1673779159 171
1673779159 162
1673779159 117
1673779159 198
1673779160 133
1673779160 101
1673779160 157
1673779161 178
1673779161 138
1673779161 163
1673779162 164
1673779162 185
1673779162 186
1673779163 174
1673779163 178
1673779164 166
1673779164 146
1673779165 123
1673779165 109
1673779165 112
1673779165 184
1673779166 121
1673779166 144
1673779166 160
1673779167 139
1673779167 179
1673779167 161
1673779168 120
1673779169 157
1673779169 115
1673779170 123
1673779170 131
1673779170 130
1673779170 147
1673779170 133
1673779171 125
1673779171 136
1673779172 170
1673779172 181
1673779172 159
1673779172 182
1673779172 195
1673779172 131
1673779173 199
1673779174 105
1673779174 127
1673779174 161
1673779174 104
1673779174 159
1673779176 121
1673779176 112
1673779176 151
1673779176 118
1673779176 150
1673779176 140
1673779176 108
1673779177 121
1673779177 187
1673779179 160
1673779179 133
1673779179 147
1673779179 121
1673779180 157
1673779180 149
1673779180 120
1673779180 189
1673779180 140
1673779180 157
1673779181 186
1673779181 136
1673779181 130
1673779181 149
1673779181 135
1673779181 116
1673779181 124
1673779182 165
1673779182 107
1673779182 184
1673779183 193
1673779184 106
1673779184 143
1673779184 198
1673779185 147
1673779185 140
1673779186 101
1673779186 135
1673779186 187
1673779186 171
1673779186 185
1673779187 148
1673779187 110
1673779187 191
1673779188 165
1673779188 186
1673779189 139
1673779189 177
1673779189 199
1673779190 178
1673779190 107
1673779190 149
1673779191 109
1673779191 114
1673779191 142
1673779191 197
1673779192 101
1673779192 169
1673779193 169
1673779193 115
1673779193 105
1673779193 192
1673779194 135
1673779194 133
1673779194 133
1673779194 150
1673779194 155
1673779195 173
1673779195 127
1673779195 190
1673779195 103
1673779196 104
1673779196 135
1673779198 142
1673779198 194
1673779198 189
1673779198 107
1673779198 170
1673779199 160
1673779199 182
1673779200 171
1673779200 145
1673779200 115
1673779201 137
1673779201 130
1673779201 170
1673779202 122
1673779202 182
1673779202 181
1673779203 109
1673779203 122
1673779203 134
1673779204 177
1673779205 131
1673779205 140
1673779205 140
1673779206 150
1673779207 169
1673779207 121
1673779207 169
1673779207 172
1673779207 114
1673779207 115
1673779208 146
1673779208 185
1673779209 136
1673779209 117
1673779209 136
1673779210 164
1673779210 179
1673779210 175
1673779211 159
1673779211 104
1673779211 108
1673779211 104
1673779211 162
1673779212 146
1673779212 194
1673779212 134
1673779213 138
1673779213 111
1673779215 188
1673779215 105
1673779215 134
1673779215 164
1673779216 189
1673779216 127
1673779216 145
1673779217 129
1673779218 150
1673779218 175
1673779218 128
1673779219 182
1673779219 156
1673779220 183
1673779220 103
1673779220 188
1673779221 136
1673779221 190
1673779223 129
1673779223 149
1673779223 166
1673779223 150
1673779224 197
1673779224 180
1673779224 162
1673779225 127
1673779226 156
1673779227 179
1673779227 144
1673779227 152
1673779227 199
1673779227 131
1673779228 127
1673779228 124
1673779228 194
1673779228 116
1673779228 170
1673779228 132
1673779229 157
1673779230 143
1673779230 191
1673779230 122
1673779230 102
1673779231 124
1673779233 140
1673779233 151
1673779234 106
1673779235 168
1673779236 135
1673779237 128
1673779237 162
1673779237 124
1673779237 124
1673779238 173
1673779238 105
1673779238 129
1673779239 187
1673779239 192
1673779240 183
1673779241 188
1673779241 197
1673779242 192
1673779243 188
1673779244 118
1673779244 197
1673779244 137
1673779244 123
1673779244 160
1673779244 171
1673779245 175
1673779247 164
1673779247 113
1673779248 110
1673779248 173
1673779248 168
1673779248 152
1673779249 104
1673779249 195
1673779249 105
1673779250 140
1673779250 150
1673779250 138
1673779250 158
1673779251 153
1673779251 187
1673779251 168
1673779251 177
1673779252 188
1673779252 139
1673779252 159
1673779253 103
1673779253 190
1673779253 149
1673779254 146
1673779254 173
1673779254 120
1673779255 192
1673779255 108
1673779255 197
1673779255 111
1673779255 157
1673779255 125
1673779256 102
1673779256 176
1673779256 158
1673779256 107
1673779257 165
1673779257 196
1673779258 108
1673779258 106
1673779258 179
1673779259 173
1673779259 151
1673779260 152
1673779260 137
1673779260 126
1673779260 149
1673779261 193
1673779261 198
1673779261 192
1673779262 124
1673779262 134
1673779263 110
1673779263 191
1673779263 186
1673779264 183
1673779264 113
1673779264 175
1673779264 127
1673779264 188
1673779265 143
1673779265 173
1673779265 148
1673779266 142
1673779266 104
1673779267 150
1673779267 155
1673779268 135
1673779268 152
1673779269 103
1673779269 140
1673779269 121
1673779269 133
1673779269 198
1673779270 171
1673779270 116
1673779271 180
1673779271 129
1673779271 182
1673779271 175
1673779272 150
1673779272 109
1673779273 108
1673779273 101
1673779274 123
1673779274 175
1673779274 165
1673779274 108
1673779275 184
1673779275 179
1673779275 128
1673779276 135
1673779276 185
1673779276 158
1673779276 133
1673779277 105
1673779278 113
1673779278 188
1673779279 192
1673779279 137
1673779279 173
1673779279 200
1673779280 110
1673779280 146
1673779280 166
1673779281 124
1673779282 119
1673779282 149
1673779282 131
1673779283 199
1673779283 147
1673779283 198
1673779283 194
1673779283 146
1673779284 148
1673779285 111
1673779285 186
1673779285 153
1673779286 101
1673779286 177
1673779287 136
1673779287 113
1673779287 183
1673779287 133
1673779288 135
1673779288 185
1673779288 140
1673779288 130
1673779288 180
1673779288 159
1673779289 157
1673779289 170
1673779290 180
1673779290 184
