1673776802 184
1673776804 152
1673776807 117
1673776808 111
1673776808 168
1673776809 192
1673776814 179
1673776815 174
1673776816 128
1673776816 134
1673776816 103
1673776816 194
1673776820 164
1673776821 127
1673776822 134
1673776822 161
1673776823 112
1673776823 197
1673776823 144
1673776826 105
1673776827 168
1673776827 128
1673776828 182
1673776830 101
1673776833 164
1673776833 150
1673776833 152
1673776834 171
1673776834 105
1673776834 151
1673776836 130
1673776836 128
1673776836 191
1673776837 157
1673776837 155
1673776839 153
1673776844 158
1673776850 185
1673776852 148
1673776852 148
1673776853 200
1673776856 200
1673776857 101
1673776857 151
1673776859 160
1673776859 173
1673776860 118
1673776860 130
1673776860 169
1673776862 151
1673776862 116
1673776863 139
1673776863 130
1673776864 109
1673776866 188
1673776867 196
1673776870 142
1673776871 121
1673776871 187
1673776871 126
1673776871 169
1673776872 122
1673776872 113
1673776872 108
1673776873 164
1673776873 179
1673776873 185
1673776873 140
1673776873 172
1673776873 167
1673776874 104
1673776876 138
1673776876 118
1673776876 131
1673776876 160
1673776876 191
1673776876 171
1673776877 104
1673776877 183
1673776878 192
1673776878 200
1673776879 164
1673776880 115
1673776880 133
1673776882 161
1673776882 127
1673776882 128
1673776883 120
1673776883 183
1673776883 188
1673776884 103
1673776885 162
1673776887 111
1673776888 149
1673776888 185
1673776888 107
1673776889 148
1673776889 104
1673776890 187
1673776891 101
1673776892 148
1673776893 152
1673776895 128
1673776895 116
1673776896 117
1673776897 115
1673776897 129
1673776898 158
1673776898 185
1673776898 107
1673776899 173
1673776899 148
1673776899 182
1673776899 130
1673776899 141
1673776900 173
1673776901 165
1673776901 135
1673776901 165
1673776902 131
1673776903 145
1673776903 173
1673776904 175
1673776904 129
1673776905 179
1673776906 102
1673776906 101
1673776907 123
1673776907 158
1673776907 197
1673776907 182
1673776911 167
1673776912 154
1673776916 142
1673776917 110
1673776920 169
1673776921 172
1673776921 181
1673776921 104
1673776922 112
1673776923 142
1673776923 198
1673776924 178
1673776924 131
1673776924 143
1673776924 196
1673776924 133
1673776925 142
1673776926 193
1673776927 118
1673776927 181
1673776927 126
1673776928 145
1673776929 153
1673776929 171
1673776929 162
1673776930 122
1673776931 136
1673776932 158
1673776932 127
1673776933 119
1673776933 179
1673776933 146
1673776935 143
1673776935 188
1673776935 136
1673776935 116
1673776936 155
1673776936 107
1673776936 130
1673776937 166
1673776937 147
1673776937 172
1673776937 115
1673776938 189
1673776938 123
1673776938 146
1673776939 153
1673776939 192
1673776939 134
1673776940 120
1673776941 184
1673776941 174
1673776941 132
1673776942 147
1673776942 139
1673776942 107
1673776943 200
1673776943 175
1673776943 167
1673776944 174
1673776944 179
1673776945 113
1673776945 193
1673776945 160
1673776945 107
1673776946 131
1673776946 148
1673776947 169
1673776949 134
1673776949 146
1673776950 196
1673776950 191
1673776950 183
1673776951 104
1673776952 121
1673776952 135
1673776952 199
1673776952 126
1673776952 161
1673776953 186
1673776953 125
1673776953 119
1673776953 166
1673776954 131
1673776955 109
1673776956 124
1673776957 198
1673776957 126
1673776957 138
1673776958 187
1673776959 142
1673776959 152
1673776960 134
1673776960 191
1673776961 151
1673776961 160
1673776961 129
1673776962 144
1673776962 131
1673776962 164
1673776963 199
1673776963 185
1673776963 116
1673776964 134
1673776965 185
1673776965 174
1673776966 141
1673776966 111
1673776967 157
1673776968 131
1673776969 169
1673776969 145
1673776969 151
1673776970 143
1673776970 199
1673776970 106
1673776971 109
1673776972 101
1673776972 130
1673776972 108
1673776973 109
1673776973 145
1673776974 162
1673776974 144
1673776974 162
1673776975 137
1673776975 134
1673776975 183
1673776975 159
1673776976 170
1673776976 123
1673776976 114
1673776976 171
1673776977 176
1673776978 176
1673776978 111
1673776979 169
1673776979 178
1673776979 105
1673776979 188
1673776979 139
1673776980 136
1673776980 194
1673776980 171
1673776980 169
1673776981 104
1673776982 118
1673776982 173
1673776982 120
1673776982 177
1673776983 172
1673776983 128
1673776985 176
1673776986 182
1673776986 180
1673776986 176
1673776986 158
1673776987 164
1673776988 139
1673776988 169
1673776990 140
1673776991 161
1673776991 116
1673776991 197
1673776991 156
1673776992 181
1673776992 186
1673776992 146
1673776992 106
1673776992 106
1673776995 174
1673776995 183
1673776996 177
1673776996 131
1673776997 192
1673776997 185
1673776998 121
1673776998 133
1673776999 167
1673776999 139
1673776999 178
1673776999 161
1673777000 164
1673777001 134
1673777001 117
1673777002 127
1673777002 147
1673777002 167
1673777003 131
1673777003 149
1673777006 183
1673777007 126
1673777007 191
1673777007 150
1673777007 156
1673777008 186
1673777008 163
1673777009 158
1673777009 138
1673777010 161
1673777010 140
1673777011 144
1673777011 173
1673777011 126
1673777012 130
1673777012 136
1673777013 192
1673777014 106
1673777014 135
1673777015 140
1673777015 120
1673777016 174
1673777017 185
1673777017 158
1673777017 147
1673777019 163
1673777019 197
1673777020 144
1673777020 172
1673777021 151
1673777022 146
1673777023 155
1673777023 176
1673777023 117
1673777023 110
1673777024 138
1673777024 161
1673777024 147
1673777024 126
1673777025 166
1673777025 194
1673777025 161
1673777026 194
1673777028 186
1673777028 194
1673777029 191
1673777030 128
1673777030 200
1673777031 106
1673777031 177
1673777031 122
1673777031 119
1673777031 138
1673777032 117
1673777032 200
1673777033 175
1673777033 151
1673777034 187
1673777034 143
1673777034 183
1673777035 137
1673777035 168
1673777035 199
1673777035 112
1673777036 104
1673777036 144
1673777036 121
1673777036 124
1673777037 119
1673777037 119
1673777037 135
1673777038 126
1673777038 195
1673777039 176
1673777039 110
1673777040 125
1673777040 125
1673777041 119
1673777041 189
1673777041 109
1673777042 113
1673777042 199
1673777042 149
1673777043 172
1673777044 182
1673777044 172
1673777044 192
1673777044 172
1673777044 190
1673777044 129
1673777044 138
1673777044 121
1673777044 148
1673777045 144
1673777045 193
1673777045 123
1673777046 169
1673777046 139
1673777046 171
1673777046 199
1673777047 121
1673777047 173
1673777048 123
1673777049 169
1673777049 102
1673777049 181
1673777049 160
1673777050 197
1673777050 172
1673777051 115
1673777051 145
1673777052 196
1673777052 152
1673777052 182
1673777053 151
1673777053 136
1673777054 197
1673777054 169
1673777055 200
1673777055 133
1673777055 165
1673777055 122
1673777056 198
1673777056 169
1673777056 189
1673777057 158
1673777057 133
1673777057 107
1673777057 110
1673777057 112
1673777057 189
1673777058 181
1673777058 131
1673777058 189
1673777059 124
1673777059 186
1673777059 169
1673777059 128
1673777059 148
1673777059 153
1673777060 152
1673777060 171
1673777060 104
1673777060 186
1673777061 148
1673777061 140
1673777061 185
1673777062 104
1673777062 110
1673777063 122
1673777063 146
1673777063 138
1673777063 143
1673777064 113
1673777065 186
1673777066 174
1673777066 138
1673777066 114
1673777066 127
1673777066 147
1673777067 161
1673777067 121
1673777067 109
1673777067 119
1673777067 161
1673777068 144
1673777068 106
1673777068 108
1673777068 175
1673777069 145
1673777070 133
1673777070 113
1673777070 134
1673777070 174
1673777070 107
1673777070 196
1673777071 165
1673777071 106
1673777071 200
1673777071 139
1673777071 189
1673777072 106
1673777072 168
1673777072 141
1673777073 117
1673777073 128
1673777073 154
1673777074 158
1673777074 146
1673777075 109
1673777075 181
1673777075 177
1673777075 197
1673777076 186
1673777076 166
1673777076 194
1673777077 108
1673777077 130
1673777077 188
1673777077 136
1673777078 103
1673777078 115
1673777078 155
1673777078 146
1673777078 158
1673777078 169
1673777079 132
1673777079 159
1673777079 177
1673777079 151
1673777079 176
1673777080 167
1673777080 105
1673777080 154
1673777081 131
1673777081 175
1673777082 136
1673777083 124
1673777083 196
1673777083 162
1673777083 129
1673777084 178
1673777084 106
1673777084 139
1673777084 200
1673777084 104
1673777084 150
1673777085 110
1673777085 102
1673777086 194
1673777086 126
1673777086 153
1673777087 193
1673777087 148
1673777087 108
1673777087 162
1673777088 190
1673777088 173
1673777089 138
1673777089 146
1673777090 104
1673777091 146
1673777091 184
1673777091 145
1673777093 151
1673777093 158
1673777093 167
1673777094 174
1673777094 147
1673777094 164
1673777094 162
1673777094 193
1673777094 141
1673777095 186
1673777095 177
1673777095 108
1673777096 181
1673777097 137
1673777097 105
1673777097 172
1673777097 194
1673777098 173
1673777098 108
1673777098 136
1673777098 140
1673777098 125
1673777099 160
1673777099 152
1673777099 177
1673777099 129
1673777100 118
1673777101 144
1673777101 128
1673777101 145
1673777101 132
1673777102 120
1673777102 174
1673777102 129
1673777102 137
1673777102 143
1673777103 130
1673777103 199
1673777103 115
1673777103 104
1673777103 195
1673777104 156
1673777104 146
1673777105 138
1673777105 111
1673777105 112
1673777105 192
1673777105 171
1673777105 195
1673777105 153
1673777106 107
1673777106 175
1673777106 181
1673777106 133
1673777107 125
1673777107 134
1673777108 165
1673777110 177
1673777110 147
1673777111 127
1673777111 106
1673777112 108
1673777112 170
1673777113 151
1673777113 126
1673777113 169
1673777113 138
1673777113 179
1673777113 110
1673777114 135
1673777114 135
1673777114 193
1673777115 179
1673777115 146
1673777115 122
1673777115 141
1673777116 130
1673777116 118
1673777116 177
1673777116 193
1673777116 112
1673777117 107
1673777117 135
1673777117 186
1673777118 104
1673777118 140
1673777118 112
1673777118 145
1673777118 155
1673777119 158
1673777120 152
1673777120 166
1673777121 138
1673777121 174
1673777122 105
1673777122 155
1673777122 190
1673777122 116
1673777123 115
1673777123 135
1673777123 120
1673777123 127
1673777123 176
1673777123 189
1673777123 108
1673777125 150
1673777125 170
1673777125 173
1673777126 175
1673777126 138
1673777126 167
1673777126 141
1673777126 182
1673777127 190
1673777127 155
1673777127 190
1673777127 154
1673777128 198
1673777130 152
1673777130 108
1673777130 146
1673777130 137
1673777130 181
1673777130 194
1673777130 146
1673777130 101
1673777131 165
1673777131 121
1673777131 199
1673777131 131
1673777132 113
1673777132 148
1673777133 144
1673777133 119
1673777134 171
1673777134 181
1673777134 169
1673777134 107
1673777135 190
1673777135 134
1673777135 134
1673777136 189
1673777136 132
1673777136 112
1673777137 159
1673777138 172
1673777138 162
1673777138 172
1673777138 161
1673777138 174
1673777139 103
1673777139 134
1673777139 120
1673777139 134
1673777140 143
1673777140 161
1673777141 123
1673777142 162
1673777142 136
1673777142 191
1673777143 111
1673777143 132
1673777143 144
1673777143 110
1673777143 182
1673777144 176
1673777144 125
1673777144 118
1673777144 180
1673777145 115
1673777146 151
1673777146 190
1673777146 199
1673777146 169
1673777146 170
1673777147 150
1673777147 171
1673777147 171
1673777148 135
1673777148 200
1673777149 113
1673777149 192
1673777150 141
1673777150 189
1673777151 107
1673777152 183
1673777152 158
1673777152 164
1673777153 155
1673777153 124
1673777153 102
1673777153 163
1673777154 191
1673777154 110
1673777156 170
1673777156 119
1673777157 167
1673777157 159
1673777158 130
1673777158 180
1673777159 175
1673777159 163
1673777159 177
1673777160 192
1673777160 107
1673777160 189
1673777161 130
1673777161 125
1673777161 130
1673777161 188
1673777162 164
1673777162 104
1673777162 148
1673777162 165
1673777163 160
1673777164 137
1673777164 121
1673777165 149
1673777167 163
1673777167 192
1673777167 125
1673777167 111
1673777167 150
1673777168 101
1673777168 156
1673777168 122
1673777168 180
1673777169 169
1673777169 142
1673777169 193
1673777169 194
1673777169 151
1673777169 155
1673777170 108
1673777170 172
1673777170 122
1673777170 148
1673777170 103
1673777170 190
1673777171 192
1673777171 125
1673777171 156
1673777171 117
1673777172 126
1673777174 159
1673777174 186
1673777175 108
1673777175 119
1673777176 191
1673777176 109
1673777176 124
1673777177 169
1673777178 199
1673777178 113
1673777179 183
1673777179 171
1673777179 123
1673777180 121
1673777180 142
1673777181 132
1673777181 128
1673777181 139
1673777182 196
1673777183 177
1673777183 162
1673777184 133
1673777184 127
1673777184 158
1673777185 167
1673777185 158
1673777185 197
1673777185 129
1673777185 188
1673777186 114
1673777186 187
1673777187 102
1673777188 192
1673777188 118
1673777188 150
1673777189 107
1673777190 186
1673777191 183
1673777191 123
1673777192 143
1673777192 180
1673777192 105
1673777192 183
1673777192 153
1673777193 102
1673777193 200
1673777193 164
1673777194 122
1673777194 188
1673777195 144
1673777196 109
1673777196 151
1673777197 172
1673777197 150
1673777198 130
1673777198 120
1673777198 154
1673777198 194
1673777198 159
1673777199 166
1673777199 198
1673777200 136
1673777200 174
1673777200 136
1673777201 107
1673777201 170
1673777201 195
1673777202 128
1673777202 107
1673777203 117
1673777203 185
1673777203 195
1673777203 109
1673777203 128
1673777204 167
1673777204 143
1673777204 140
1673777204 112
1673777205 140
1673777205 128
1673777205 108
1673777206 145
1673777207 158
1673777208 135
1673777209 189
1673777209 193
1673777211 160
1673777211 196
1673777211 135
1673777211 112
1673777211 157
1673777211 116
1673777212 156
1673777212 162
1673777213 117
1673777213 108
1673777214 138
1673777214 115
1673777215 161
1673777215 192
1673777215 118
1673777215 128
1673777215 174
1673777215 199
1673777216 177
1673777216 132
1673777216 150
1673777217 121
1673777217 139
1673777218 191
1673777219 125
1673777219 174
1673777219 102
1673777220 166
1673777220 166
1673777221 152
1673777221 117
1673777221 141
1673777222 145
1673777222 128
1673777223 135
1673777223 140
1673777224 176
1673777224 160
1673777225 142
1673777225 122
1673777227 186
1673777227 195
1673777227 186
1673777227 112
1673777228 162
1673777228 116
1673777228 170
1673777228 184
1673777229 112
1673777230 170
1673777233 102
1673777234 163
1673777235 131
1673777236 183
1673777237 141
1673777237 127
1673777239 132
1673777239 106
1673777239 154
1673777242 200
1673777243 198
1673777243 109
1673777243 169
1673777243 136
1673777244 120
1673777244 127
1673777244 159
1673777244 164
1673777244 149
1673777245 126
1673777247 138
1673777247 179
1673777247 135
1673777247 168
1673777248 162
1673777248 131
1673777248 129
1673777249 120
1673777249 179
1673777249 140
1673777249 103
1673777250 105
1673777250 106
1673777250 122
1673777251 153
1673777251 175
1673777251 103
1673777251 194
1673777252 181
1673777252 126
1673777252 177
1673777253 191
1673777253 134
1673777253 152
1673777253 156
1673777254 178
1673777254 167
1673777254 154
1673777255 189
1673777255 118
1673777255 176
1673777256 152
1673777256 176
1673777256 194
1673777256 121
1673777256 142
1673777257 122
1673777257 174
1673777258 112
1673777258 135
1673777258 146
1673777259 164
1673777259 117
1673777259 148
1673777259 181
1673777260 142
1673777260 127
1673777260 110
1673777261 190
1673777261 133
1673777262 164
1673777262 161
1673777263 153
1673777263 148
1673777263 188
1673777263 173
1673777264 186
1673777264 167
1673777264 159
1673777264 162
1673777264 149
1673777265 186
1673777265 181
1673777266 134
1673777267 177
1673777267 179
1673777268 192
1673777268 163
1673777269 145
1673777269 138
1673777269 184
1673777269 104
1673777269 140
1673777269 164
1673777270 145
1673777270 146
1673777270 139
1673777271 175
1673777271 152
1673777272 144
1673777272 154
1673777273 152
1673777273 152
1673777273 135
1673777273 144
1673777274 103
1673777274 129
1673777274 184
1673777274 123
1673777275 133
1673777276 139
1673777277 151
1673777277 172
1673777277 161
1673777278 134
1673777278 123
1673777278 200
1673777278 102
1673777279 144
1673777279 127
1673777280 132
1673777280 180
1673777281 186
1673777282 137
1673777282 176
1673777283 106
1673777284 150
1673777284 151
1673777284 116
1673777284 160
1673777285 155
1673777285 107
1673777285 166
1673777285 112
1673777286 103
1673777287 182
1673777287 169
1673777287 139
1673777287 156
1673777287 139
1673777287 177
1673777288 191
1673777288 175
1673777288 122
1673777289 139
1673777289 133
1673777289 189
1673777290 117
1673777291 199
1673777292 174
1673777292 179
1673777293 109
1673777293 178
1673777294 109
1673777294 133
1673777294 115
1673777294 182
1673777294 171
1673777295 146
1673777295 127
1673777295 187
1673777295 121
1673777296 121
1673777296 106
1673777296 127
1673777297 154
1673777298 125
1673777298 149
1673777298 124
1673777298 182
1673777298 144
1673777298 103
1673777298 124
1673777299 139
1673777299 194
1673777299 180
1673777300 163
1673777300 122
1673777300 103
1673777301 168
1673777301 123
1673777301 196
1673777302 167
1673777302 163
1673777302 117
1673777302 167
1673777302 115
1673777302 179
1673777303 172
1673777303 148
1673777303 175
1673777304 127
1673777304 138
1673777304 114
1673777305 105
1673777305 147
1673777306 161
1673777306 185
1673777306 125
1673777307 141
1673777307 127
1673777308 147
1673777308 133
1673777308 126
1673777309 126
1673777309 173
1673777309 123
1673777310 143
1673777310 101
1673777310 138
1673777310 125
1673777310 158
1673777311 161
1673777311 122
1673777311 162
1673777311 123
1673777311 131
1673777312 180
1673777312 143
1673777312 115
1673777312 125
1673777312 106
1673777312 101
1673777313 187
1673777313 180
1673777313 107
1673777313 143
1673777313 181
1673777314 142
1673777314 169
1673777315 151
1673777315 181
1673777315 127
1673777316 194
1673777316 144
1673777316 166
1673777317 156
1673777317 137
1673777317 192
1673777317 137
1673777317 198
1673777318 152
1673777318 130
1673777318 141
1673777318 141
1673777319 191
1673777319 151
1673777319 156
1673777319 136
1673777319 105
1673777319 175
1673777320 183
1673777320 117
1673777321 110
1673777321 192
1673777321 151
1673777321 114
1673777322 174
1673777322 200
1673777322 155
1673777323 112
1673777323 150
1673777324 147
1673777324 124
1673777324 125
1673777324 106
1673777324 151
1673777324 125
1673777324 178
1673777324 146
1673777324 152
1673777325 122
1673777325 146
1673777325 136
1673777325 163
1673777326 196
1673777326 195
1673777326 171
1673777327 158
1673777327 180
1673777327 194
1673777327 153
1673777328 122
1673777328 153
1673777328 173
1673777329 159
1673777330 149
1673777330 148
1673777330 180
1673777330 114
1673777331 180
1673777331 106
1673777331 138
1673777332 188
1673777332 141
1673777333 134
1673777333 109
1673777334 118
1673777334 127
1673777334 189
1673777334 105
1673777335 134
1673777335 115
1673777335 184
1673777336 164
1673777337 127
1673777338 176
1673777338 111
1673777338 124
1673777340 111
1673777340 188
1673777340 182
1673777340 171
1673777341 193
1673777342 177
1673777342 166
1673777342 116
1673777342 101
1673777343 160
1673777344 164
1673777344 188
1673777344 175
1673777346 122
1673777348 148
1673777360 197
1673777361 191
1673777361 103
1673777361 186
1673777362 146
1673777362 141
1673777363 133
1673777363 144
1673777363 188
1673777363 135
1673777363 156
1673777363 114
1673777364 125
1673777364 146
1673777365 126
1673777365 134
1673777365 147
1673777366 152
1673777366 188
1673777366 138
1673777367 166
1673777368 145
1673777368 172
1673777369 163
1673777369 116
1673777369 113
1673777370 124
1673777370 175
1673777373 152
1673777373 175
1673777374 196
1673777374 146
1673777375 111
1673777376 187
1673777376 186
1673777376 193
1673777377 171
1673777377 162
1673777377 133
1673777378 150
1673777379 148
1673777379 190
1673777380 189
1673777380 143
1673777381 122
1673777381 131
1673777382 109
1673777382 120
1673777383 167
1673777383 195
1673777384 125
1673777384 101
1673777384 111
1673777385 138
1673777385 124
1673777385 189
1673777385 193
1673777386 102
1673777386 199
1673777387 176
1673777387 125
1673777387 139
1673777387 183
1673777387 164
1673777388 110
1673777389 121
1673777389 160
1673777389 152
1673777390 118
1673777391 135
1673777391 136
1673777392 154
1673777393 152
1673777393 188
1673777393 186
1673777394 157
1673777394 130
1673777395 155
1673777397 162
1673777397 126
1673777397 154
1673777398 109
1673777398 167
1673777399 164
1673777399 160
1673777399 170
1673777399 173
1673777400 114
1673777400 119
1673777401 106
1673777401 183
1673777402 187
1673777402 141
1673777402 145
1673777403 101
1673777403 129
1673777404 150
1673777404 137
1673777405 161
1673777405 185
1673777405 133
1673777405 107
1673777405 199
1673777405 146
1673777406 148
1673777406 193
1673777406 183
1673777406 176
1673777407 110
1673777407 103
1673777408 196
1673777408 120
1673777408 147
1673777408 109
1673777409 177
1673777409 114
1673777410 137
1673777410 144
1673777410 107
1673777410 136
1673777410 167
1673777411 158
1673777411 156
1673777411 159
1673777412 123
1673777412 123
1673777412 153
1673777413 187
1673777413 125
1673777414 166
1673777414 110
1673777414 192
1673777415 136
1673777415 112
1673777415 137
1673777416 112
1673777416 181
1673777416 161
1673777417 182
1673777417 189
1673777417 167
1673777417 124
1673777418 190
1673777418 199
1673777418 155
1673777418 185
1673777419 183
1673777419 117
1673777419 110
1673777419 171
1673777420 142
1673777420 166
1673777420 140
1673777420 105
1673777420 178
1673777420 172
1673777421 124
1673777421 125
1673777421 154
1673777421 103
1673777421 170
1673777422 108
1673777422 167
1673777422 182
1673777422 105
1673777422 117
1673777423 146
1673777424 133
1673777424 157
1673777424 115
1673777424 113
1673777424 126
1673777424 104
1673777424 173
1673777425 151
1673777425 181
1673777426 128
1673777426 170
1673777426 187
1673777426 167
1673777427 182
1673777427 132
1673777427 162
1673777428 164
1673777428 124
1673777429 163
1673777429 103
1673777429 121
1673777429 102
1673777430 136
1673777431 166
1673777431 143
1673777431 125
1673777432 110
1673777432 170
1673777432 107
1673777433 179
1673777433 151
1673777433 129
1673777434 165
1673777434 120
1673777434 185
1673777435 104
1673777435 150
1673777435 113
1673777435 172
1673777435 190
1673777435 144
1673777435 131
1673777436 185
1673777436 193
1673777436 191
1673777436 178
1673777437 122
1673777437 140
1673777437 188
1673777437 197
1673777437 148
1673777438 126
1673777438 115
1673777438 193
1673777439 129
1673777439 164
1673777440 153
1673777440 181
1673777440 108
1673777440 159
1673777440 151
1673777440 115
1673777440 191
1673777440 122
1673777441 133
1673777441 171
1673777441 191
1673777442 110
1673777442 170
1673777442 155
1673777443 165
1673777443 106
1673777443 123
1673777444 119
1673777444 113
1673777444 113
1673777444 158
1673777444 181
1673777445 124
1673777446 157
1673777446 110
1673777446 130
1673777446 104
1673777446 151
1673777447 184
1673777447 156
1673777448 178
1673777448 156
1673777448 140
1673777449 102
1673777449 149
1673777449 186
1673777450 110
1673777451 195
1673777451 132
1673777451 164
1673777451 194
1673777452 151
1673777452 142
1673777453 200
1673777454 188
1673777454 111
1673777454 137
1673777455 143
1673777455 120
1673777455 192
1673777456 192
1673777456 159
1673777456 180
1673777457 187
1673777457 191
1673777458 119
1673777459 122
1673777459 171
1673777459 174
1673777461 101
1673777461 139
1673777461 110
1673777461 184
1673777461 170
1673777463 173
1673777463 154
1673777463 162
1673777463 148
1673777463 180
1673777464 185
1673777464 150
1673777464 135
1673777464 105
1673777465 144
1673777465 135
1673777466 129
1673777467 102
1673777467 112
1673777467 154
1673777467 129
1673777468 130
1673777468 198
1673777469 131
1673777469 162
1673777469 199
1673777469 118
1673777470 129
1673777470 175
1673777470 162
1673777470 197
1673777471 163
1673777472 107
1673777472 107
1673777472 198
1673777472 133
1673777473 101
1673777473 173
1673777474 128
1673777474 163
1673777474 175
1673777475 148
1673777475 188
1673777475 178
1673777475 158
1673777476 125
1673777477 106
1673777478 108
1673777478 133
1673777480 153
1673777480 198
1673777480 159
1673777481 157
1673777481 164
1673777482 181
1673777482 198
1673777482 111
1673777483 133
1673777483 144
1673777484 112
1673777484 184
1673777485 117
1673777485 164
1673777486 131
1673777486 138
1673777486 138
1673777486 106
1673777487 160
1673777488 117
1673777489 118
1673777489 145
1673777490 187
1673777490 130
1673777491 183
1673777491 153
1673777491 184
1673777492 155
1673777492 136
1673777492 156
1673777493 125
1673777493 112
1673777493 117
1673777493 161
1673777494 200
1673777494 162
1673777494 120
1673777495 180
1673777495 123
1673777495 129
1673777495 185
1673777495 190
1673777495 158
1673777496 172
1673777497 175
1673777497 120
1673777497 164
1673777497 133
1673777498 138
1673777498 139
1673777499 170
1673777499 115
1673777499 119
1673777500 113
1673777501 181
1673777501 182
1673777501 159
1673777501 122
1673777502 188
1673777502 197
1673777503 105
1673777503 127
1673777504 181
1673777504 105
1673777505 111
1673777505 146
1673777505 191
1673777506 125
1673777507 182
1673777507 119
1673777507 165
1673777507 179
1673777508 154
1673777508 137
1673777508 186
1673777508 114
1673777508 126
1673777508 167
1673777509 198
1673777509 105
1673777509 177
1673777509 148
1673777510 182
1673777510 115
1673777510 127
1673777510 120
1673777510 174
1673777511 169
1673777511 123
1673777511 132
1673777511 194
1673777514 112
1673777514 104
1673777515 121
1673777515 147
1673777516 177
1673777516 120
1673777517 142
1673777517 135
1673777518 101
1673777518 186
1673777518 111
1673777519 183
1673777519 140
1673777519 136
1673777519 182
1673777520 156
1673777521 157
1673777522 149
1673777522 136
1673777522 125
1673777522 193
1673777522 119
1673777522 147
1673777522 124
1673777522 118
1673777522 120
1673777522 157
1673777523 199
1673777523 198
1673777524 189
1673777524 121
1673777524 152
1673777524 111
1673777524 185
1673777525 113
1673777525 180
1673777525 101
1673777526 115
1673777526 193
1673777526 179
1673777527 161
1673777527 197
1673777527 197
1673777529 160
1673777529 132
1673777530 109
1673777530 123
1673777530 195
1673777530 151
1673777531 158
1673777532 111
1673777532 175
1673777533 114
1673777533 153
1673777533 184
1673777533 130
1673777534 131
1673777534 133
1673777535 200
1673777535 107
1673777535 101
1673777535 178
1673777535 173
1673777535 149
1673777536 107
1673777536 133
1673777536 106
1673777536 147
1673777537 119
1673777537 130
1673777537 157
1673777537 171
1673777538 151
1673777538 182
1673777539 197
1673777539 168
1673777539 186
1673777539 112
1673777540 112
1673777540 169
1673777541 195
1673777542 114
1673777542 123
1673777543 142
1673777543 177
1673777544 158
1673777544 124
1673777545 182
1673777545 131
1673777545 167
1673777546 136
1673777546 200
1673777546 158
1673777548 162
1673777548 191
1673777548 179
1673777548 161
1673777549 155
1673777549 118
1673777549 103
1673777550 134
1673777550 156
1673777551 146
1673777551 200
1673777551 188
1673777552 138
1673777553 157
1673777553 154
1673777553 131
1673777554 156
1673777554 178
1673777555 102
1673777555 159
1673777555 116
1673777555 103
1673777555 128
1673777555 110
1673777556 170
1673777556 109
1673777556 129
1673777556 174
1673777556 187
1673777556 168
1673777557 183
1673777557 108
1673777558 180
1673777558 101
1673777558 102
1673777558 130
1673777558 168
1673777559 176
1673777559 125
1673777559 179
1673777560 123
1673777560 181
1673777560 135
1673777560 111
1673777561 174
1673777561 133
1673777562 164
1673777562 117
1673777562 165
1673777562 200
1673777563 153
1673777563 186
1673777564 121
1673777564 178
1673777564 183
1673777564 186
1673777565 163
1673777565 193
1673777565 195
1673777566 130
1673777566 106
1673777566 184
1673777567 114
1673777567 159
1673777567 177
1673777567 200
1673777568 172
1673777568 116
1673777568 128
1673777568 110
1673777569 166
1673777569 175
1673777569 197
1673777569 153
1673777570 162
1673777570 156
1673777571 190
1673777571 192
1673777572 183
1673777572 174
1673777573 188
1673777573 147
1673777574 129
1673777574 105
1673777574 169
1673777574 115
1673777575 144
1673777575 142
1673777575 128
1673777575 112
1673777576 135
1673777576 146
1673777576 134
1673777576 169
1673777576 182
1673777576 139
1673777577 165
1673777577 140
1673777577 120
1673777578 126
1673777578 153
1673777579 120
1673777579 114
1673777580 116
1673777580 106
1673777581 134
1673777581 190
1673777581 127
1673777582 174
1673777582 162
1673777582 126
1673777582 192
1673777583 115
1673777583 151
1673777583 108
1673777584 168
1673777585 169
1673777585 178
1673777586 138
1673777586 181
1673777586 169
1673777587 195
1673777587 108
1673777589 148
1673777589 195
1673777590 177
1673777590 186
1673777590 189
1673777590 160
1673777590 127
1673777591 113
1673777591 176
1673777592 197
1673777592 120
1673777593 164
1673777593 135
1673777593 103
1673777593 181
1673777593 187
1673777594 140
1673777594 172
1673777594 132
1673777595 150
1673777595 103
1673777596 160
1673777597 117
1673777597 130
1673777597 126
1673777597 143
1673777597 184
1673777597 173
1673777598 131
1673777599 133
1673777599 180
1673777599 114
1673777599 123
1673777600 108
1673777600 119
1673777600 134
1673777600 139
1673777601 124
1673777601 140
1673777601 109
1673777602 111
1673777602 109
1673777603 164
1673777603 177
1673777603 106
1673777604 138
1673777604 103
1673777604 176
1673777604 153
1673777604 143
1673777604 149
1673777605 188
1673777606 130
1673777606 122
1673777607 102
1673777607 136
1673777607 185
1673777607 137
1673777607 155
1673777607 138
1673777608 167
1673777608 154
1673777608 125
1673777608 107
1673777609 192
1673777610 105
1673777610 136
1673777611 134
1673777612 173
1673777612 139
1673777613 126
1673777613 196
1673777614 141
1673777614 132
1673777614 161
1673777614 185
1673777614 137
1673777614 174
1673777615 157
1673777615 178
1673777615 148
1673777615 131
1673777616 183
1673777616 196
1673777616 177
1673777616 107
1673777618 130
1673777618 143
1673777619 142
1673777619 131
1673777619 115
1673777620 131
1673777620 169
1673777621 135
1673777621 116
1673777621 177
1673777622 164
1673777622 149
1673777623 111
1673777624 121
1673777624 139
1673777624 127
1673777624 192
1673777625 185
1673777625 197
1673777625 147
1673777626 130
1673777626 116
1673777626 110
1673777626 148
1673777627 117
1673777627 106
1673777628 145
1673777628 195
1673777628 126
1673777628 163
1673777628 103
1673777628 163
1673777629 128
1673777630 185
1673777630 154
1673777631 170
1673777631 189
1673777631 131
1673777632 181
1673777634 122
1673777634 103
1673777635 135
1673777635 115
1673777635 123
1673777636 180
1673777636 191
1673777636 133
1673777637 182
1673777638 178
1673777638 109
1673777639 194
1673777639 190
1673777639 128
1673777639 152
1673777639 135
1673777640 167
1673777640 126
1673777640 114
1673777641 157
1673777641 153
1673777641 133
1673777641 135
1673777641 138
1673777641 181
1673777641 190
1673777642 102
1673777643 183
1673777643 141
1673777643 165
1673777643 158
1673777644 169
1673777644 105
1673777644 126
1673777644 113
1673777645 122
1673777645 103
1673777647 141
1673777647 104
1673777651 194
1673777651 183
1673777651 105
1673777652 194
1673777652 151
1673777655 154
1673777657 165
1673777658 139
1673777658 118
1673777659 179
1673777661 168
1673777662 143
1673777662 191
1673777663 145
1673777664 102
1673777664 158
1673777668 121
1673777668 125
1673777669 199
1673777669 176
1673777670 154
1673777670 124
1673777672 156
1673777672 111
1673777673 116
1673777674 159
1673777675 194
1673777676 197
1673777676 128
1673777676 189
1673777681 180
1673777681 101
1673777682 150
1673777683 141
1673777683 112
1673777684 176
1673777684 193
1673777684 108
1673777684 165
1673777686 129
1673777688 115
1673777688 117
1673777689 171
1673777689 196
1673777690 169
1673777690 133
1673777691 122
1673777691 137
1673777691 160
1673777691 191
1673777692 103
1673777695 103
1673777695 141
1673777696 166
1673777696 139
1673777698 176
1673777698 181
1673777699 183
1673777701 141
1673777701 196
1673777701 161
1673777702 141
1673777702 196
1673777702 180
1673777703 166
1673777703 138
1673777703 125
1673777703 162
1673777704 182
1673777704 174
1673777704 168
1673777705 188
1673777705 191
1673777705 164
1673777705 161
1673777706 145
1673777707 171
1673777707 122
1673777708 155
1673777716 165
1673777716 169
1673777717 117
1673777717 125
1673777717 124
1673777718 126
1673777718 151
1673777718 138
1673777719 130
1673777720 165
1673777721 197
1673777722 167
1673777722 116
1673777722 106
1673777723 102
1673777723 163
1673777723 191
1673777723 158
1673777724 138
1673777724 148
1673777724 112
1673777725 200
1673777725 190
1673777726 171
1673777726 173
1673777726 145
1673777726 158
1673777726 107
1673777727 147
1673777727 157
1673777727 189
1673777727 112
1673777728 149
1673777728 150
1673777729 194
1673777729 157
1673777729 167
1673777729 198
1673777729 147
1673777729 176
1673777730 185
1673777730 187
1673777731 163
1673777731 188
1673777732 154
1673777733 185
1673777733 132
1673777733 125
1673777733 194
1673777734 172
1673777734 108
1673777735 131
1673777735 118
1673777735 134
1673777736 188
1673777736 179
1673777737 169
1673777737 103
1673777737 190
1673777737 186
1673777738 108
1673777738 110
1673777738 164
1673777739 169
1673777739 115
1673777740 125
1673777740 127
1673777740 183
1673777741 118
1673777741 102
1673777741 139
1673777741 133
1673777741 185
1673777741 128
1673777742 195
1673777743 101
1673777744 138
1673777744 127
1673777745 124
1673777745 152
1673777745 134
1673777745 108
1673777746 139
1673777746 196
1673777746 133
1673777747 165
1673777747 145
1673777748 125
1673777748 107
1673777748 111
1673777748 195
1673777748 183
1673777748 136
1673777749 153
1673777749 188
1673777749 160
1673777750 107
1673777750 170
1673777751 150
1673777751 109
1673777751 183
1673777751 125
1673777752 148
1673777752 189
1673777752 157
1673777752 150
1673777753 190
1673777753 102
1673777753 138
1673777754 166
1673777754 144
1673777755 159
1673777755 168
1673777755 176
1673777756 119
1673777756 173
1673777757 117
1673777757 195
1673777759 124
1673777759 108
1673777760 126
1673777760 138
1673777761 133
1673777761 170
1673777761 101
1673777762 200
1673777762 133
1673777762 171
1673777763 187
1673777765 165
1673777766 193
1673777769 146
1673777773 131
1673777775 161
1673777777 189
1673777778 129
1673777781 133
1673777781 183
1673777781 143
1673777782 115
1673777782 196
1673777783 174
1673777784 150
1673777786 159
1673777787 125
1673777788 116
1673777791 140
1673777791 149
1673777791 139
1673777791 117
1673777791 103
1673777797 135
1673777800 141
1673777802 183
1673777804 151
1673777805 176
1673777805 191
1673777806 151
1673777807 162
1673777807 196
1673777807 146
1673777808 135
1673777808 113
1673777808 199
1673777808 137
1673777810 107
1673777810 129
1673777810 154
1673777811 176
1673777811 195
1673777812 138
1673777812 171
1673777812 111
1673777812 184
1673777813 143
1673777815 142
1673777816 123
1673777816 102
1673777818 185
1673777818 144
1673777819 141
1673777820 144
1673777820 152
1673777820 123
1673777820 182
1673777823 186
1673777823 117
1673777833 175
1673777833 130
1673777834 159
1673777834 149
1673777834 102
1673777834 183
1673777837 129
1673777839 129
1673777845 177
1673777845 121
1673777846 164
1673777846 122
1673777847 124
1673777847 180
1673777849 104
1673777854 165
1673777856 197
1673777856 181
1673777857 176
1673777857 138
1673777860 197
1673777861 113
1673777861 178
1673777861 187
1673777861 166
1673777869 105
1673777869 175
1673777871 135
1673777872 148
1673777873 153
1673777875 134
1673777876 196
1673777876 143
1673777883 181
1673777886 180
1673777892 184
1673777902 182
1673777904 163
1673777904 101
1673777905 115
1673777905 116
1673777906 142
1673777908 111
1673777908 126
1673777909 176
1673777909 181
1673777910 154
1673777911 130
1673777912 177
1673777912 101
1673777913 110
1673777914 182
1673777914 158
1673777915 138
1673777916 159
1673777917 182
1673777917 165
1673777917 151
1673777917 188
1673777920 140
1673777920 177
1673777920 115
1673777924 198
1673777924 167
1673777925 191
1673777925 107
1673777927 149
1673777928 135
1673777928 156
1673777928 169
1673777931 149
1673777931 132
1673777935 199
1673777936 126
1673777938 110
1673777939 161
1673777939 111
1673777939 196
1673777939 193
1673777941 155
1673777943 143
1673777943 199
1673777943 182
1673777944 111
1673777945 102
1673777946 106
1673777946 199
1673777947 149
1673777948 107
1673777950 134
1673777953 124
1673777953 143
1673777953 181
1673777957 161
1673777957 173
1673777958 131
1673777959 112
1673777960 151
1673777960 165
1673777961 195
1673777961 129
1673777963 151
1673777963 118
1673777964 149
1673777964 107
1673777965 150
1673777967 168
1673777967 143
1673777968 120
1673777968 163
1673777969 159
1673777972 178
1673777973 138
1673777973 124
1673777978 126
1673777978 114
1673777980 102
1673777984 137
1673777986 190
1673777987 108
1673777987 177
1673777987 172
1673777988 140
1673777996 146
1673778000 197
1673778003 142
1673778004 163
1673778004 111
1673778005 168
1673778007 142
1673778007 186
1673778007 139
1673778009 196
1673778009 156
1673778010 169
1673778010 150
1673778010 160
1673778012 107
1673778013 186
1673778014 113
1673778017 200
1673778017 158
1673778018 129
1673778018 115
1673778018 108
1673778019 135
1673778019 183
1673778024 160
1673778026 169
1673778027 155
1673778027 130
1673778028 182
1673778030 126
1673778035 161
1673778037 183
1673778037 144
1673778048 159
1673778048 200
1673778048 142
1673778049 188
1673778049 159
1673778049 146
1673778050 106
1673778050 159
1673778063 119
1673778065 115
1673778065 167
1673778067 164
1673778071 148
1673778076 103
1673778076 166
1673778076 171
1673778076 138
1673778083 170
1673778083 133
1673778084 176
1673778084 137
1673778100 106
1673778100 134
1673778102 180
1673778107 195
1673778119 148
1673778122 166
1673778123 157
1673778124 161
1673778124 188
1673778125 135
1673778128 187
1673778129 145
1673778129 156
1673778129 105
1673778131 151
1673778133 104
1673778133 152
1673778133 102
1673778133 151
1673778133 150
1673778133 187
1673778133 161
1673778133 129
1673778133 109
1673778134 187
1673778138 170
1673778139 141
1673778140 162
1673778144 112
1673778144 182
1673778144 119
1673778147 147
1673778148 123
1673778148 152
1673778157 143
1673778157 176
1673778158 157
1673778159 101
1673778159 162
1673778159 120
1673778159 146
1673778159 130
1673778160 126
1673778160 164
1673778160 167
1673778160 120
1673778161 160
1673778161 191
1673778164 133
1673778167 194
1673778167 163
1673778169 119
1673778170 162
1673778170 136
1673778170 180
1673778175 157
1673778176 128
1673778176 171
1673778176 153
1673778181 124
1673778181 111
1673778182 179
1673778188 189
1673778188 177
1673778189 167
1673778189 181
1673778190 101
1673778190 169
1673778194 157
1673778194 194
1673778195 112
1673778197 133
1673778199 170
1673778199 194
1673778200 156
1673778200 159
1673778200 105
1673778201 149
1673778201 166
1673778201 113
1673778203 114
1673778204 171
1673778204 191
1673778204 125
1673778205 137
1673778205 184
1673778207 197
1673778208 126
1673778208 103
1673778209 161
1673778209 160
1673778210 163
1673778211 109
1673778212 172
1673778212 157
1673778212 189
1673778212 131
1673778213 108
1673778214 134
1673778215 182
1673778215 142
1673778217 124
1673778218 126
1673778218 141
1673778219 106
1673778219 122
1673778219 134
1673778220 168
1673778221 158
1673778221 114
1673778222 131
1673778222 123
1673778222 159
1673778222 102
1673778222 189
1673778222 139
1673778223 129
1673778223 104
1673778224 101
1673778224 119
1673778224 121
1673778224 176
1673778224 144
1673778224 121
1673778224 183
1673778225 148
1673778225 141
1673778225 114
1673778225 172
1673778226 150
1673778227 129
1673778227 114
1673778228 128
1673778228 199
1673778229 146
1673778230 107
1673778231 158
1673778231 120
1673778231 139
1673778232 157
1673778232 166
1673778232 104
1673778234 180
1673778234 115
1673778234 147
1673778234 173
1673778234 131
1673778235 186
1673778235 142
1673778236 127
1673778236 147
1673778237 131
1673778238 161
1673778238 164
1673778238 109
1673778238 123
1673778239 144
1673778240 182
1673778240 101
1673778241 162
1673778241 123
1673778242 178
1673778242 135
1673778242 110
1673778243 152
1673778243 189
1673778243 168
1673778243 161
1673778243 184
1673778244 110
1673778244 161
1673778244 124
1673778245 183
1673778246 146
1673778246 116
1673778247 176
1673778248 139
1673778248 197
1673778248 163
1673778249 189
1673778249 113
1673778249 149
1673778249 168
1673778250 110
1673778250 156
1673778250 164
1673778250 191
1673778251 124
1673778251 186
1673778251 115
1673778252 129
1673778252 150
1673778252 196
1673778253 166
1673778254 157
1673778255 188
1673778255 117
1673778255 196
1673778256 166
1673778257 133
1673778257 191
1673778257 101
1673778257 155
1673778257 147
1673778258 137
1673778258 167
1673778259 127
1673778259 183
1673778259 169
1673778259 145
1673778259 115
1673778260 197
1673778260 186
1673778261 190
1673778261 166
1673778261 121
1673778262 130
1673778263 115
1673778263 101
1673778263 155
1673778263 103
1673778263 144
1673778263 167
1673778263 129
1673778263 192
1673778264 112
1673778264 136
1673778264 173
1673778264 161
1673778265 192
1673778265 105
1673778266 193
1673778266 125
1673778266 144
1673778266 164
1673778267 192
1673778267 131
1673778267 169
1673778268 130
1673778268 114
1673778268 188
1673778268 185
1673778268 147
1673778268 104
1673778269 170
1673778270 143
1673778270 189
1673778270 141
1673778271 183
1673778271 174
1673778271 142
1673778271 110
1673778272 145
1673778273 158
1673778273 166
1673778273 109
1673778274 135
1673778274 174
1673778274 118
1673778274 167
1673778274 193
1673778274 118
1673778275 155
1673778276 167
1673778276 128
1673778276 117
1673778276 162
1673778277 170
1673778277 171
1673778278 175
1673778278 105
1673778278 191
1673778278 193
1673778278 111
1673778279 150
1673778279 191
1673778280 144
1673778280 197
1673778280 159
1673778280 192
1673778280 159
1673778281 124
1673778281 171
1673778281 134
1673778283 129
1673778284 114
1673778284 122
1673778285 147
1673778285 132
1673778286 199
1673778288 173
1673778288 200
1673778288 123
1673778289 131
1673778289 146
1673778289 175
1673778290 109
1673778291 120
1673778291 184
1673778291 174
1673778292 128
1673778292 149
1673778292 174
1673778292 200
1673778293 153
1673778293 157
1673778293 197
1673778294 123
1673778294 171
1673778294 128
1673778294 137
1673778295 108
1673778295 136
1673778295 157
1673778296 129
1673778296 175
1673778297 152
1673778297 180
1673778298 102
1673778298 155
1673778298 102
1673778298 118
1673778300 172
1673778300 131
1673778300 106
1673778300 128
1673778301 200
1673778301 111
1673778302 156
1673778302 164
1673778302 200
1673778302 147
1673778302 168
1673778302 188
1673778302 118
1673778303 105
1673778303 160
1673778303 114
1673778304 170
1673778304 109
1673778304 159
1673778305 137
1673778305 189
1673778305 199
1673778305 112
1673778306 139
1673778307 132
1673778307 155
1673778308 124
1673778308 196
1673778308 198
1673778308 186
1673778309 103
1673778309 175
1673778309 170
1673778309 160
1673778309 191
1673778311 148
1673778311 198
1673778311 112
1673778311 110
1673778311 192
1673778312 139
1673778312 131
1673778312 115
1673778312 104
1673778312 119
1673778312 174
1673778313 112
1673778314 128
1673778315 146
1673778315 128
1673778315 143
1673778315 155
1673778317 173
1673778317 136
1673778317 144
1673778317 170
1673778317 179
1673778318 174
1673778318 185
1673778318 131
1673778319 107
1673778319 138
1673778319 159
1673778320 148
1673778320 143
1673778321 168
1673778321 103
1673778321 162
1673778321 109
1673778321 181
1673778321 181
1673778321 122
1673778322 136
1673778323 124
1673778323 189
1673778324 151
1673778324 133
1673778325 118
1673778325 134
1673778326 196
1673778326 141
1673778326 191
1673778327 177
1673778327 148
1673778328 116
1673778328 182
1673778328 168
1673778328 114
1673778328 196
1673778328 130
1673778329 158
1673778329 108
1673778329 176
1673778329 173
1673778330 150
1673778330 128
1673778331 107
1673778331 123
1673778331 195
1673778332 139
1673778332 150
1673778332 172
1673778332 194
1673778333 112
1673778334 193
1673778334 178
1673778335 132
1673778335 192
1673778335 150
1673778335 165
1673778335 116
1673778336 111
1673778336 169
1673778336 190
1673778337 120
1673778337 172
1673778337 122
1673778337 199
1673778338 192
1673778338 164
1673778338 173
1673778339 113
1673778339 146
1673778339 128
1673778339 149
1673778339 122
1673778340 169
1673778340 147
1673778340 127
1673778340 109
1673778341 184
1673778341 159
1673778341 115
1673778342 122
1673778342 195
1673778343 146
1673778343 102
1673778345 163
1673778346 168
1673778348 165
1673778348 128
1673778348 137
1673778348 140
1673778349 120
1673778349 176
1673778349 172
1673778350 153
1673778351 175
1673778351 166
1673778351 180
1673778351 121
1673778352 133
1673778352 160
1673778352 161
1673778352 189
1673778353 184
1673778354 180
1673778354 179
1673778354 188
1673778354 153
1673778356 158
1673778356 193
1673778356 114
1673778356 194
1673778356 107
1673778356 160
1673778357 168
1673778357 110
1673778357 117
1673778357 110
1673778357 102
1673778358 122
1673778358 116
1673778358 125
1673778358 166
1673778359 164
1673778359 173
1673778360 120
1673778361 132
1673778361 115
1673778361 104
1673778361 107
1673778361 119
1673778361 179
1673778362 125
1673778362 132
1673778362 128
1673778362 104
1673778363 179
1673778363 128
1673778363 126
1673778364 101
1673778364 200
1673778364 200
1673778364 155
1673778364 161
1673778365 106
1673778366 161
1673778367 159
1673778367 195
1673778368 113
1673778368 143
1673778369 193
1673778370 161
1673778370 145
1673778370 139
1673778370 141
1673778371 140
1673778371 134
1673778371 166
1673778371 116
1673778371 129
1673778371 186
1673778372 170
1673778372 162
1673778373 168
1673778373 118
1673778373 188
1673778374 138
1673778374 136
1673778375 140
1673778375 179
1673778375 138
1673778375 143
1673778376 117
1673778376 171
1673778376 162
1673778376 196
1673778376 145
1673778377 113
1673778377 107
1673778377 103
1673778377 188
1673778377 151
1673778377 167
1673778378 181
1673778378 170
1673778379 148
1673778379 132
1673778379 177
1673778380 119
1673778380 110
1673778381 190
1673778382 169
1673778382 132
1673778382 117
1673778382 155
1673778382 148
1673778384 199
1673778384 181
1673778385 143
1673778387 197
1673778387 107
1673778387 196
1673778387 162
1673778388 150
1673778388 178
1673778388 121
1673778388 155
1673778389 153
1673778389 168
1673778389 114
1673778390 171
1673778390 148
1673778390 158
1673778390 119
1673778390 158
1673778391 200
1673778391 148
1673778392 137
1673778392 137
1673778392 196
1673778392 198
1673778393 187
1673778393 111
1673778394 109
1673778394 180
1673778394 183
1673778394 188
1673778394 173
1673778394 159
1673778395 103
1673778395 200
1673778395 121
1673778395 200
1673778395 172
1673778396 175
1673778396 187
1673778396 150
1673778397 153
1673778397 139
1673778397 152
1673778397 104
1673778397 165
1673778397 101
1673778397 179
1673778398 183
1673778398 164
1673778398 164
1673778398 122
1673778398 188
1673778398 136
1673778399 111
1673778399 178
1673778399 111
1673778400 167
1673778400 110
1673778400 168
1673778400 184
1673778400 122
1673778401 184
1673778401 179
1673778401 115
1673778401 136
1673778402 145
1673778402 196
1673778403 137
1673778403 186
1673778403 124
1673778403 111
1673778404 156
1673778405 191
1673778405 122
1673778405 145
1673778406 186
1673778406 140
1673778406 107
1673778407 102
1673778407 154
1673778408 151
1673778408 190
1673778408 157
1673778410 187
1673778411 136
1673778411 110
1673778411 186
1673778412 145
1673778412 165
1673778412 172
1673778413 146
1673778414 109
1673778414 111
1673778414 194
1673778414 117
1673778415 141
1673778415 199
1673778416 197
1673778416 137
1673778416 169
1673778417 170
1673778417 169
1673778418 163
1673778418 194
1673778418 191
1673778418 180
1673778418 106
1673778418 149
1673778419 188
1673778419 144
1673778419 134
1673778419 131
1673778420 131
1673778422 130
1673778422 176
1673778422 180
1673778422 163
1673778422 148
1673778422 179
1673778423 183
1673778423 141
1673778423 169
1673778424 135
1673778424 167
1673778424 132
1673778424 132
1673778424 119
1673778425 173
1673778425 186
1673778426 144
1673778426 154
1673778426 120
1673778426 136
1673778427 158
1673778427 184
1673778427 153
1673778427 176
1673778428 143
1673778429 104
1673778429 106
1673778429 148
1673778429 155
1673778430 158
1673778431 188
1673778431 191
1673778431 112
1673778431 182
1673778432 178
1673778432 122
1673778432 123
1673778433 187
1673778433 168
1673778433 140
1673778433 163
1673778434 189
1673778434 187
1673778434 174
1673778435 115
1673778436 149
1673778437 120
1673778438 199
1673778438 124
1673778438 117
1673778438 150
1673778439 181
1673778439 193
1673778440 140
1673778440 138
1673778441 122
1673778441 198
1673778441 115
1673778442 136
1673778443 104
1673778443 163
1673778443 141
1673778443 127
1673778444 188
1673778444 194
1673778444 138
1673778445 118
1673778445 159
1673778445 120
1673778445 133
1673778446 199
1673778446 182
1673778447 117
1673778447 116
1673778447 110
1673778447 132
1673778448 153
1673778448 142
1673778448 181
1673778448 185
1673778448 154
1673778448 103
1673778449 154
1673778450 136
1673778450 174
1673778451 179
1673778451 172
1673778452 115
1673778452 140
1673778452 153
1673778453 199
1673778453 111
1673778453 122
1673778454 116
1673778454 161
1673778454 177
1673778454 153
1673778454 196
1673778455 125
1673778456 189
1673778456 186
1673778456 124
1673778457 122
1673778457 127
1673778457 103
1673778458 126
1673778458 153
1673778459 126
1673778459 112
1673778461 151
1673778461 186
1673778461 169
1673778461 140
1673778462 144
1673778462 119
1673778463 194
1673778463 170
1673778463 151
1673778463 200
1673778464 117
1673778464 163
1673778465 124
1673778465 177
1673778465 142
1673778466 122
1673778466 122
1673778466 101
1673778466 173
1673778467 169
1673778467 142
1673778467 136
1673778468 162
1673778468 121
1673778468 171
1673778469 180
1673778469 195
1673778470 178
1673778471 160
1673778471 172
1673778471 142
1673778471 103
1673778471 191
1673778473 148
1673778473 132
1673778474 166
1673778474 128
1673778475 198
1673778475 129
1673778475 123
1673778475 176
1673778476 196
1673778476 109
1673778477 141
1673778477 124
1673778477 182
1673778477 192
1673778478 196
1673778480 158
1673778480 173
1673778480 130
1673778480 146
1673778481 165
1673778481 130
1673778481 129
1673778483 152
1673778483 106
1673778484 138
1673778484 131
1673778485 166
1673778486 110
1673778486 147
1673778486 111
1673778487 146
1673778487 138
1673778488 158
1673778489 168
1673778489 105
1673778490 135
1673778490 169
1673778490 199
1673778491 146
1673778491 177
1673778491 156
1673778491 145
1673778493 116
1673778494 125
1673778494 117
1673778495 183
1673778495 185
1673778495 117
1673778496 154
1673778496 164
1673778497 113
1673778497 136
1673778498 129
1673778498 114
1673778499 117
1673778499 161
1673778500 119
1673778502 112
1673778502 105
1673778502 152
1673778502 139
1673778502 171
1673778503 146
1673778503 152
1673778504 131
1673778504 102
1673778504 124
1673778505 108
1673778506 163
1673778506 129
1673778507 106
1673778507 132
1673778507 101
1673778507 135
1673778508 198
1673778508 142
1673778509 194
1673778509 155
1673778509 108
1673778510 182
1673778510 107
1673778510 193
1673778510 162
1673778510 164
1673778511 113
1673778511 134
1673778511 117
1673778511 116
1673778512 123
1673778512 170
1673778512 113
1673778513 146
1673778513 131
1673778513 151
1673778514 101
1673778514 180
1673778514 139
1673778514 197
1673778515 165
1673778516 130
1673778516 181
1673778517 137
1673778518 188
1673778518 137
1673778518 163
1673778518 194
1673778518 164
1673778519 171
1673778519 192
1673778520 112
1673778520 117
1673778521 154
1673778521 192
1673778521 120
1673778522 131
1673778522 112
1673778522 185
1673778523 190
1673778523 137
1673778523 140
1673778523 187
1673778524 153
1673778524 139
1673778524 123
1673778524 138
1673778525 162
1673778525 142
1673778525 188
1673778525 141
1673778525 135
1673778525 116
1673778525 200
1673778526 132
1673778526 121
1673778527 194
1673778527 186
1673778527 168
1673778528 121
1673778528 143
1673778528 189
1673778528 112
1673778528 171
1673778529 186
1673778529 105
1673778530 156
1673778530 127
1673778530 147
1673778530 119
1673778531 150
1673778531 110
1673778531 126
1673778531 180
1673778531 199
1673778532 120
1673778532 117
1673778532 158
1673778533 112
1673778533 130
1673778533 149
1673778533 135
1673778534 182
1673778535 152
1673778535 153
1673778536 130
1673778536 150
1673778537 169
1673778537 197
1673778537 140
1673778537 150
1673778538 112
1673778538 105
1673778538 150
1673778538 150
1673778538 195
1673778539 134
1673778540 190
1673778540 119
1673778540 153
1673778540 133
1673778540 119
1673778541 146
1673778541 183
1673778542 120
1673778542 130
1673778543 187
1673778544 187
1673778545 188
1673778546 183
1673778546 182
1673778547 191
1673778547 120
1673778549 156
1673778549 130
1673778550 148
1673778550 167
1673778550 126
1673778551 131
1673778551 139
1673778552 190
1673778552 181
1673778552 122
1673778552 139
1673778552 140
1673778552 127
1673778553 119
1673778553 130
1673778553 197
1673778553 178
1673778554 129
1673778554 118
1673778554 148
1673778554 112
1673778555 200
1673778555 108
1673778555 134
1673778555 124
1673778556 187
1673778556 113
1673778557 143
1673778557 156
1673778558 138
1673778558 183
1673778558 191
1673778558 145
1673778558 196
1673778559 115
1673778559 133
1673778560 119
1673778560 171
1673778560 174
1673778561 158
1673778561 171
1673778562 116
1673778563 134
1673778563 172
1673778563 121
1673778564 114
1673778564 109
1673778565 125
1673778565 170
1673778565 192
1673778566 196
1673778566 183
1673778567 136
1673778567 183
1673778567 145
1673778567 101
1673778567 161
1673778570 136
1673778571 182
1673778571 194
1673778572 114
1673778572 189
1673778573 164
1673778573 189
1673778574 137
1673778575 158
1673778575 111
1673778575 182
1673778576 126
1673778576 161
1673778576 182
1673778576 163
1673778576 105
1673778577 162
1673778577 163
1673778577 110
1673778577 106
1673778577 184
1673778578 103
1673778578 103
1673778579 132
1673778580 153
1673778580 123
1673778580 109
1673778581 173
1673778582 118
1673778582 194
1673778582 113
1673778583 181
1673778583 143
1673778583 155
1673778584 170
1673778584 163
1673778585 174
1673778586 115
1673778586 200
1673778586 107
1673778586 133
1673778587 134
1673778587 107
1673778587 110
1673778587 132
1673778588 192
1673778588 121
1673778589 188
1673778590 171
1673778590 107
1673778592 172
1673778592 181
1673778592 136
1673778594 163
1673778595 111
1673778595 164
1673778595 102
1673778596 122
1673778596 163
1673778597 108
1673778597 121
1673778597 104
1673778598 107
1673778598 152
1673778599 114
1673778599 104
1673778599 143
1673778599 160
1673778600 140
1673778601 115
1673778601 139
1673778601 147
1673778601 163
1673778602 163
1673778604 196
1673778604 195
1673778604 180
1673778604 135
1673778604 114
1673778605 106
1673778605 170
1673778605 138
1673778606 130
1673778606 175
1673778606 136
1673778608 190
1673778608 157
1673778608 112
1673778608 124
1673778610 178
1673778610 104
1673778611 192
1673778611 175
1673778611 109
1673778612 142
1673778612 121
1673778612 174
1673778613 134
1673778613 165
1673778613 110
1673778614 120
1673778614 140
1673778615 177
1673778615 153
1673778615 136
1673778615 170
1673778616 101
1673778616 166
1673778616 164
1673778616 101
1673778616 143
1673778617 148
1673778617 103
1673778617 118
1673778618 167
1673778618 140
1673778618 197
1673778618 154
1673778618 153
1673778619 195
1673778619 109
1673778619 165
1673778619 130
1673778619 190
1673778619 176
1673778620 124
1673778620 191
1673778620 195
1673778620 161
1673778621 154
1673778622 144
1673778622 134
1673778623 198
1673778623 194
1673778623 197
1673778623 160
1673778624 161
1673778625 117
1673778625 108
1673778625 189
1673778625 129
1673778625 195
1673778626 135
1673778626 178
1673778627 180
1673778627 168
1673778628 159
1673778628 146
1673778629 136
1673778630 105
1673778630 146
1673778631 148
1673778631 156
1673778631 161
1673778631 110
1673778631 158
1673778633 164
1673778634 200
1673778635 175
1673778635 187
1673778635 176
1673778636 101
1673778636 188
1673778636 131
1673778637 123
1673778637 140
1673778638 107
1673778638 137
1673778638 117
1673778639 161
1673778640 200
1673778640 104
1673778640 191
1673778640 155
1673778641 137
1673778641 118
1673778641 148
1673778641 185
1673778641 162
1673778642 130
1673778642 198
1673778643 179
1673778643 139
1673778644 154
1673778644 107
1673778645 149
1673778645 129
1673778645 134
1673778647 174
1673778648 133
1673778648 189
1673778648 199
1673778648 109
1673778648 162
1673778648 128
1673778648 128
1673778649 121
1673778649 193
1673778649 183
1673778649 123
1673778650 133
1673778650 195
1673778650 200
1673778651 196
1673778652 137
1673778652 160
1673778652 183
1673778653 185
1673778653 128
1673778653 162
1673778653 195
1673778653 185
1673778653 181
1673778654 131
1673778655 174
1673778655 132
1673778655 187
1673778655 105
1673778655 186
1673778656 180
1673778656 117
1673778656 166
1673778657 148
1673778657 197
1673778658 139
1673778658 140
1673778658 104
1673778659 171
1673778659 107
1673778660 170
1673778660 169
1673778660 153
1673778661 170
1673778661 174
1673778662 146
1673778662 138
1673778663 104
1673778663 104
1673778663 164
1673778664 151
1673778664 161
1673778664 165
1673778665 178
1673778665 166
1673778665 146
1673778665 189
1673778665 170
1673778665 109
1673778666 170
1673778666 144
1673778666 137
1673778667 158
1673778667 191
1673778667 113
1673778667 117
1673778668 149
1673778668 153
1673778668 138
1673778669 122
1673778669 139
1673778669 138
1673778670 160
1673778670 108
1673778670 112
1673778670 131
1673778671 188
1673778671 164
1673778672 134
1673778672 190
1673778673 175
1673778673 172
1673778673 167
1673778673 121
1673778674 141
1673778674 194
1673778674 184
1673778674 140
1673778675 166
1673778675 153
1673778675 110
1673778676 186
1673778676 185
1673778676 175
1673778677 176
1673778677 182
1673778677 175
1673778677 200
1673778678 102
1673778679 159
1673778679 147
1673778679 168
1673778680 164
1673778680 189
1673778680 124
1673778681 178
1673778681 123
1673778681 173
1673778681 122
1673778681 149
1673778681 166
1673778681 154
1673778682 118
1673778682 186
1673778682 171
1673778683 170
1673778683 133
1673778684 114
1673778684 102
1673778685 199
1673778685 187
1673778685 117
1673778686 135
1673778686 187
1673778686 109
1673778687 111
1673778687 149
1673778687 179
1673778687 162
1673778687 172
1673778687 111
1673778689 115
1673778689 113
1673778689 195
1673778690 115
1673778690 116
1673778690 163
1673778691 119
1673778691 186
1673778691 180
1673778691 128
1673778692 180
1673778692 121
1673778693 175
1673778693 131
1673778693 197
1673778693 131
1673778693 116
1673778693 156
1673778693 144
1673778694 115
1673778694 131
1673778695 144
1673778696 126
1673778697 115
1673778697 120
1673778697 133
1673778697 124
1673778697 200
1673778698 109
1673778698 194
1673778698 167
1673778698 200
1673778699 193
1673778699 168
1673778700 142
1673778700 143
1673778700 161
1673778700 107
1673778700 120
1673778700 165
1673778701 148
1673778701 173
1673778701 189
1673778702 186
1673778702 110
1673778702 178
1673778702 164
1673778702 170
1673778703 128
1673778704 196
1673778705 171
1673778705 200
1673778705 166
1673778705 149
1673778706 117
1673778707 159
1673778707 104
1673778708 142
1673778708 120
1673778708 191
1673778709 157
1673778710 176
1673778711 109
1673778711 141
1673778711 185
1673778711 136
1673778712 137
1673778712 143
1673778712 180
1673778712 113
1673778713 184
1673778713 126
1673778713 119
1673778713 136
1673778713 169
1673778715 170
1673778716 129
1673778716 196
1673778717 174
1673778717 178
1673778717 165
1673778718 129
1673778718 169
1673778719 111
1673778719 156
1673778719 123
1673778720 175
1673778720 159
1673778721 155
1673778721 144
1673778722 124
1673778722 155
1673778723 194
1673778723 160
1673778723 198
1673778723 184
1673778723 140
1673778723 113
1673778723 139
1673778724 176
1673778724 200
1673778725 200
1673778725 102
1673778725 186
1673778725 114
1673778726 150
1673778728 102
1673778728 103
1673778728 174
1673778729 137
1673778729 200
1673778729 124
1673778729 105
1673778729 189
1673778729 173
1673778729 136
1673778729 197
1673778730 104
1673778731 176
1673778731 112
1673778732 166
1673778734 115
1673778734 177
1673778734 161
1673778735 176
1673778736 107
1673778736 158
1673778738 168
1673778739 178
1673778739 104
1673778739 165
1673778739 124
1673778739 134
1673778740 180
1673778740 193
1673778741 157
1673778741 111
1673778742 125
1673778742 140
1673778742 117
1673778743 158
1673778743 101
1673778743 190
1673778743 192
1673778743 111
1673778743 152
1673778743 131
1673778744 148
1673778745 172
1673778745 104
1673778745 188
1673778747 131
1673778747 135
1673778748 102
1673778749 156
1673778749 137
1673778749 199
1673778749 165
1673778750 153
1673778750 168
1673778750 106
1673778750 159
1673778751 104
1673778751 150
1673778751 185
1673778751 197
1673778751 163
1673778751 104
1673778752 118
1673778752 127
1673778752 107
1673778752 166
1673778753 158
1673778753 127
1673778753 196
1673778754 123
1673778754 137
1673778755 148
1673778755 184
1673778756 144
1673778756 136
1673778756 149
1673778757 126
1673778757 111
1673778757 133
1673778757 115
1673778758 117
1673778758 172
1673778759 117
1673778760 170
1673778760 148
1673778760 122
1673778760 138
1673778760 175
1673778760 148
1673778761 152
1673778762 188
1673778762 192
1673778763 164
1673778763 192
1673778764 151
1673778764 166
1673778765 189
1673778765 125
1673778765 167
1673778766 146
1673778766 154
1673778767 179
1673778767 145
1673778767 159
1673778767 151
1673778769 140
1673778769 137
1673778769 147
1673778769 183
1673778770 117
1673778770 200
1673778770 187
1673778770 152
1673778770 108
1673778770 175
1673778770 166
1673778770 131
1673778770 184
1673778771 155
1673778771 176
1673778771 137
1673778772 125
1673778772 193
1673778772 186
1673778773 161
1673778773 180
1673778774 170
1673778774 160
1673778774 183
1673778774 149
1673778775 177
1673778777 132
1673778777 192
1673778778 124
1673778778 116
1673778779 169
1673778779 192
1673778780 168
1673778780 126
1673778781 173
1673778782 198
1673778782 123
1673778782 175
1673778782 187
1673778783 167
1673778783 165
1673778783 148
1673778783 101
1673778784 149
1673778784 130
1673778784 191
1673778784 109
1673778785 110
1673778785 195
1673778785 168
1673778785 185
1673778785 162
1673778785 150
1673778786 194
1673778787 135
1673778787 105
1673778788 200
1673778788 129
1673778788 177
1673778789 110
1673778789 185
1673778789 197
1673778789 157
1673778789 148
1673778789 182
1673778789 197
1673778790 198
1673778790 174
1673778790 131
1673778791 150
1673778792 150
1673778794 124
1673778794 194
1673778796 186
1673778796 185
1673778796 194
1673778796 162
1673778796 183
1673778797 163
1673778798 152
1673778798 141
1673778799 173
1673778800 168
1673778800 179
1673778801 144
1673778802 152
1673778802 144
1673778802 199
1673778803 130
1673778803 147
1673778803 108
1673778804 102
1673778805 179
1673778805 120
1673778806 175
1673778807 128
1673778807 138
1673778807 107
1673778808 139
1673778808 146
1673778808 164
1673778808 148
1673778808 177
1673778809 155
1673778809 185
1673778809 123
1673778810 139
1673778810 161
1673778810 168
1673778811 183
1673778811 145
1673778811 174
1673778811 115
1673778812 101
1673778813 106
1673778813 162
1673778813 149
1673778814 106
1673778814 120
1673778814 200
1673778815 153
1673778815 196
1673778815 172
1673778815 155
1673778816 152
1673778816 183
1673778816 165
1673778817 169
1673778817 147
1673778818 154
1673778818 195
1673778818 125
1673778819 140
1673778820 140
1673778820 154
1673778820 169
1673778821 122
1673778821 114
1673778821 166
1673778821 158
1673778822 133
1673778822 129
1673778822 176
1673778823 151
1673778823 149
1673778823 113
1673778823 131
1673778824 156
1673778824 175
1673778824 150
1673778825 136
1673778825 157
1673778825 102
1673778825 121
1673778825 164
1673778826 165
1673778826 152
1673778826 186
1673778826 114
1673778827 173
1673778827 124
1673778828 153
1673778828 103
1673778829 162
1673778829 148
1673778829 120
1673778829 131
1673778830 190
1673778831 199
1673778831 172
1673778831 128
1673778831 187
1673778832 164
1673778832 142
1673778832 190
1673778832 183
1673778833 181
1673778833 150
1673778833 105
1673778834 172
1673778836 192
1673778837 102
1673778837 128
1673778838 164
1673778838 182
1673778839 140
1673778840 154
1673778840 135
1673778840 128
1673778842 181
1673778842 182
1673778842 187
1673778842 135
1673778842 140
1673778843 102
1673778844 121
1673778844 108
1673778845 118
1673778845 145
1673778845 123
1673778846 196
1673778846 199
1673778846 169
1673778846 141
1673778846 193
1673778847 119
1673778847 126
1673778847 140
1673778847 120
1673778847 195
1673778849 144
1673778849 166
1673778849 128
1673778850 176
1673778850 195
1673778851 152
1673778851 105
1673778851 122
1673778851 164
1673778852 129
1673778852 106
1673778853 158
1673778853 151
1673778853 182
1673778853 120
1673778854 146
1673778854 104
1673778855 177
1673778855 108
1673778855 195
1673778855 130
1673778855 199
1673778856 148
1673778856 156
1673778856 137
1673778856 129
1673778856 151
1673778857 119
1673778857 137
1673778858 163
1673778858 165
1673778859 187
1673778859 102
1673778860 118
1673778860 140
1673778861 179
1673778862 176
1673778862 186
1673778862 135
1673778863 162
1673778864 184
1673778864 166
1673778864 187
1673778864 146
1673778865 120
1673778865 120
1673778866 142
1673778866 170
1673778866 172
1673778866 188
1673778867 156
1673778867 127
1673778867 179
1673778867 102
1673778868 181
1673778868 191
1673778868 102
1673778868 147
1673778868 149
1673778869 164
1673778869 110
1673778869 142
1673778869 142
1673778869 130
1673778870 177
1673778870 186
1673778870 178
1673778871 103
1673778871 192
1673778872 189
1673778872 102
1673778873 144
1673778873 108
1673778873 117
1673778873 199
1673778873 172
1673778873 148
1673778873 167
1673778874 158
1673778874 148
1673778874 165
1673778874 194
1673778875 185
1673778875 140
1673778875 179
1673778876 117
1673778876 112
1673778876 107
1673778877 183
1673778877 180
1673778877 181
1673778877 160
1673778878 160
1673778879 128
1673778879 143
1673778880 183
1673778880 190
1673778880 170
1673778881 174
1673778881 194
1673778881 180
1673778881 170
1673778881 193
1673778882 200
1673778882 147
1673778882 183
1673778882 136
1673778882 148
1673778882 166
1673778883 182
1673778884 137
1673778885 172
1673778885 106
1673778885 170
1673778885 175
1673778886 137
1673778886 137
1673778887 123
1673778887 170
1673778888 110
1673778888 113
1673778888 104
1673778889 104
1673778889 117
1673778889 148
1673778890 162
1673778890 119
1673778890 168
1673778890 145
1673778890 121
1673778890 174
1673778891 146
1673778891 171
1673778892 105
1673778892 114
1673778893 188
1673778893 140
1673778893 117
1673778893 175
1673778894 186
1673778894 102
1673778894 139
1673778894 105
1673778895 162
1673778895 117
1673778895 182
1673778896 180
1673778896 192
1673778896 104
1673778896 143
1673778897 130
1673778897 105
1673778897 200
1673778898 127
1673778898 131
1673778898 130
1673778898 109
1673778898 127
1673778899 169
1673778899 148
1673778899 141
1673778899 196
1673778900 190
1673778901 189
1673778901 116
1673778901 188
1673778902 158
1673778902 172
1673778902 104
1673778902 163
1673778902 145
1673778902 156
1673778903 105
1673778903 160
1673778904 120
1673778905 129
1673778905 189
1673778905 122
1673778906 131
1673778906 118
1673778906 162
1673778908 183
1673778908 177
1673778909 159
1673778909 195
1673778909 175
1673778909 166
1673778910 138
1673778910 164
1673778910 115
1673778910 160
1673778911 180
1673778911 150
1673778911 146
1673778911 155
1673778912 123
1673778912 191
1673778912 162
1673778912 107
1673778913 114
1673778913 169
1673778913 192
1673778914 122
1673778914 178
1673778915 188
1673778915 117
1673778915 160
1673778916 190
1673778916 125
1673778916 167
1673778916 184
1673778917 138
1673778917 173
1673778918 194
1673778920 121
1673778921 107
1673778921 172
1673778922 125
1673778922 126
1673778922 138
1673778923 151
1673778923 189
1673778924 182
1673778924 155
1673778925 189
1673778926 146
1673778926 118
1673778927 188
1673778927 150
1673778927 117
1673778928 199
1673778928 105
1673778930 196
1673778930 127
1673778931 125
1673778932 101
1673778932 137
1673778932 159
1673778933 162
1673778933 198
1673778933 189
1673778934 124
1673778935 129
1673778935 129
1673778935 122
1673778936 137
1673778936 187
1673778936 132
1673778936 169
1673778936 157
1673778937 188
1673778937 156
1673778938 151
1673778938 133
1673778938 159
1673778939 117
1673778940 188
1673778940 151
1673778940 191
1673778941 129
1673778941 109
1673778941 199
1673778942 160
1673778942 126
1673778942 184
1673778942 194
1673778942 156
1673778943 172
1673778943 132
1673778943 128
1673778943 162
1673778943 180
1673778944 131
1673778944 161
1673778944 173
1673778944 162
1673778944 128
1673778944 158
1673778945 164
1673778945 171
1673778946 197
1673778947 139
1673778947 116
1673778947 135
1673778948 152
1673778948 106
1673778948 127
1673778949 143
1673778949 195
1673778950 160
1673778951 129
1673778951 176
1673778952 150
1673778952 190
1673778953 164
1673778953 165
1673778955 150
1673778956 183
1673778956 151
1673778956 152
1673778957 127
1673778957 181
1673778957 181
1673778957 178
1673778958 194
1673778958 109
1673778958 165
1673778959 149
1673778959 168
1673778959 107
1673778959 190
1673778959 157
1673778960 196
1673778960 181
1673778960 114
1673778960 197
1673778961 190
1673778961 119
1673778962 177
1673778962 122
1673778963 107
1673778963 113
1673778965 200
1673778965 104
1673778966 104
1673778966 132
1673778966 122
1673778966 174
1673778966 135
1673778967 127
1673778967 131
1673778968 110
1673778968 139
1673778968 129
1673778968 116
1673778968 148
1673778969 132
1673778969 180
1673778969 138
1673778969 159
1673778969 182
1673778969 115
1673778969 153
1673778970 117
1673778970 129
1673778970 152
1673778970 101
1673778971 180
1673778971 174
1673778971 116
1673778971 164
1673778971 110
1673778971 184
1673778972 135
1673778972 124
1673778972 137
1673778973 168
1673778973 145
1673778973 107
1673778973 176
1673778974 118
1673778974 180
1673778974 133
1673778974 161
1673778975 106
1673778975 168
1673778975 151
1673778975 164
1673778976 135
1673778976 197
1673778976 103
1673778976 198
1673778976 144
1673778977 194
1673778979 128
1673778980 179
1673778980 171
1673778980 164
1673778980 124
1673778981 159
1673778981 179
1673778982 113
1673778982 186
1673778982 172
1673778982 192
1673778983 193
1673778983 147
1673778984 121
1673778985 194
1673778986 173
1673778986 120
1673778987 158
1673778987 181
1673778987 107
1673778987 199
1673778987 120
1673778987 120
1673778988 193
1673778988 126
1673778988 197
1673778988 156
1673778989 151
1673778989 110
1673778989 183
1673778990 167
1673778991 185
1673778991 185
1673778991 194
1673778991 149
1673778992 141
1673778993 112
1673778994 156
1673778994 187
1673778994 136
1673778994 196
1673778994 103
1673778995 128
1673778995 168
1673778996 146
1673778996 200
1673778996 147
1673778996 191
1673778996 135
1673778996 186
1673778997 106
1673778997 152
1673778997 181
1673778998 140
1673778998 199
1673778998 123
1673778998 118
1673778998 186
1673778999 151
1673778999 114
1673779000 140
1673779000 102
1673779000 121
1673779000 143
1673779001 168
1673779001 116
1673779001 146
1673779002 109
1673779003 178
1673779003 121
1673779003 184
1673779003 124
1673779003 134
1673779004 150
1673779004 124
1673779004 187
1673779004 133
1673779005 116
1673779007 150
1673779008 124
1673779008 167
1673779008 168
1673779009 163
1673779010 125
1673779010 172
1673779010 184
1673779010 180
1673779011 141
1673779012 169
1673779013 131
1673779014 106
1673779014 141
1673779015 147
1673779015 200
1673779015 101
1673779015 187
1673779016 136
1673779016 186
1673779016 194
1673779016 155
1673779017 153
1673779018 107
1673779019 188
1673779020 199
1673779020 136
1673779021 178
1673779021 146
1673779021 180
1673779021 181
1673779021 161
1673779021 164
1673779021 124
1673779022 109
1673779022 154
1673779022 153
1673779023 199
1673779023 110
1673779024 167
1673779024 126
1673779024 122
1673779024 109
1673779024 171
1673779024 101
1673779024 181
1673779024 177
1673779025 179
1673779026 101
1673779026 178
1673779027 111
1673779027 167
1673779027 157
1673779027 119
1673779028 184
1673779028 181
1673779029 159
1673779029 182
1673779030 152
1673779030 176
1673779031 175
1673779031 112
1673779031 112
1673779031 146
1673779031 147
1673779032 137
1673779033 163
1673779035 120
1673779035 185
1673779035 154
1673779035 171
1673779035 175
1673779036 165
1673779036 177
1673779036 152
1673779036 156
1673779036 145
1673779037 190
1673779037 134
1673779037 121
1673779038 168
1673779038 152
1673779039 166
1673779039 164
1673779039 150
1673779039 113
1673779041 170
1673779041 179
1673779041 133
1673779041 175
1673779042 108
1673779042 102
1673779043 113
1673779043 126
1673779043 161
1673779043 105
1673779044 124
1673779044 132
1673779044 145
1673779045 129
1673779045 167
1673779046 177
1673779046 147
1673779047 128
1673779047 196
1673779047 135
1673779047 151
1673779047 107
1673779048 104
1673779048 107
1673779049 157
1673779049 106
1673779050 173
1673779050 198
1673779050 169
1673779051 179
1673779052 189
1673779052 181
1673779053 132
1673779054 175
1673779054 196
1673779055 136
1673779055 188
1673779056 189
1673779056 104
1673779056 147
1673779057 117
1673779057 196
1673779057 108
1673779058 120
1673779058 128
1673779058 197
1673779059 182
1673779059 149
1673779059 141
1673779060 108
1673779060 191
1673779060 176
1673779061 112
1673779061 156
1673779061 173
1673779062 127
1673779062 170
1673779063 108
1673779064 167
1673779064 112
1673779064 166
1673779065 122
1673779065 168
1673779066 131
1673779066 130
1673779066 149
1673779067 129
1673779067 168
1673779068 135
1673779069 113
1673779069 177
1673779070 163
1673779071 162
1673779071 139
1673779072 122
1673779072 107
1673779072 137
1673779072 153
1673779072 110
1673779072 157
1673779073 170
1673779074 189
1673779074 126
1673779074 150
1673779075 177
1673779075 191
1673779075 118
1673779075 186
1673779076 193
1673779076 149
1673779076 130
1673779076 158
1673779077 167
1673779077 185
1673779077 178
1673779078 111
1673779078 155
1673779078 165
1673779078 196
1673779078 151
1673779078 126
1673779079 152
1673779079 197
1673779079 170
1673779079 136
1673779080 181
1673779080 122
1673779081 116
1673779081 114
1673779082 153
1673779082 141
1673779083 109
1673779083 149
1673779084 162
1673779085 169
1673779085 188
1673779085 171
1673779087 123
1673779087 119
1673779088 194
1673779088 119
1673779089 134
1673779089 120
1673779089 168
1673779090 163
1673779091 162
1673779091 123
1673779092 157
1673779092 173
1673779092 170
1673779092 164
1673779093 149
1673779093 107
1673779093 107
1673779093 144
1673779094 110
1673779094 139
1673779094 111
1673779094 104
1673779094 174
1673779094 117
1673779094 135
1673779095 152
1673779095 162
1673779096 119
1673779096 167
1673779096 143
1673779097 111
1673779098 143
1673779098 189
1673779099 118
1673779099 177
1673779099 121
1673779099 109
1673779100 169
1673779100 140
1673779102 111
1673779102 185
1673779102 170
1673779102 188
1673779103 138
1673779103 124
1673779103 157
1673779103 120
1673779104 141
1673779104 154
1673779104 117
1673779105 199
1673779105 151
1673779105 127
1673779106 107
1673779106 120
1673779107 139
1673779107 107
1673779108 168
1673779109 127
1673779109 150
1673779109 136
1673779109 181
1673779109 113
1673779110 161
1673779112 122
1673779112 159
1673779112 109
1673779113 163
1673779113 195
1673779114 186
1673779114 187
1673779114 181
1673779115 102
1673779115 142
1673779115 121
1673779115 145
1673779117 169
1673779117 192
1673779117 166
1673779117 162
1673779117 128
1673779118 119
1673779118 110
1673779118 131
1673779120 170
1673779120 107
1673779120 176
1673779121 111
1673779122 165
1673779122 114
1673779122 184
1673779122 174
1673779123 173
1673779123 106
1673779123 111
1673779123 174
1673779124 200
1673779124 121
1673779124 170
1673779124 180
1673779125 185
1673779125 161
1673779125 126
1673779125 143
1673779125 192
1673779126 135
1673779126 193
1673779127 198
1673779128 154
1673779128 157
1673779128 160
1673779128 187
1673779129 162
1673779130 198
1673779130 137
1673779130 157
1673779131 110
1673779131 137
1673779132 190
1673779132 160
1673779133 102
1673779133 196
1673779134 171
1673779134 143
1673779134 193
1673779134 170
1673779135 101
1673779135 197
1673779135 121
1673779136 106
1673779136 126
1673779136 127
1673779137 117
1673779137 131
1673779137 118
1673779137 123
1673779137 119
1673779137 173
1673779138 128
1673779138 191
1673779139 109
1673779139 155
1673779139 172
1673779139 141
1673779140 166
1673779140 154
1673779141 180
1673779141 167
1673779141 190
1673779141 115
1673779142 136
1673779142 137
1673779144 139
1673779144 165
1673779145 117
1673779145 125
1673779145 172
1673779145 143
1673779146 128
1673779146 199
1673779146 179
1673779146 102
1673779146 109
1673779147 199
1673779148 113
1673779149 143
1673779149 162
1673779149 199
1673779149 114
1673779149 112
1673779149 161
1673779151 145
1673779151 134
1673779151 166
1673779151 185
1673779151 127
1673779152 183
1673779152 157
1673779154 199
1673779154 165
1673779154 108
1673779154 110
1673779154 120
1673779154 173
1673779154 142
1673779155 163
1673779155 174
1673779156 139
1673779156 105
1673779156 133
1673779156 173
1673779157 200
1673779157 144
1673779157 163
1673779158 102
1673779158 157
1673779158 200
1673779159 125
1673779159 153
1673779159 136
1673779160 197
1673779160 199
1673779160 115
1673779160 175
1673779160 189
1673779161 101
1673779161 110
1673779161 189
1673779161 160
1673779162 112
1673779162 144
1673779163 116
1673779163 199
1673779163 163
1673779165 102
1673779165 160
1673779165 192
1673779165 136
1673779166 158
1673779166 171
1673779166 113
1673779166 153
1673779166 159
1673779167 142
1673779167 198
1673779167 121
1673779168 120
1673779168 196
1673779169 173
1673779170 119
1673779170 159
1673779170 112
1673779171 200
1673779171 172
1673779172 110
1673779172 194
1673779173 159
1673779173 198
1673779173 122
1673779173 162
1673779173 196
1673779174 119
1673779175 159
1673779175 181
1673779175 122
1673779175 190
1673779176 173
1673779177 109
1673779177 192
1673779177 200
1673779178 165
1673779178 153
1673779178 155
1673779178 149
1673779178 177
1673779178 104
1673779179 119
1673779179 186
1673779179 132
1673779179 180
1673779179 191
1673779179 141
1673779179 115
1673779179 164
1673779180 161
1673779181 169
1673779181 155
1673779181 112
1673779182 197
1673779182 112
1673779182 127
1673779182 113
1673779182 195
1673779184 162
1673779185 128
1673779186 174
1673779186 199
1673779186 196
1673779187 170
1673779187 147
1673779187 124
1673779187 153
1673779188 174
1673779188 114
1673779188 152
1673779189 108
1673779189 173
1673779189 143
1673779190 114
1673779191 157
1673779191 169
1673779192 185
1673779192 179
1673779193 146
1673779193 172
1673779194 149
1673779194 113
1673779194 196
1673779195 189
1673779196 161
1673779196 111
1673779196 159
1673779197 132
1673779197 171
1673779197 195
1673779197 116
1673779198 145
1673779199 150
1673779199 145
1673779200 158
1673779201 187
1673779201 142
1673779201 145
1673779201 121
1673779201 191
1673779202 106
1673779202 112
1673779202 166
1673779203 178
1673779203 200
1673779203 169
1673779204 149
1673779204 162
1673779204 105
1673779205 144
1673779206 120
1673779207 153
1673779207 113
1673779207 142
1673779207 152
1673779207 105
1673779208 135
1673779208 182
1673779209 133
1673779209 141
1673779210 166
1673779210 143
1673779210 167
1673779211 162
1673779212 101
1673779212 144
1673779212 185
1673779212 102
1673779213 187
1673779213 196
1673779213 172
1673779214 117
1673779214 143
1673779214 129
1673779214 117
1673779215 124
1673779215 172
1673779215 152
1673779215 107
1673779215 120
1673779216 141
1673779216 186
1673779216 183
1673779216 123
1673779217 184
1673779217 197
1673779217 136
1673779217 183
1673779217 129
1673779217 169
1673779218 123
1673779218 190
1673779218 142
1673779218 190
1673779219 172
1673779219 186
1673779219 106
1673779220 184
1673779220 186
1673779222 198
1673779222 184
1673779222 192
1673779222 164
1673779223 108
1673779223 172
1673779223 190
1673779223 151
1673779223 195
1673779224 140
1673779224 107
1673779224 117
1673779224 178
1673779224 128
1673779224 184
1673779225 184
1673779225 135
1673779226 173
1673779227 153
1673779227 150
1673779228 153
1673779228 110
1673779228 143
1673779229 105
1673779229 170
1673779229 126
1673779229 149
1673779230 130
1673779231 132
1673779231 165
1673779231 159
1673779231 198
1673779232 181
1673779232 172
1673779232 175
1673779233 112
1673779233 130
1673779233 150
1673779233 188
1673779234 186
1673779234 102
1673779234 151
1673779235 128
1673779235 139
1673779235 187
1673779235 167
1673779236 175
1673779236 129
1673779237 113
1673779237 196
1673779237 135
1673779238 140
1673779238 127
1673779239 195
1673779239 171
1673779240 122
1673779240 134
1673779240 111
1673779241 193
1673779241 101
1673779241 116
1673779241 111
1673779241 174
1673779241 175
1673779242 106
1673779243 122
1673779243 145
1673779243 158
1673779243 167
1673779244 145
1673779244 154
1673779244 165
1673779245 179
1673779245 136
1673779246 118
1673779246 110
1673779246 170
1673779246 152
1673779247 164
1673779247 151
1673779247 142
1673779247 178
1673779247 166
1673779247 140
1673779247 172
1673779248 174
1673779248 157
1673779249 152
1673779250 137
1673779250 147
1673779251 158
1673779251 149
1673779252 198
1673779252 146
1673779252 175
1673779252 182
1673779252 134
1673779253 196
1673779253 109
1673779253 110
1673779254 176
1673779254 134
1673779254 139
1673779254 134
1673779254 150
1673779255 190
1673779255 189
1673779255 159
1673779255 119
1673779255 178
1673779256 147
1673779256 109
1673779256 107
1673779256 110
1673779256 130
1673779256 140
1673779257 117
1673779257 192
1673779257 168
1673779258 173
1673779258 162
1673779258 185
1673779258 170
1673779259 170
1673779259 127
1673779259 164
1673779259 197
1673779259 106
1673779260 124
1673779260 174
1673779261 182
1673779262 170
1673779262 165
1673779263 106
1673779263 131
1673779263 169
1673779264 117
1673779264 160
1673779264 188
1673779265 188
1673779265 176
1673779265 148
1673779265 150
1673779266 141
1673779266 200
1673779266 142
1673779266 177
1673779267 119
1673779267 168
1673779267 107
1673779267 199
1673779268 168
1673779268 185
1673779268 146
1673779268 168
1673779268 165
1673779269 178
1673779270 162
1673779270 120
1673779271 160
1673779271 176
1673779272 169
1673779273 106
1673779273 167
1673779273 125
1673779274 129
1673779274 175
1673779275 108
1673779276 102
1673779276 172
1673779276 194
1673779276 142
1673779277 191
1673779277 156
1673779278 137
1673779278 164
1673779278 133
1673779278 113
1673779278 177
1673779279 155
1673779279 155
1673779279 106
1673779279 112
1673779280 200
1673779280 103
1673779280 196
1673779281 196
1673779282 108
1673779282 154
1673779282 117
1673779282 181
1673779283 103
1673779283 178
1673779283 113
1673779283 174
1673779283 141
1673779285 117
1673779285 150
1673779286 190
1673779286 140
1673779286 181
1673779287 112
1673779287 169
1673779287 106
1673779287 167
1673779287 161
1673779287 195
1673779287 160
1673779288 194
1673779288 104
1673779289 173
1673779289 102
1673779289 182
1673779290 126
1673779290 144
1673779290 175
