1673776802 190
1673776803 161
1673776807 111
1673776807 168
1673776808 195
1673776809 149
1673776809 179
1673776810 172
1673776811 110
1673776813 115
1673776813 159
1673776815 129
1673776816 130
1673776816 139
1673776817 146
1673776818 105
1673776818 166
1673776819 148
1673776821 113
1673776821 145
1673776824 187
1673776824 173
1673776825 134
1673776826 131
1673776826 144
1673776827 132
1673776828 102
1673776828 178
1673776829 119
1673776830 160
1673776830 187
1673776831 158
1673776831 166
1673776832 131
1673776833 137
1673776833 147
1673776833 135
1673776834 109
1673776834 107
1673776836 166
1673776837 135
1673776839 105
1673776840 195
1673776842 176
1673776842 109
1673776842 129
1673776843 154
1673776844 139
1673776844 121
1673776844 104
1673776844 140
1673776848 185
1673776849 155
1673776851 188
1673776856 114
1673776856 104
1673776856 114
1673776857 122
1673776858 141
1673776859 193
1673776859 157
1673776861 189
1673776861 113
1673776862 128
1673776862 186
1673776863 180
1673776863 186
1673776864 116
1673776866 118
1673776869 111
1673776870 177
1673776870 113
1673776871 153
1673776871 159
1673776873 114
1673776874 118
1673776874 127
1673776875 175
1673776875 119
1673776878 132
1673776878 174
1673776879 165
1673776879 151
1673776879 131
1673776879 195
1673776880 146
1673776881 122
1673776882 181
1673776883 169
1673776883 158
1673776884 173
1673776885 148
1673776885 151
1673776887 110
1673776888 129
1673776889 178
1673776889 160
1673776890 145
1673776890 118
1673776890 118
1673776895 152
1673776895 105
1673776895 189
1673776895 197
1673776897 107
1673776897 109
1673776897 145
1673776898 116
1673776898 132
1673776899 152
1673776899 153
1673776899 157
1673776901 142
1673776901 182
1673776903 155
1673776904 164
1673776905 140
1673776907 157
1673776907 109
1673776907 184
1673776912 158
1673776917 106
1673776920 119
1673776923 177
1673776923 189
1673776924 141
1673776924 128
1673776924 155
1673776924 156
1673776925 200
1673776925 107
1673776925 179
1673776925 195
1673776926 164
1673776926 117
1673776926 102
1673776927 158
1673776927 132
1673776927 103
1673776928 193
1673776928 194
1673776928 103
1673776929 189
1673776929 153
1673776929 130
1673776929 136
1673776929 114
1673776931 113
1673776932 131
1673776932 131
1673776932 125
1673776932 147
1673776932 123
1673776933 107
1673776933 108
1673776934 126
1673776934 195
1673776934 140
1673776935 177
1673776936 118
1673776936 189
1673776936 115
1673776937 116
1673776937 126
1673776937 161
1673776938 153
1673776938 183
1673776939 187
1673776940 188
1673776942 114
1673776942 168
1673776942 142
1673776943 119
1673776944 126
1673776944 115
1673776944 111
1673776947 197
1673776948 180
1673776949 194
1673776949 111
1673776949 165
1673776951 112
1673776952 176
1673776952 102
1673776952 116
1673776953 183
1673776953 164
1673776954 145
1673776955 115
1673776956 139
1673776956 183
1673776957 142
1673776959 132
1673776959 134
1673776959 142
1673776959 186
1673776960 169
1673776960 110
1673776961 114
1673776961 124
1673776962 200
1673776962 118
1673776963 166
1673776963 171
1673776963 135
1673776964 134
1673776964 143
1673776965 119
1673776966 176
1673776967 196
1673776967 161
1673776968 171
1673776968 183
1673776968 147
1673776969 151
1673776969 103
1673776969 168
1673776970 146
1673776971 108
1673776971 186
1673776971 118
1673776971 133
1673776972 131
1673776972 119
1673776972 194
1673776972 132
1673776973 124
1673776973 164
1673776974 173
1673776974 142
1673776974 191
1673776975 175
1673776976 194
1673776976 198
1673776976 129
1673776976 150
1673776976 155
1673776976 175
1673776977 166
1673776978 189
1673776978 115
1673776980 106
1673776980 131
1673776981 125
1673776981 181
1673776982 157
1673776982 124
1673776982 198
1673776982 190
1673776982 199
1673776983 147
1673776983 142
1673776985 110
1673776987 176
1673776987 170
1673776987 140
1673776989 185
1673776989 125
1673776990 168
1673776991 174
1673776991 172
1673776992 118
1673776992 151
1673776993 178
1673776996 193
1673776996 121
1673776997 138
1673776997 154
1673776997 111
1673776998 152
1673776998 157
1673776998 142
1673776999 102
1673776999 155
1673777000 128
1673777001 197
1673777001 110
1673777002 196
1673777003 185
1673777006 148
1673777006 191
1673777007 176
1673777008 189
1673777008 186
1673777008 183
1673777009 184
1673777011 170
1673777011 145
1673777011 118
1673777012 168
1673777012 150
1673777013 117
1673777013 163
1673777014 135
1673777014 195
1673777015 181
1673777015 141
1673777015 200
1673777016 172
1673777017 116
1673777017 133
1673777018 101
1673777018 166
1673777019 195
1673777020 165
1673777020 104
1673777021 112
1673777021 118
1673777021 143
1673777021 167
1673777021 122
1673777022 130
1673777022 149
1673777022 177
1673777022 192
1673777022 157
1673777023 131
1673777023 197
1673777023 106
1673777023 112
1673777023 196
1673777024 194
1673777024 199
1673777024 157
1673777025 107
1673777025 153
1673777026 160
1673777026 177
1673777027 121
1673777027 186
1673777027 192
1673777027 164
1673777027 118
1673777027 130
1673777028 190
1673777028 189
1673777029 152
1673777030 182
1673777030 200
1673777031 123
1673777031 175
1673777031 153
1673777031 102
1673777032 160
1673777032 112
1673777032 181
1673777032 168
1673777032 184
1673777033 113
1673777033 104
1673777033 149
1673777033 107
1673777033 122
1673777033 199
1673777034 195
1673777034 183
1673777034 197
1673777035 158
1673777036 168
1673777037 200
1673777037 105
1673777038 111
1673777039 197
1673777039 112
1673777039 119
1673777040 194
1673777040 191
1673777040 148
1673777040 147
1673777040 147
1673777040 171
1673777040 185
1673777041 103
1673777041 135
1673777041 195
1673777041 183
1673777041 108
1673777042 189
1673777042 174
1673777042 171
1673777043 154
1673777043 143
1673777043 140
1673777044 114
1673777044 108
1673777045 134
1673777045 183
1673777045 105
1673777045 106
1673777047 181
1673777047 131
1673777047 101
1673777048 131
1673777048 115
1673777049 180
1673777049 115
1673777049 144
1673777049 179
1673777050 117
1673777050 168
1673777050 162
1673777050 166
1673777051 187
1673777051 101
1673777051 109
1673777051 153
1673777051 139
1673777052 162
1673777052 167
1673777052 190
1673777052 195
1673777053 113
1673777053 179
1673777053 142
1673777054 106
1673777054 141
1673777054 199
1673777054 195
1673777055 170
1673777055 121
1673777056 197
1673777056 117
1673777056 192
1673777056 142
1673777057 152
1673777058 120
1673777058 120
1673777058 166
1673777058 180
1673777058 172
1673777059 101
1673777059 148
1673777059 130
1673777059 158
1673777060 142
1673777060 114
1673777060 169
1673777061 163
1673777061 119
1673777061 138
1673777062 145
1673777062 106
1673777063 152
1673777064 176
1673777064 110
1673777064 126
1673777065 139
1673777065 105
1673777066 135
1673777066 172
1673777066 173
1673777067 176
1673777067 102
1673777067 138
1673777068 101
1673777068 140
1673777069 144
1673777070 179
1673777070 109
1673777070 119
1673777071 194
1673777071 164
1673777071 151
1673777072 160
1673777072 147
1673777073 102
1673777073 193
1673777074 138
1673777075 108
1673777075 112
1673777076 168
1673777076 190
1673777076 171
1673777076 130
1673777076 118
1673777076 157
1673777076 131
1673777077 116
1673777078 177
1673777078 188
1673777078 146
1673777078 190
1673777078 190
1673777079 198
1673777079 158
1673777079 170
1673777079 143
1673777080 183
1673777080 192
1673777080 194
1673777080 155
1673777080 141
1673777081 147
1673777081 187
1673777082 197
1673777082 107
1673777082 172
1673777082 195
1673777083 154
1673777083 123
1673777083 156
1673777083 135
1673777084 198
1673777084 119
1673777084 178
1673777085 144
1673777086 186
1673777086 147
1673777086 118
1673777086 112
1673777086 102
1673777087 112
1673777087 142
1673777088 181
1673777088 138
1673777088 138
1673777089 111
1673777089 149
1673777089 196
1673777089 146
1673777089 127
1673777089 143
1673777090 117
1673777090 118
1673777091 170
1673777092 125
1673777092 103
1673777092 137
1673777092 165
1673777092 163
1673777093 151
1673777093 126
1673777094 108
1673777094 133
1673777094 119
1673777094 185
1673777095 179
1673777095 118
1673777096 176
1673777096 181
1673777096 101
1673777096 106
1673777096 174
1673777097 135
1673777097 184
1673777097 160
1673777097 115
1673777097 123
1673777098 126
1673777099 115
1673777099 191
1673777100 149
1673777100 128
1673777100 122
1673777100 184
1673777100 108
1673777101 179
1673777101 134
1673777101 149
1673777103 162
1673777103 110
1673777105 184
1673777105 103
1673777105 200
1673777105 144
1673777105 194
1673777105 186
1673777106 158
1673777106 155
1673777106 135
1673777106 133
1673777107 186
1673777107 148
1673777107 108
1673777109 128
1673777109 187
1673777109 196
1673777110 128
1673777110 175
1673777111 147
1673777111 149
1673777111 144
1673777111 192
1673777112 165
1673777112 154
1673777113 120
1673777113 105
1673777114 188
1673777114 178
1673777115 191
1673777115 101
1673777115 105
1673777116 123
1673777116 171
1673777116 118
1673777116 170
1673777116 124
1673777116 196
1673777117 181
1673777117 183
1673777117 112
1673777118 181
1673777118 169
1673777118 172
1673777119 115
1673777119 191
1673777119 188
1673777120 188
1673777120 188
1673777120 181
1673777122 167
1673777122 165
1673777122 196
1673777122 175
1673777122 135
1673777122 135
1673777123 140
1673777124 159
1673777125 120
1673777125 143
1673777125 152
1673777125 177
1673777125 102
1673777126 150
1673777126 130
1673777126 110
1673777126 184
1673777127 124
1673777127 103
1673777127 109
1673777128 195
1673777128 187
1673777129 137
1673777129 115
1673777129 166
1673777130 159
1673777130 194
1673777130 200
1673777130 162
1673777130 149
1673777131 102
1673777131 105
1673777131 115
1673777132 190
1673777132 160
1673777132 182
1673777133 157
1673777133 160
1673777133 151
1673777133 179
1673777133 126
1673777133 124
1673777134 114
1673777134 147
1673777135 167
1673777135 159
1673777137 177
1673777137 101
1673777138 138
1673777138 142
1673777139 121
1673777140 183
1673777140 107
1673777140 159
1673777141 132
1673777141 169
1673777142 184
1673777142 146
1673777143 146
1673777143 195
1673777143 174
1673777143 187
1673777144 150
1673777144 142
1673777144 109
1673777144 104
1673777144 140
1673777145 191
1673777145 198
1673777146 161
1673777146 124
1673777147 166
1673777147 194
1673777148 156
1673777148 159
1673777148 118
1673777148 126
1673777149 191
1673777149 136
1673777149 104
1673777150 152
1673777151 156
1673777151 142
1673777151 149
1673777152 179
1673777153 132
1673777153 197
1673777153 148
1673777153 150
1673777154 183
1673777154 121
1673777155 180
1673777155 182
1673777155 199
1673777155 105
1673777155 174
1673777157 111
1673777157 177
1673777157 167
1673777158 124
1673777158 123
1673777158 124
1673777158 153
1673777158 104
1673777159 148
1673777159 181
1673777160 120
1673777160 117
1673777160 184
1673777160 149
1673777160 193
1673777162 174
1673777162 178
1673777162 103
1673777162 180
1673777163 123
1673777163 118
1673777163 123
1673777164 111
1673777164 189
1673777164 144
1673777165 135
1673777165 140
1673777166 129
1673777166 118
1673777167 195
1673777167 198
1673777167 160
1673777167 129
1673777168 124
1673777168 101
1673777168 178
1673777169 152
1673777169 107
1673777170 185
1673777170 118
1673777170 151
1673777170 159
1673777170 198
1673777171 199
1673777171 104
1673777171 150
1673777171 140
1673777171 115
1673777172 101
1673777172 120
1673777172 122
1673777174 147
1673777174 122
1673777175 115
1673777175 151
1673777176 124
1673777177 189
1673777177 134
1673777177 122
1673777178 126
1673777178 134
1673777178 198
1673777178 196
1673777179 147
1673777179 173
1673777179 112
1673777179 182
1673777180 123
1673777180 117
1673777181 108
1673777181 112
1673777181 115
1673777182 155
1673777182 191
1673777182 132
1673777183 135
1673777183 101
1673777183 156
1673777184 133
1673777184 102
1673777185 188
1673777185 191
1673777186 108
1673777186 106
1673777186 190
1673777187 102
1673777187 176
1673777188 109
1673777188 128
1673777188 185
1673777189 190
1673777189 170
1673777189 187
1673777190 143
1673777190 144
1673777191 133
1673777192 161
1673777192 188
1673777192 134
1673777192 141
1673777192 187
1673777193 119
1673777193 117
1673777193 183
1673777194 135
1673777194 166
1673777195 137
1673777195 121
1673777196 135
1673777196 178
1673777196 153
1673777196 155
1673777197 146
1673777197 199
1673777197 186
1673777197 101
1673777198 191
1673777199 190
1673777199 157
1673777200 132
1673777200 115
1673777200 197
1673777201 142
1673777201 128
1673777201 177
1673777202 152
1673777202 125
1673777203 158
1673777203 110
1673777203 146
1673777205 114
1673777208 103
1673777208 107
1673777208 117
1673777209 133
1673777209 144
1673777209 128
1673777209 128
1673777209 191
1673777210 197
1673777210 139
1673777211 166
1673777211 184
1673777211 167
1673777212 197
1673777214 147
1673777214 194
1673777215 142
1673777215 116
1673777216 137
1673777216 164
1673777216 104
1673777216 164
1673777217 130
1673777217 114
1673777217 161
1673777217 122
1673777217 184
1673777217 121
1673777217 198
1673777218 138
1673777218 131
1673777218 187
1673777219 191
1673777219 186
1673777219 198
1673777219 189
1673777220 148
1673777220 175
1673777220 125
1673777220 140
1673777221 175
1673777221 175
1673777221 187
1673777221 163
1673777222 135
1673777222 125
1673777222 117
1673777222 130
1673777223 144
1673777224 167
1673777224 190
1673777224 180
1673777225 114
1673777226 103
1673777226 179
1673777226 168
1673777227 178
1673777229 169
1673777232 173
1673777233 134
1673777234 141
1673777236 174
1673777236 137
1673777236 160
1673777236 118
1673777237 164
1673777237 165
1673777237 127
1673777238 173
1673777239 114
1673777239 139
1673777239 119
1673777239 155
1673777240 163
1673777240 156
1673777240 116
1673777241 190
1673777241 102
1673777241 179
1673777242 152
1673777243 195
1673777244 183
1673777244 126
1673777244 178
1673777247 160
1673777248 161
1673777248 170
1673777249 156
1673777249 103
1673777249 192
1673777250 128
1673777250 149
1673777250 101
1673777251 121
1673777251 155
1673777251 138
1673777251 181
1673777252 129
1673777252 144
1673777253 142
1673777253 134
1673777254 116
1673777254 173
1673777254 122
1673777254 148
1673777254 133
1673777254 169
1673777255 176
1673777255 122
1673777255 183
1673777256 169
1673777256 136
1673777256 125
1673777256 170
1673777257 175
1673777258 195
1673777258 178
1673777258 138
1673777259 148
1673777259 110
1673777259 188
1673777259 189
1673777260 131
1673777260 165
1673777260 114
1673777260 134
1673777261 113
1673777261 187
1673777261 101
1673777261 171
1673777262 130
1673777262 115
1673777262 170
1673777262 143
1673777262 159
1673777264 192
1673777264 170
1673777265 164
1673777265 138
1673777266 135
1673777266 135
1673777266 134
1673777266 183
1673777266 173
1673777266 135
1673777266 194
1673777268 145
1673777268 195
1673777268 175
1673777268 176
1673777269 135
1673777269 101
1673777270 134
1673777270 187
1673777271 186
1673777271 106
1673777271 152
1673777272 161
1673777272 160
1673777272 116
1673777273 161
1673777273 101
1673777273 195
1673777273 102
1673777273 173
1673777274 101
1673777275 148
1673777275 136
1673777275 158
1673777275 165
1673777275 185
1673777276 124
1673777276 161
1673777277 160
1673777277 189
1673777278 107
1673777278 118
1673777278 103
1673777278 146
1673777279 191
1673777279 131
1673777280 143
1673777280 118
1673777280 162
1673777281 165
1673777282 137
1673777282 194
1673777282 132
1673777283 160
1673777283 133
1673777283 173
1673777284 114
1673777284 150
1673777284 190
1673777284 175
1673777284 136
1673777285 156
1673777285 138
1673777286 186
1673777286 102
1673777287 183
1673777287 126
1673777287 103
1673777287 148
1673777287 104
1673777288 192
1673777288 108
1673777289 198
1673777289 139
1673777289 187
1673777289 199
1673777290 144
1673777290 132
1673777291 104
1673777291 107
1673777292 124
1673777293 141
1673777293 115
1673777293 186
1673777294 151
1673777294 187
1673777294 193
1673777294 108
1673777295 114
1673777296 118
1673777296 186
1673777296 154
1673777297 180
1673777297 179
1673777297 149
1673777297 134
1673777297 114
1673777297 131
1673777298 162
1673777298 103
1673777298 187
1673777298 104
1673777299 114
1673777299 131
1673777300 131
1673777300 123
1673777300 117
1673777300 198
1673777300 130
1673777301 197
1673777301 200
1673777301 135
1673777301 133
1673777302 154
1673777302 163
1673777302 186
1673777302 163
1673777303 194
1673777303 141
1673777304 130
1673777304 119
1673777305 129
1673777306 103
1673777306 167
1673777306 196
1673777306 167
1673777307 107
1673777307 124
1673777307 161
1673777308 159
1673777308 133
1673777308 167
1673777309 182
1673777309 184
1673777310 183
1673777310 115
1673777311 162
1673777311 148
1673777311 185
1673777312 175
1673777312 171
1673777313 132
1673777314 125
1673777314 146
1673777314 177
1673777315 197
1673777315 195
1673777315 150
1673777315 171
1673777316 187
1673777316 135
1673777316 105
1673777316 148
1673777317 164
1673777317 162
1673777318 174
1673777318 176
1673777318 152
1673777318 133
1673777319 106
1673777319 154
1673777319 166
1673777319 168
1673777319 145
1673777319 186
1673777320 172
1673777320 162
1673777320 103
1673777321 103
1673777321 145
1673777321 111
1673777321 135
1673777321 137
1673777321 147
1673777322 191
1673777322 198
1673777322 142
1673777322 134
1673777322 151
1673777323 163
1673777323 145
1673777323 131
1673777324 174
1673777324 158
1673777324 176
1673777324 192
1673777324 171
1673777324 110
1673777325 148
1673777325 164
1673777326 108
1673777326 141
1673777326 180
1673777326 133
1673777327 199
1673777327 118
1673777327 184
1673777327 111
1673777328 149
1673777328 114
1673777328 184
1673777329 148
1673777329 110
1673777330 154
1673777331 169
1673777332 130
1673777332 181
1673777332 176
1673777332 126
1673777332 108
1673777332 124
1673777333 200
1673777334 154
1673777334 170
1673777334 130
1673777335 117
1673777335 197
1673777335 157
1673777335 191
1673777337 148
1673777337 155
1673777338 169
1673777338 163
1673777338 126
1673777338 105
1673777338 155
1673777338 136
1673777339 112
1673777339 116
1673777339 124
1673777340 112
1673777340 151
1673777341 173
1673777341 173
1673777341 195
1673777342 121
1673777342 178
1673777343 101
1673777343 123
1673777343 108
1673777343 178
1673777344 140
1673777345 195
1673777346 198
1673777346 122
1673777346 101
1673777347 127
1673777347 191
1673777361 110
1673777361 131
1673777362 126
1673777362 193
1673777362 151
1673777363 148
1673777363 185
1673777364 151
1673777365 168
1673777365 135
1673777365 139
1673777366 162
1673777366 148
1673777367 152
1673777367 192
1673777367 175
1673777368 182
1673777368 167
1673777368 185
1673777368 137
1673777369 117
1673777369 138
1673777369 122
1673777369 159
1673777371 103
1673777371 168
1673777371 125
1673777372 138
1673777372 101
1673777372 149
1673777373 174
1673777373 114
1673777373 165
1673777373 144
1673777374 128
1673777374 145
1673777375 106
1673777375 161
1673777375 134
1673777376 118
1673777376 117
1673777376 129
1673777377 165
1673777378 127
1673777378 179
1673777378 165
1673777378 163
1673777378 171
1673777378 152
1673777379 124
1673777379 131
1673777379 153
1673777380 174
1673777380 193
1673777381 158
1673777381 173
1673777382 108
1673777382 197
1673777382 116
1673777383 120
1673777383 193
1673777383 173
1673777384 171
1673777384 188
1673777384 111
1673777385 105
1673777385 187
1673777385 177
1673777386 168
1673777386 110
1673777386 163
1673777386 182
1673777386 192
1673777387 138
1673777387 179
1673777387 150
1673777388 189
1673777389 133
1673777389 119
1673777389 179
1673777389 115
1673777390 198
1673777392 147
1673777392 127
1673777392 146
1673777392 105
1673777393 197
1673777393 194
1673777394 185
1673777394 172
1673777396 108
1673777396 119
1673777397 155
1673777397 108
1673777397 108
1673777397 160
1673777397 140
1673777398 139
1673777398 117
1673777398 132
1673777398 114
1673777399 178
1673777399 188
1673777400 180
1673777400 135
1673777400 191
1673777401 199
1673777401 156
1673777401 130
1673777401 194
1673777401 177
1673777402 104
1673777402 159
1673777402 186
1673777402 112
1673777403 137
1673777403 155
1673777403 138
1673777403 173
1673777403 200
1673777404 198
1673777404 161
1673777405 119
1673777405 107
1673777405 126
1673777406 160
1673777407 101
1673777407 112
1673777407 175
1673777408 157
1673777408 158
1673777409 192
1673777409 110
1673777409 146
1673777410 148
1673777411 163
1673777411 127
1673777411 119
1673777412 179
1673777412 183
1673777412 195
1673777413 187
1673777413 185
1673777414 187
1673777415 183
1673777415 140
1673777415 107
1673777415 174
1673777416 162
1673777416 187
1673777416 131
1673777416 164
1673777417 159
1673777417 148
1673777418 161
1673777418 142
1673777418 170
1673777418 174
1673777418 122
1673777418 103
1673777418 170
1673777420 194
1673777421 154
1673777422 141
1673777422 150
1673777422 133
1673777423 159
1673777423 122
1673777424 116
1673777424 176
1673777425 124
1673777425 105
1673777426 182
1673777426 130
1673777426 112
1673777426 177
1673777427 140
1673777428 119
1673777429 193
1673777429 121
1673777429 193
1673777429 137
1673777429 121
1673777430 191
1673777430 186
1673777430 125
1673777430 163
1673777431 152
1673777431 185
1673777431 114
1673777431 159
1673777431 120
1673777431 183
1673777432 109
1673777432 117
1673777432 199
1673777433 102
1673777434 127
1673777434 154
1673777434 118
1673777435 142
1673777435 174
1673777435 151
1673777436 116
1673777436 145
1673777436 112
1673777436 108
1673777436 157
1673777437 186
1673777437 146
1673777437 119
1673777437 145
1673777438 155
1673777440 142
1673777440 148
1673777441 172
1673777441 162
1673777442 117
1673777442 149
1673777442 193
1673777443 141
1673777443 112
1673777443 128
1673777443 142
1673777444 193
1673777445 176
1673777445 189
1673777446 177
1673777446 146
1673777446 107
1673777446 123
1673777446 160
1673777446 150
1673777447 170
1673777447 185
1673777448 113
1673777448 168
1673777448 115
1673777449 159
1673777449 183
1673777449 128
1673777450 196
1673777450 153
1673777451 172
1673777451 102
1673777451 194
1673777451 110
1673777452 160
1673777452 122
1673777452 134
1673777452 186
1673777453 181
1673777453 148
1673777453 137
1673777453 155
1673777453 185
1673777453 111
1673777454 200
1673777454 190
1673777454 112
1673777454 111
1673777455 165
1673777456 101
1673777457 132
1673777457 162
1673777457 167
1673777457 109
1673777457 166
1673777458 138
1673777458 105
1673777459 198
1673777459 116
1673777459 200
1673777459 120
1673777460 143
1673777460 110
1673777460 197
1673777461 172
1673777461 185
1673777461 155
1673777462 147
1673777463 128
1673777463 169
1673777463 111
1673777464 163
1673777465 191
1673777465 122
1673777466 175
1673777466 126
1673777466 127
1673777467 166
1673777467 133
1673777467 127
1673777468 127
1673777468 141
1673777468 175
1673777469 108
1673777469 153
1673777469 122
1673777469 140
1673777469 138
1673777470 162
1673777470 193
1673777470 133
1673777471 153
1673777471 110
1673777471 163
1673777471 143
1673777472 171
1673777472 139
1673777473 123
1673777473 165
1673777474 164
1673777475 130
1673777475 192
1673777475 130
1673777476 163
1673777477 131
1673777477 145
1673777477 171
1673777477 144
1673777477 121
1673777478 114
1673777478 127
1673777478 122
1673777478 137
1673777479 137
1673777479 164
1673777479 110
1673777479 170
1673777479 173
1673777479 166
1673777479 183
1673777480 136
1673777480 125
1673777480 102
1673777480 183
1673777481 165
1673777481 182
1673777481 186
1673777482 199
1673777482 187
1673777482 178
1673777483 110
1673777483 119
1673777484 174
1673777484 114
1673777484 191
1673777484 177
1673777485 112
1673777486 155
1673777487 131
1673777487 156
1673777487 170
1673777488 112
1673777488 126
1673777488 129
1673777488 102
1673777488 194
1673777488 130
1673777488 176
1673777489 188
1673777489 104
1673777490 117
1673777490 131
1673777490 185
1673777490 147
1673777491 132
1673777491 193
1673777492 113
1673777492 175
1673777492 143
1673777493 175
1673777493 109
1673777494 155
1673777494 162
1673777494 136
1673777494 185
1673777494 173
1673777494 169
1673777496 121
1673777498 170
1673777498 197
1673777499 112
1673777499 158
1673777499 128
1673777499 132
1673777499 167
1673777500 134
1673777500 107
1673777500 154
1673777501 135
1673777501 153
1673777501 155
1673777502 162
1673777503 176
1673777503 173
1673777504 121
1673777504 126
1673777505 173
1673777505 148
1673777505 117
1673777505 141
1673777505 167
1673777505 109
1673777505 182
1673777506 131
1673777506 138
1673777506 188
1673777506 135
1673777507 123
1673777507 149
1673777507 188
1673777507 179
1673777508 174
1673777508 116
1673777508 185
1673777508 192
1673777508 132
1673777509 169
1673777509 122
1673777509 172
1673777510 142
1673777511 140
1673777512 162
1673777513 152
1673777513 181
1673777513 121
1673777513 125
1673777513 181
1673777513 162
1673777514 141
1673777514 116
1673777514 168
1673777515 181
1673777515 118
1673777515 149
1673777516 113
1673777516 158
1673777516 161
1673777516 111
1673777516 103
1673777517 151
1673777517 128
1673777518 105
1673777518 117
1673777518 118
1673777518 197
1673777518 121
1673777519 159
1673777519 150
1673777519 172
1673777520 174
1673777520 172
1673777520 143
1673777520 139
1673777520 114
1673777520 139
1673777521 189
1673777521 112
1673777521 101
1673777522 109
1673777522 135
1673777522 183
1673777523 170
1673777523 128
1673777524 145
1673777524 109
1673777525 160
1673777525 123
1673777526 165
1673777526 121
1673777527 192
1673777527 192
1673777527 124
1673777528 150
1673777528 197
1673777529 105
1673777529 135
1673777529 137
1673777529 148
1673777530 105
1673777530 115
1673777531 153
1673777532 151
1673777532 125
1673777532 147
1673777533 185
1673777533 124
1673777533 135
1673777533 122
1673777533 110
1673777534 165
1673777534 157
1673777535 194
1673777535 174
1673777536 167
1673777537 123
1673777537 111
1673777537 123
1673777537 182
1673777537 192
1673777537 193
1673777538 177
1673777538 193
1673777538 122
1673777539 121
1673777539 174
1673777539 142
1673777540 156
1673777540 117
1673777540 101
1673777540 145
1673777541 198
1673777542 177
1673777542 133
1673777543 192
1673777543 127
1673777544 149
1673777544 167
1673777544 112
1673777544 168
1673777544 181
1673777545 101
1673777545 108
1673777545 166
1673777545 187
1673777545 187
1673777546 194
1673777546 177
1673777547 103
1673777547 129
1673777548 148
1673777548 121
1673777548 179
1673777548 136
1673777548 188
1673777549 101
1673777549 146
1673777550 155
1673777551 159
1673777551 102
1673777551 189
1673777552 118
1673777552 140
1673777552 172
1673777552 123
1673777552 136
1673777553 180
1673777553 127
1673777553 122
1673777553 132
1673777553 130
1673777553 170
1673777554 197
1673777554 138
1673777555 173
1673777555 164
1673777555 135
1673777555 115
1673777555 141
1673777556 157
1673777556 106
1673777557 167
1673777557 163
1673777557 106
1673777557 164
1673777557 161
1673777557 167
1673777558 178
1673777558 198
1673777558 129
1673777558 164
1673777559 181
1673777559 200
1673777560 165
1673777560 124
1673777560 197
1673777560 104
1673777560 147
1673777561 122
1673777561 128
1673777561 129
1673777562 150
1673777562 169
1673777563 137
1673777563 198
1673777563 159
1673777563 157
1673777564 156
1673777565 157
1673777565 124
1673777566 137
1673777566 154
1673777567 200
1673777567 154
1673777567 114
1673777567 136
1673777568 107
1673777568 167
1673777569 151
1673777569 161
1673777569 127
1673777570 200
1673777570 140
1673777570 150
1673777570 179
1673777571 130
1673777572 129
1673777572 150
1673777572 189
1673777574 109
1673777574 139
1673777574 172
1673777574 128
1673777575 178
1673777575 142
1673777575 139
1673777575 108
1673777575 179
1673777576 172
1673777576 109
1673777577 103
1673777577 192
1673777577 145
1673777578 114
1673777578 193
1673777579 154
1673777579 127
1673777580 128
1673777581 145
1673777581 176
1673777581 132
1673777581 126
1673777582 177
1673777583 143
1673777583 148
1673777583 128
1673777583 102
1673777583 102
1673777583 141
1673777584 161
1673777587 117
1673777588 115
1673777588 160
1673777588 160
1673777588 102
1673777588 121
1673777588 112
1673777588 171
1673777589 121
1673777589 149
1673777590 193
1673777590 169
1673777590 141
1673777590 175
1673777591 191
1673777591 115
1673777591 130
1673777591 155
1673777591 186
1673777591 185
1673777592 113
1673777592 116
1673777593 200
1673777593 180
1673777593 108
1673777594 141
1673777594 191
1673777594 199
1673777595 176
1673777595 118
1673777595 173
1673777595 112
1673777596 135
1673777597 173
1673777597 164
1673777597 166
1673777597 142
1673777597 152
1673777598 169
1673777598 171
1673777598 169
1673777598 120
1673777599 128
1673777599 173
1673777600 142
1673777600 163
1673777600 198
1673777600 117
1673777602 127
1673777602 104
1673777602 173
1673777603 154
1673777603 138
1673777603 122
1673777603 182
1673777604 194
1673777604 123
1673777604 149
1673777604 141
1673777604 165
1673777605 111
1673777605 139
1673777605 123
1673777606 147
1673777606 192
1673777606 109
1673777607 119
1673777608 185
1673777608 116
1673777608 181
1673777609 116
1673777609 126
1673777609 126
1673777609 125
1673777610 193
1673777610 123
1673777610 196
1673777611 153
1673777611 150
1673777611 192
1673777612 179
1673777612 188
1673777612 114
1673777612 144
1673777613 111
1673777614 200
1673777614 123
1673777615 111
1673777615 121
1673777615 107
1673777616 170
1673777616 140
1673777616 199
1673777616 181
1673777616 162
1673777617 179
1673777618 120
1673777619 181
1673777620 192
1673777620 186
1673777621 147
1673777621 125
1673777621 129
1673777621 136
1673777622 153
1673777622 142
1673777623 123
1673777623 180
1673777623 111
1673777625 107
1673777625 197
1673777625 192
1673777625 142
1673777626 111
1673777627 159
1673777627 197
1673777627 169
1673777627 172
1673777628 144
1673777628 183
1673777629 141
1673777629 135
1673777629 193
1673777629 107
1673777630 130
1673777631 178
1673777631 139
1673777632 116
1673777632 136
1673777633 121
1673777633 138
1673777633 123
1673777633 192
1673777634 102
1673777634 104
1673777634 198
1673777634 177
1673777635 156
1673777636 167
1673777636 123
1673777637 149
1673777637 180
1673777638 124
1673777638 162
1673777638 176
1673777638 152
1673777638 168
1673777639 137
1673777639 147
1673777640 191
1673777640 155
1673777640 196
1673777641 181
1673777641 157
1673777641 120
1673777641 148
1673777642 109
1673777642 185
1673777642 134
1673777642 146
1673777642 167
1673777643 199
1673777643 147
1673777644 124
1673777644 155
1673777644 111
1673777645 124
1673777645 124
1673777646 193
1673777646 181
1673777647 133
1673777651 110
1673777652 141
1673777652 137
1673777654 108
1673777655 111
1673777655 148
1673777655 165
1673777657 114
1673777657 128
1673777658 167
1673777658 166
1673777660 196
1673777661 191
1673777663 112
1673777664 170
1673777664 136
1673777664 144
1673777665 140
1673777665 163
1673777666 199
1673777666 178
1673777667 152
1673777669 172
1673777670 162
1673777670 131
1673777671 194
1673777671 109
1673777672 119
1673777672 141
1673777672 136
1673777673 198
1673777673 177
1673777674 151
1673777675 163
1673777675 144
1673777675 103
1673777676 159
1673777677 127
1673777677 101
1673777677 168
1673777677 183
1673777678 148
1673777679 183
1673777681 130
1673777681 120
1673777681 144
1673777682 138
1673777682 117
1673777682 171
1673777682 136
1673777682 180
1673777682 154
1673777682 167
1673777683 117
1673777684 144
1673777684 118
1673777684 162
1673777684 149
1673777686 143
1673777687 131
1673777688 131
1673777688 114
1673777688 148
1673777688 109
1673777688 187
1673777689 188
1673777689 153
1673777689 145
1673777690 146
1673777691 111
1673777691 165
1673777691 147
1673777691 133
1673777692 142
1673777693 112
1673777694 105
1673777694 161
1673777694 151
1673777694 157
1673777695 107
1673777695 125
1673777695 138
1673777695 196
1673777695 116
1673777697 185
1673777697 104
1673777697 107
1673777697 105
1673777698 151
1673777698 181
1673777698 140
1673777698 121
1673777699 105
1673777699 190
1673777699 113
1673777699 146
1673777700 149
1673777702 146
1673777702 155
1673777702 195
1673777702 158
1673777703 151
1673777703 153
1673777704 163
1673777704 182
1673777704 125
1673777706 145
1673777707 197
1673777707 136
1673777707 116
1673777708 113
1673777709 144
1673777717 146
1673777718 105
1673777718 192
1673777719 191
1673777720 141
1673777721 181
1673777721 190
1673777722 189
1673777722 164
1673777723 193
1673777723 117
1673777723 190
1673777724 169
1673777724 103
1673777724 122
1673777725 152
1673777725 160
1673777726 160
1673777727 136
1673777727 192
1673777727 110
1673777727 114
1673777728 146
1673777728 139
1673777729 117
1673777729 124
1673777729 175
1673777730 148
1673777730 178
1673777731 113
1673777731 112
1673777731 192
1673777732 129
1673777732 141
1673777733 153
1673777733 195
1673777733 109
1673777734 173
1673777735 157
1673777735 162
1673777735 163
1673777736 141
1673777736 104
1673777736 153
1673777736 118
1673777737 107
1673777737 151
1673777737 122
1673777738 106
1673777738 181
1673777738 126
1673777738 195
1673777738 155
1673777739 133
1673777739 147
1673777740 131
1673777740 147
1673777740 195
1673777740 139
1673777741 190
1673777741 102
1673777741 133
1673777741 161
1673777742 104
1673777742 198
1673777743 154
1673777743 144
1673777743 127
1673777744 111
1673777744 176
1673777744 117
1673777744 136
1673777744 180
1673777744 144
1673777745 111
1673777745 120
1673777745 193
1673777745 137
1673777746 140
1673777746 105
1673777746 117
1673777746 117
1673777746 190
1673777747 172
1673777748 165
1673777748 195
1673777748 145
1673777748 115
1673777748 180
1673777748 134
1673777749 179
1673777749 122
1673777749 102
1673777749 113
1673777750 113
1673777750 193
1673777750 106
1673777750 160
1673777750 193
1673777751 142
1673777752 196
1673777752 104
1673777752 128
1673777752 115
1673777753 149
1673777753 183
1673777755 101
1673777755 181
1673777756 142
1673777756 147
1673777756 163
1673777757 117
1673777758 175
1673777758 133
1673777758 151
1673777758 150
1673777758 139
1673777758 176
1673777759 158
1673777759 165
1673777760 119
1673777761 156
1673777761 190
1673777762 189
1673777763 108
1673777763 110
1673777763 101
1673777773 153
1673777774 162
1673777775 135
1673777775 174
1673777775 174
1673777776 179
1673777776 109
1673777778 187
1673777781 194
1673777781 195
1673777781 174
1673777782 184
1673777782 199
1673777784 112
1673777786 131
1673777786 164
1673777787 107
1673777788 126
1673777788 143
1673777795 101
1673777798 141
1673777798 153
1673777800 179
1673777805 160
1673777807 154
1673777807 133
1673777808 178
1673777810 191
1673777810 110
1673777810 137
1673777810 184
1673777812 107
1673777813 127
1673777814 116
1673777815 200
1673777816 132
1673777817 178
1673777817 171
1673777817 169
1673777818 149
1673777820 178
1673777820 166
1673777820 140
1673777823 149
1673777827 152
1673777832 200
1673777833 172
1673777833 163
1673777835 129
1673777838 168
1673777840 107
1673777846 108
1673777846 102
1673777847 198
1673777849 149
1673777850 106
1673777850 110
1673777850 145
1673777851 109
1673777853 188
1673777853 197
1673777854 138
1673777855 134
1673777857 141
1673777857 111
1673777859 199
1673777861 168
1673777861 200
1673777867 135
1673777868 147
1673777868 104
1673777868 118
1673777869 162
1673777872 130
1673777873 186
1673777873 185
1673777873 107
1673777873 138
1673777873 135
1673777873 117
1673777873 107
1673777875 164
1673777875 163
1673777880 180
1673777883 141
1673777886 191
1673777892 114
1673777892 128
1673777902 168
1673777904 190
1673777909 125
1673777909 151
1673777909 161
1673777909 110
1673777910 120
1673777910 166
1673777910 170
1673777910 147
1673777910 144
1673777910 122
1673777911 189
1673777913 160
1673777914 195
1673777914 142
1673777914 136
1673777914 155
1673777915 142
1673777916 173
1673777916 104
1673777917 186
1673777917 125
1673777920 119
1673777924 132
1673777924 127
1673777924 142
1673777925 119
1673777927 148
1673777927 132
1673777927 134
1673777927 189
1673777928 174
1673777928 167
1673777928 162
1673777930 113
1673777930 109
1673777933 130
1673777935 136
1673777935 156
1673777935 161
1673777938 197
1673777938 150
1673777938 110
1673777938 183
1673777940 135
1673777940 117
1673777940 178
1673777940 160
1673777941 118
1673777943 194
1673777943 178
1673777944 135
1673777944 165
1673777944 170
1673777944 184
1673777944 187
1673777944 110
1673777945 109
1673777946 116
1673777946 135
1673777947 152
1673777947 185
1673777947 187
1673777947 128
1673777947 178
1673777950 152
1673777953 118
1673777954 105
1673777954 155
1673777958 134
1673777959 104
1673777959 161
1673777959 190
1673777961 152
1673777961 149
1673777963 113
1673777963 101
1673777964 101
1673777964 182
1673777964 142
1673777964 160
1673777965 175
1673777968 146
1673777971 172
1673777971 101
1673777971 168
1673777971 167
1673777972 163
1673777973 142
1673777973 174
1673777973 178
1673777973 181
1673777973 132
1673777974 136
1673777978 169
1673777978 130
1673777981 104
1673777981 111
1673777981 158
1673777984 189
1673777985 134
1673777985 117
1673777988 150
1673777988 161
1673777988 128
1673777996 149
1673777998 115
1673777998 123
1673777998 126
1673778001 116
1673778002 113
1673778004 154
1673778004 146
1673778010 149
1673778010 116
1673778012 151
1673778012 181
1673778013 139
1673778013 193
1673778013 179
1673778016 178
1673778016 177
1673778016 140
1673778016 185
1673778017 166
1673778017 187
1673778018 133
1673778018 151
1673778019 101
1673778019 122
1673778019 192
1673778019 106
1673778024 155
1673778024 151
1673778026 147
1673778026 198
1673778027 199
1673778030 103
1673778030 180
1673778030 156
1673778040 167
1673778048 171
1673778048 194
1673778049 158
1673778049 127
1673778057 198
1673778063 185
1673778063 171
1673778064 114
1673778065 120
1673778065 116
1673778067 123
1673778068 108
1673778069 184
1673778071 159
1673778071 182
1673778083 108
1673778084 131
1673778084 188
1673778086 162
1673778086 199
1673778087 178
1673778094 182
1673778094 167
1673778095 182
1673778095 106
1673778095 174
1673778100 119
1673778100 175
1673778102 140
1673778102 157
1673778105 186
1673778107 156
1673778107 153
1673778109 166
1673778109 200
1673778119 147
1673778120 141
1673778128 174
1673778129 112
1673778129 141
1673778129 200
1673778130 166
1673778130 160
1673778131 113
1673778131 134
1673778133 124
1673778133 135
1673778133 172
1673778133 182
1673778138 176
1673778138 184
1673778138 158
1673778139 101
1673778139 160
1673778139 157
1673778140 153
1673778140 194
1673778140 180
1673778141 182
1673778143 164
1673778147 156
1673778155 159
1673778157 146
1673778157 148
1673778157 144
1673778159 167
1673778160 125
1673778161 135
1673778165 132
1673778165 170
1673778165 176
1673778167 165
1673778167 123
1673778167 188
1673778169 112
1673778170 195
1673778171 157
1673778171 175
1673778176 105
1673778180 160
1673778181 178
1673778188 113
1673778188 107
1673778188 138
1673778190 120
1673778193 124
1673778194 103
1673778194 124
1673778194 122
1673778195 154
1673778196 149
1673778196 179
1673778196 157
1673778197 133
1673778197 136
1673778198 130
1673778199 124
1673778199 113
1673778199 131
1673778199 149
1673778200 123
1673778201 195
1673778201 107
1673778203 145
1673778204 105
1673778204 197
1673778205 189
1673778206 148
1673778206 132
1673778206 122
1673778207 189
1673778207 145
1673778207 181
1673778208 112
1673778208 166
1673778208 117
1673778208 170
1673778208 123
1673778209 148
1673778211 159
1673778213 134
1673778214 158
1673778214 185
1673778214 180
1673778215 144
1673778216 130
1673778216 199
1673778217 163
1673778217 111
1673778217 160
1673778217 199
1673778217 153
1673778217 162
1673778218 149
1673778218 124
1673778218 126
1673778221 108
1673778222 101
1673778222 197
1673778222 122
1673778222 179
1673778222 158
1673778223 176
1673778224 112
1673778224 189
1673778224 102
1673778225 147
1673778225 144
1673778225 125
1673778225 150
1673778226 166
1673778226 139
1673778227 111
1673778227 156
1673778228 125
1673778228 156
1673778229 105
1673778229 158
1673778229 153
1673778229 122
1673778233 180
1673778233 196
1673778233 170
1673778234 141
1673778234 145
1673778235 139
1673778235 184
1673778235 179
1673778236 179
1673778236 105
1673778236 116
1673778237 142
1673778237 148
1673778237 143
1673778238 185
1673778238 128
1673778238 193
1673778239 115
1673778240 119
1673778240 197
1673778242 132
1673778242 162
1673778243 139
1673778243 163
1673778243 130
1673778244 103
1673778244 180
1673778244 112
1673778244 196
1673778244 109
1673778245 168
1673778245 122
1673778245 173
1673778245 162
1673778245 149
1673778245 173
1673778245 168
1673778246 189
1673778246 187
1673778246 120
1673778247 139
1673778247 186
1673778247 149
1673778248 140
1673778249 121
1673778249 131
1673778250 113
1673778250 104
1673778250 139
1673778251 141
1673778252 126
1673778252 179
1673778252 189
1673778252 184
1673778252 101
1673778253 169
1673778253 196
1673778253 141
1673778253 158
1673778253 194
1673778254 144
1673778254 193
1673778254 126
1673778255 144
1673778255 149
1673778256 139
1673778256 118
1673778256 158
1673778256 198
1673778257 108
1673778258 118
1673778258 157
1673778259 140
1673778259 138
1673778259 168
1673778260 184
1673778260 113
1673778260 139
1673778261 120
1673778261 193
1673778261 139
1673778262 131
1673778262 160
1673778262 200
1673778263 116
1673778263 162
1673778263 184
1673778263 144
1673778263 199
1673778263 171
1673778263 124
1673778263 160
1673778264 108
1673778265 138
1673778265 138
1673778265 116
1673778265 177
1673778265 179
1673778266 198
1673778266 169
1673778266 159
1673778266 169
1673778267 172
1673778267 104
1673778267 184
1673778267 112
1673778267 113
1673778268 177
1673778268 151
1673778268 162
1673778268 151
1673778268 168
1673778268 133
1673778269 200
1673778269 152
1673778269 123
1673778269 133
1673778270 196
1673778270 120
1673778270 172
1673778271 184
1673778271 185
1673778271 118
1673778271 154
1673778272 168
1673778272 108
1673778273 170
1673778273 124
1673778273 143
1673778273 159
1673778274 200
1673778274 103
1673778274 180
1673778275 182
1673778275 150
1673778276 114
1673778276 115
1673778277 166
1673778277 160
1673778278 200
1673778278 177
1673778278 154
1673778279 134
1673778280 168
1673778280 112
1673778280 117
1673778281 177
1673778281 154
1673778281 135
1673778281 139
1673778281 182
1673778281 169
1673778281 138
1673778282 130
1673778283 164
1673778284 120
1673778284 160
1673778284 191
1673778284 130
1673778284 180
1673778284 185
1673778284 138
1673778285 165
1673778285 122
1673778286 102
1673778286 179
1673778286 189
1673778286 109
1673778286 164
1673778286 192
1673778287 173
1673778287 101
1673778287 102
1673778287 191
1673778288 162
1673778288 133
1673778288 142
1673778288 141
1673778289 166
1673778289 149
1673778289 185
1673778289 158
1673778289 150
1673778289 148
1673778290 171
1673778290 116
1673778290 154
1673778290 136
1673778290 197
1673778291 103
1673778292 195
1673778292 112
1673778292 191
1673778292 156
1673778293 180
1673778293 137
1673778293 105
1673778293 139
1673778293 113
1673778293 146
1673778294 119
1673778295 194
1673778295 127
1673778295 189
1673778295 183
1673778296 166
1673778297 158
1673778297 163
1673778297 180
1673778297 130
1673778297 169
1673778298 120
1673778298 172
1673778298 181
1673778299 192
1673778299 174
1673778299 144
1673778299 138
1673778300 126
1673778301 159
1673778301 135
1673778301 186
1673778301 111
1673778301 188
1673778301 135
1673778301 173
1673778302 122
1673778303 176
1673778304 193
1673778304 160
1673778304 189
1673778304 195
1673778305 194
1673778305 182
1673778305 147
1673778305 149
1673778306 184
1673778306 174
1673778307 186
1673778307 125
1673778307 144
1673778307 102
1673778307 102
1673778307 139
1673778307 172
1673778308 179
1673778308 133
1673778309 186
1673778309 170
1673778310 170
1673778310 143
1673778310 178
1673778311 196
1673778311 134
1673778311 160
1673778311 189
1673778312 134
1673778312 196
1673778313 197
1673778313 185
1673778313 199
1673778313 114
1673778314 173
1673778314 121
1673778314 179
1673778314 158
1673778315 146
1673778315 152
1673778315 192
1673778315 104
1673778315 149
1673778316 126
1673778316 109
1673778316 191
1673778319 164
1673778319 200
1673778319 177
1673778320 144
1673778321 121
1673778321 173
1673778322 135
1673778322 101
1673778323 170
1673778324 173
1673778324 109
1673778324 179
1673778324 198
1673778325 157
1673778325 196
1673778326 164
1673778326 179
1673778326 119
1673778326 150
1673778326 145
1673778326 167
1673778326 109
1673778327 102
1673778327 105
1673778327 101
1673778328 162
1673778329 163
1673778329 121
1673778329 127
1673778329 109
1673778329 119
1673778329 179
1673778329 136
1673778330 129
1673778330 193
1673778331 177
1673778331 122
1673778331 157
1673778331 176
1673778331 122
1673778332 190
1673778333 175
1673778333 135
1673778333 150
1673778334 172
1673778334 197
1673778334 141
1673778335 151
1673778335 185
1673778335 101
1673778335 187
1673778335 143
1673778336 154
1673778336 116
1673778336 115
1673778337 185
1673778337 190
1673778337 174
1673778337 142
1673778338 107
1673778338 118
1673778338 128
1673778338 188
1673778338 127
1673778339 107
1673778339 183
1673778339 187
1673778340 200
1673778341 177
1673778341 190
1673778341 132
1673778343 149
1673778343 130
1673778343 112
1673778344 170
1673778344 133
1673778345 130
1673778345 195
1673778345 169
1673778345 130
1673778346 101
1673778346 150
1673778346 155
1673778347 107
1673778347 179
1673778348 158
1673778348 198
1673778349 152
1673778349 102
1673778349 164
1673778349 186
1673778349 162
1673778350 186
1673778350 111
1673778350 118
1673778351 148
1673778351 177
1673778351 153
1673778352 110
1673778352 110
1673778352 192
1673778352 151
1673778352 197
1673778353 125
1673778354 188
1673778354 123
1673778354 149
1673778355 147
1673778355 193
1673778355 155
1673778356 144
1673778356 131
1673778357 107
1673778357 139
1673778357 195
1673778358 192
1673778358 119
1673778359 149
1673778359 164
1673778360 122
1673778360 160
1673778360 167
1673778360 187
1673778360 194
1673778360 143
1673778360 189
1673778360 186
1673778361 182
1673778361 104
1673778361 113
1673778362 124
1673778362 197
1673778362 191
1673778362 120
1673778362 185
1673778362 152
1673778363 188
1673778363 165
1673778363 162
1673778363 186
1673778364 107
1673778364 137
1673778365 172
1673778365 130
1673778365 174
1673778366 177
1673778366 135
1673778366 144
1673778366 163
1673778367 117
1673778368 170
1673778368 120
1673778369 152
1673778369 196
1673778369 122
1673778369 115
1673778369 173
1673778370 141
1673778370 130
1673778370 179
1673778370 192
1673778371 110
1673778371 147
1673778371 101
1673778372 119
1673778372 145
1673778372 199
1673778372 149
1673778373 103
1673778373 183
1673778373 112
1673778374 193
1673778374 182
1673778374 123
1673778374 148
1673778375 131
1673778375 177
1673778375 124
1673778376 179
1673778376 113
1673778376 192
1673778377 141
1673778377 139
1673778377 172
1673778377 126
1673778378 163
1673778378 160
1673778378 103
1673778378 131
1673778378 128
1673778378 130
1673778379 151
1673778379 180
1673778379 121
1673778379 118
1673778379 169
1673778380 183
1673778380 161
1673778380 131
1673778380 143
1673778380 160
1673778381 147
1673778381 150
1673778381 129
1673778381 143
1673778381 154
1673778382 121
1673778382 163
1673778383 106
1673778383 161
1673778384 166
1673778384 157
1673778385 133
1673778385 181
1673778385 200
1673778385 111
1673778385 148
1673778386 162
1673778386 149
1673778386 163
1673778386 191
1673778387 184
1673778387 184
1673778387 192
1673778388 158
1673778388 124
1673778388 148
1673778388 171
1673778388 110
1673778389 113
1673778389 181
1673778390 178
1673778390 153
1673778390 172
1673778390 154
1673778390 115
1673778391 138
1673778391 145
1673778391 141
1673778391 143
1673778391 184
1673778392 160
1673778392 150
1673778392 157
1673778392 126
1673778392 164
1673778393 126
1673778393 122
1673778395 198
1673778396 133
1673778397 194
1673778397 104
1673778398 113
1673778398 177
1673778398 112
1673778399 148
1673778399 147
1673778400 181
1673778400 154
1673778400 104
1673778401 144
1673778401 161
1673778401 189
1673778402 171
1673778402 157
1673778402 174
1673778402 116
1673778403 117
1673778403 197
1673778404 171
1673778404 111
1673778404 122
1673778404 134
1673778404 198
1673778404 166
1673778405 178
1673778405 118
1673778406 170
1673778406 138
1673778406 141
1673778407 144
1673778407 167
1673778408 183
1673778408 160
1673778409 182
1673778409 171
1673778409 175
1673778409 200
1673778410 170
1673778410 155
1673778410 145
1673778410 131
1673778411 141
1673778411 133
1673778411 134
1673778411 116
1673778412 176
1673778413 165
1673778413 178
1673778413 184
1673778414 186
1673778415 111
1673778415 128
1673778415 167
1673778415 109
1673778416 168
1673778416 115
1673778416 197
1673778416 155
1673778417 186
1673778417 186
1673778417 189
1673778417 184
1673778418 142
1673778418 124
1673778418 115
1673778419 105
1673778419 130
1673778419 165
1673778420 108
1673778420 144
1673778421 192
1673778421 137
1673778421 131
1673778422 139
1673778423 113
1673778423 178
1673778423 192
1673778423 171
1673778423 169
1673778424 149
1673778424 101
1673778424 115
1673778424 159
1673778424 165
1673778424 161
1673778424 186
1673778424 115
1673778425 158
1673778425 147
1673778425 197
1673778426 156
1673778426 139
1673778426 172
1673778426 101
1673778427 140
1673778427 160
1673778427 176
1673778428 197
1673778428 159
1673778429 150
1673778429 117
1673778429 162
1673778430 177
1673778430 109
1673778430 110
1673778431 154
1673778432 149
1673778432 112
1673778432 194
1673778433 115
1673778433 175
1673778433 122
1673778433 123
1673778434 170
1673778435 111
1673778435 159
1673778435 194
1673778436 200
1673778436 190
1673778436 163
1673778437 176
1673778437 114
1673778439 126
1673778439 162
1673778439 106
1673778439 114
1673778439 192
1673778440 169
1673778440 168
1673778440 186
1673778440 158
1673778441 169
1673778443 144
1673778443 109
1673778444 196
1673778445 196
1673778446 153
1673778446 109
1673778446 170
1673778446 171
1673778446 120
1673778446 126
1673778447 120
1673778447 153
1673778448 109
1673778448 159
1673778448 157
1673778448 186
1673778449 185
1673778450 141
1673778450 178
1673778450 143
1673778450 182
1673778451 135
1673778451 172
1673778451 127
1673778452 152
1673778452 175
1673778452 185
1673778452 114
1673778452 156
1673778452 151
1673778453 161
1673778453 150
1673778455 161
1673778456 154
1673778457 118
1673778457 125
1673778458 191
1673778458 149
1673778458 165
1673778459 102
1673778459 190
1673778459 123
1673778460 185
1673778460 162
1673778460 169
1673778460 187
1673778460 110
1673778461 161
1673778461 185
1673778461 124
1673778461 151
1673778462 190
1673778462 191
1673778462 107
1673778463 164
1673778464 125
1673778464 112
1673778465 179
1673778466 169
1673778466 119
1673778466 177
1673778467 179
1673778467 126
1673778468 113
1673778468 200
1673778469 190
1673778469 167
1673778469 134
1673778469 169
1673778469 159
1673778470 104
1673778470 182
1673778471 118
1673778472 177
1673778472 103
1673778472 150
1673778472 107
1673778473 126
1673778473 141
1673778473 167
1673778473 173
1673778474 116
1673778474 152
1673778474 188
1673778475 121
1673778475 167
1673778475 138
1673778476 174
1673778476 122
1673778476 184
1673778476 186
1673778476 166
1673778477 182
1673778477 194
1673778477 181
1673778477 189
1673778477 168
1673778478 102
1673778479 180
1673778480 171
1673778480 161
1673778480 141
1673778480 153
1673778480 137
1673778480 122
1673778480 145
1673778480 120
1673778480 105
1673778481 166
1673778482 130
1673778482 104
1673778483 111
1673778483 150
1673778483 131
1673778483 161
1673778484 188
1673778485 189
1673778486 200
1673778486 122
1673778487 146
1673778487 149
1673778487 153
1673778488 189
1673778488 199
1673778488 113
1673778488 177
1673778488 148
1673778488 106
1673778489 158
1673778489 103
1673778489 130
1673778491 146
1673778491 109
1673778491 159
1673778491 140
1673778491 184
1673778492 116
1673778493 111
1673778494 101
1673778494 163
1673778494 157
1673778495 156
1673778495 104
1673778495 178
1673778495 198
1673778496 115
1673778496 132
1673778496 177
1673778497 153
1673778497 152
1673778498 145
1673778499 159
1673778499 113
1673778499 113
1673778499 126
1673778500 158
1673778500 171
1673778500 165
1673778501 167
1673778501 138
1673778501 126
1673778501 160
1673778501 127
1673778501 114
1673778502 193
1673778502 142
1673778502 170
1673778503 147
1673778503 178
1673778503 132
1673778503 112
1673778503 170
1673778503 153
1673778504 151
1673778504 113
1673778505 149
1673778505 177
1673778505 181
1673778505 157
1673778505 158
1673778506 152
1673778507 171
1673778507 126
1673778508 179
1673778508 146
1673778509 123
1673778509 175
1673778510 131
1673778510 125
1673778510 193
1673778510 186
1673778510 176
1673778512 150
1673778512 167
1673778512 135
1673778513 122
1673778514 144
1673778514 179
1673778514 186
1673778514 121
1673778515 130
1673778515 164
1673778515 177
1673778515 132
1673778516 135
1673778516 189
1673778516 197
1673778517 189
1673778517 185
1673778517 120
1673778517 179
1673778518 169
1673778518 130
1673778519 140
1673778519 110
1673778519 146
1673778520 175
1673778520 114
1673778520 164
1673778520 109
1673778520 144
1673778520 185
1673778520 129
1673778521 196
1673778521 136
1673778521 103
1673778522 114
1673778522 116
1673778522 135
1673778523 107
1673778523 154
1673778523 199
1673778524 183
1673778525 106
1673778525 153
1673778525 177
1673778525 177
1673778526 181
1673778526 145
1673778526 101
1673778526 172
1673778526 169
1673778526 149
1673778526 146
1673778527 185
1673778527 120
1673778529 194
1673778529 144
1673778530 193
1673778530 135
1673778531 154
1673778532 104
1673778532 101
1673778532 133
1673778533 127
1673778533 189
1673778534 169
1673778534 137
1673778534 180
1673778535 103
1673778535 101
1673778535 185
1673778535 154
1673778536 197
1673778536 170
1673778537 150
1673778538 101
1673778538 171
1673778539 192
1673778539 105
1673778539 142
1673778539 147
1673778539 131
1673778540 172
1673778540 149
1673778541 128
1673778542 102
1673778543 168
1673778543 185
1673778544 185
1673778544 191
1673778545 173
1673778545 178
1673778546 108
1673778546 106
1673778546 195
1673778546 170
1673778547 139
1673778547 149
1673778548 186
1673778549 189
1673778549 129
1673778549 129
1673778550 191
1673778550 126
1673778551 190
1673778551 150
1673778551 175
1673778551 151
1673778552 109
1673778553 154
1673778553 181
1673778553 133
1673778554 102
1673778554 117
1673778554 118
1673778554 182
1673778555 142
1673778556 129
1673778557 198
1673778557 105
1673778557 165
1673778558 114
1673778558 124
1673778559 167
1673778559 172
1673778559 146
1673778559 148
1673778560 185
1673778560 117
1673778560 131
1673778561 132
1673778561 129
1673778562 112
1673778562 161
1673778562 199
1673778562 172
1673778562 112
1673778562 170
1673778563 120
1673778563 114
1673778563 167
1673778564 112
1673778564 103
1673778564 167
1673778564 148
1673778564 136
1673778565 195
1673778565 158
1673778565 121
1673778566 132
1673778566 195
1673778566 186
1673778566 119
1673778567 105
1673778568 197
1673778568 113
1673778569 167
1673778569 172
1673778569 128
1673778569 175
1673778570 141
1673778570 131
1673778571 169
1673778571 153
1673778572 176
1673778572 115
1673778572 122
1673778572 123
1673778573 103
1673778573 161
1673778573 157
1673778574 106
1673778574 134
1673778574 181
1673778574 165
1673778575 128
1673778575 148
1673778575 129
1673778575 182
1673778575 130
1673778576 157
1673778576 116
1673778576 132
1673778577 163
1673778578 118
1673778578 121
1673778578 168
1673778578 110
1673778579 101
1673778579 125
1673778579 183
1673778579 164
1673778579 135
1673778579 171
1673778580 171
1673778580 194
1673778580 188
1673778580 148
1673778581 101
1673778581 200
1673778581 187
1673778581 137
1673778582 135
1673778582 111
1673778582 163
1673778582 151
1673778582 127
1673778582 152
1673778582 143
1673778582 186
1673778583 187
1673778583 145
1673778583 117
1673778583 187
1673778583 143
1673778584 134
1673778584 179
1673778585 186
1673778585 160
1673778585 187
1673778585 154
1673778585 191
1673778585 152
1673778585 139
1673778586 111
1673778586 168
1673778586 160
1673778586 101
1673778587 161
1673778587 118
1673778587 156
1673778587 143
1673778587 112
1673778588 194
1673778588 141
1673778588 109
1673778588 183
1673778588 185
1673778589 189
1673778589 162
1673778590 120
1673778590 119
1673778590 137
1673778591 119
1673778591 116
1673778591 125
1673778591 192
1673778592 120
1673778592 200
1673778592 113
1673778592 186
1673778592 136
1673778593 160
1673778594 134
1673778594 195
1673778594 145
1673778595 128
1673778596 154
1673778596 186
1673778596 157
1673778596 196
1673778596 138
1673778597 114
1673778598 198
1673778598 200
1673778598 141
1673778599 131
1673778599 116
1673778599 139
1673778600 191
1673778600 139
1673778600 112
1673778600 187
1673778601 179
1673778602 115
1673778602 111
1673778602 168
1673778602 153
1673778603 162
1673778603 175
1673778604 178
1673778604 137
1673778604 113
1673778604 178
1673778605 103
1673778605 127
1673778607 189
1673778607 182
1673778607 168
1673778608 199
1673778608 107
1673778613 116
1673778613 130
1673778613 126
1673778613 107
1673778613 141
1673778615 147
1673778615 152
1673778616 148
1673778616 195
1673778616 120
1673778616 147
1673778616 176
1673778616 123
1673778617 136
1673778618 183
1673778618 131
1673778618 165
1673778618 151
1673778618 132
1673778618 113
1673778619 142
1673778619 153
1673778619 155
1673778619 164
1673778619 133
1673778619 105
1673778620 182
1673778621 176
1673778621 122
1673778622 184
1673778622 188
1673778624 126
1673778625 173
1673778627 164
1673778629 171
1673778630 102
1673778630 122
1673778630 115
1673778630 170
1673778630 154
1673778630 107
1673778631 191
1673778631 128
1673778631 123
1673778632 180
1673778632 111
1673778632 137
1673778632 144
1673778632 149
1673778632 151
1673778633 104
1673778633 146
1673778633 192
1673778633 120
1673778634 159
1673778634 137
1673778634 159
1673778634 106
1673778634 103
1673778635 199
1673778636 110
1673778636 183
1673778636 114
1673778637 152
1673778637 162
1673778637 118
1673778637 145
1673778637 197
1673778637 111
1673778637 157
1673778638 182
1673778638 180
1673778638 120
1673778639 185
1673778639 143
1673778640 135
1673778640 106
1673778641 147
1673778642 130
1673778642 176
1673778642 196
1673778643 110
1673778643 119
1673778643 199
1673778644 183
1673778644 177
1673778644 171
1673778645 121
1673778645 152
1673778646 174
1673778646 106
1673778647 127
1673778647 117
1673778648 127
1673778650 128
1673778650 146
1673778651 142
1673778651 128
1673778651 152
1673778652 110
1673778652 112
1673778652 125
1673778652 175
1673778653 183
1673778653 117
1673778653 163
1673778654 170
1673778654 132
1673778654 194
1673778655 167
1673778655 163
1673778656 149
1673778657 119
1673778657 184
1673778658 126
1673778658 166
1673778658 109
1673778659 175
1673778659 106
1673778659 137
1673778659 125
1673778660 185
1673778660 151
1673778660 168
1673778660 126
1673778660 190
1673778661 163
1673778661 177
1673778661 161
1673778661 113
1673778661 114
1673778662 146
1673778663 128
1673778663 196
1673778663 171
1673778663 172
1673778665 179
1673778665 140
1673778665 146
1673778665 107
1673778666 123
1673778666 198
1673778667 122
1673778667 146
1673778667 155
1673778667 182
1673778667 125
1673778668 109
1673778668 136
1673778668 127
1673778668 114
1673778668 160
1673778668 176
1673778669 134
1673778669 195
1673778669 134
1673778669 114
1673778670 189
1673778670 186
1673778670 156
1673778670 143
1673778671 167
1673778671 143
1673778671 174
1673778671 110
1673778672 157
1673778672 188
1673778672 190
1673778673 145
1673778674 174
1673778674 171
1673778674 111
1673778674 125
1673778675 188
1673778675 136
1673778676 193
1673778676 133
1673778676 196
1673778676 101
1673778676 181
1673778677 198
1673778677 138
1673778678 129
1673778678 101
1673778678 148
1673778678 155
1673778678 106
1673778679 175
1673778679 106
1673778679 161
1673778679 132
1673778679 120
1673778679 161
1673778680 132
1673778680 134
1673778680 146
1673778682 166
1673778683 106
1673778683 156
1673778683 195
1673778683 106
1673778683 160
1673778684 109
1673778684 164
1673778684 137
1673778685 181
1673778686 177
1673778686 130
1673778686 137
1673778686 147
1673778686 165
1673778687 170
1673778687 153
1673778687 171
1673778687 182
1673778688 161
1673778688 191
1673778688 175
1673778688 138
1673778688 123
1673778689 142
1673778689 184
1673778689 106
1673778689 200
1673778690 173
1673778690 115
1673778690 181
1673778690 163
1673778690 104
1673778691 193
1673778691 121
1673778692 161
1673778693 192
1673778693 153
1673778693 175
1673778693 197
1673778693 170
1673778694 141
1673778694 152
1673778694 179
1673778694 141
1673778695 177
1673778696 178
1673778696 165
1673778696 189
1673778697 119
1673778698 110
1673778698 153
1673778699 106
1673778699 182
1673778699 150
1673778700 145
1673778701 189
1673778701 196
1673778701 103
1673778701 128
1673778702 189
1673778702 125
1673778702 130
1673778703 172
1673778703 154
1673778704 184
1673778704 162
1673778704 114
1673778704 107
1673778705 187
1673778706 157
1673778706 104
1673778706 115
1673778706 170
1673778706 158
1673778707 173
1673778708 104
1673778708 134
1673778709 110
1673778709 128
1673778709 143
1673778709 160
1673778709 191
1673778709 183
1673778710 163
1673778711 134
1673778711 153
1673778712 200
1673778712 120
1673778712 166
1673778712 193
1673778713 197
1673778713 157
1673778713 104
1673778713 175
1673778713 168
1673778714 124
1673778714 122
1673778715 108
1673778715 191
1673778716 175
1673778716 118
1673778717 146
1673778717 101
1673778718 146
1673778718 177
1673778718 184
1673778719 157
1673778719 169
1673778720 199
1673778720 191
1673778720 133
1673778721 122
1673778721 140
1673778721 125
1673778721 120
1673778722 146
1673778722 186
1673778722 162
1673778722 192
1673778723 187
1673778723 118
1673778723 184
1673778724 151
1673778724 131
1673778725 111
1673778725 200
1673778726 173
1673778727 160
1673778727 119
1673778727 159
1673778727 193
1673778728 104
1673778729 130
1673778730 121
1673778730 179
1673778731 145
1673778732 118
1673778732 136
1673778732 198
1673778732 130
1673778732 135
1673778733 162
1673778733 155
1673778733 187
1673778735 162
1673778735 186
1673778735 164
1673778736 103
1673778736 168
1673778737 176
1673778737 121
1673778737 193
1673778738 186
1673778738 138
1673778738 149
1673778738 167
1673778739 111
1673778740 128
1673778740 146
1673778741 120
1673778742 175
1673778742 186
1673778742 158
1673778742 155
1673778742 104
1673778743 150
1673778744 170
1673778744 189
1673778745 197
1673778745 192
1673778745 110
1673778745 125
1673778745 155
1673778746 104
1673778746 162
1673778747 187
1673778747 137
1673778747 107
1673778748 137
1673778748 117
1673778748 134
1673778749 137
1673778749 164
1673778750 163
1673778750 154
1673778750 199
1673778750 156
1673778751 196
1673778751 119
1673778751 173
1673778751 138
1673778751 130
1673778752 118
1673778752 187
1673778752 105
1673778752 137
1673778753 154
1673778753 124
1673778753 137
1673778753 193
1673778754 179
1673778754 187
1673778754 133
1673778754 149
1673778754 196
1673778755 130
1673778755 147
1673778756 114
1673778757 156
1673778757 146
1673778758 196
1673778758 199
1673778758 133
1673778759 144
1673778759 198
1673778759 103
1673778759 149
1673778760 197
1673778761 125
1673778762 141
1673778762 130
1673778762 171
1673778763 107
1673778763 181
1673778763 183
1673778765 110
1673778765 173
1673778766 179
1673778766 159
1673778766 125
1673778766 105
1673778767 102
1673778767 141
1673778768 108
1673778768 154
1673778768 154
1673778768 141
1673778768 165
1673778769 182
1673778769 163
1673778769 131
1673778769 137
1673778770 106
1673778770 157
1673778770 113
1673778771 171
1673778771 164
1673778771 139
1673778772 155
1673778773 114
1673778774 154
1673778775 108
1673778775 184
1673778775 108
1673778776 130
1673778777 163
1673778778 169
1673778779 144
1673778779 165
1673778779 105
1673778780 119
1673778780 162
1673778781 184
1673778781 149
1673778781 117
1673778783 159
1673778783 121
1673778784 113
1673778784 142
1673778784 117
1673778785 119
1673778786 180
1673778787 141
1673778787 115
1673778787 111
1673778788 106
1673778788 105
1673778788 119
1673778788 168
1673778789 104
1673778789 117
1673778789 116
1673778789 140
1673778790 154
1673778790 127
1673778791 130
1673778791 102
1673778792 137
1673778792 173
1673778792 107
1673778793 107
1673778793 145
1673778794 127
1673778794 153
1673778795 140
1673778796 192
1673778796 182
1673778797 140
1673778797 153
1673778798 195
1673778799 169
1673778799 154
1673778799 117
1673778799 133
1673778800 199
1673778801 154
1673778801 163
1673778801 169
1673778802 136
1673778802 114
1673778803 144
1673778803 140
1673778803 175
1673778803 171
1673778804 113
1673778804 123
1673778804 173
1673778805 102
1673778805 146
1673778806 140
1673778806 162
1673778806 158
1673778806 147
1673778807 194
1673778807 130
1673778808 110
1673778808 143
1673778809 127
1673778809 187
1673778809 126
1673778811 161
1673778811 179
1673778812 108
1673778812 183
1673778812 170
1673778813 105
1673778813 130
1673778814 178
1673778814 195
1673778814 114
1673778814 163
1673778814 127
1673778814 149
1673778815 173
1673778815 179
1673778815 164
1673778816 162
1673778817 182
1673778817 123
1673778817 163
1673778817 171
1673778818 179
1673778818 155
1673778818 134
1673778818 143
1673778818 138
1673778819 186
1673778819 116
1673778820 172
1673778820 176
1673778821 193
1673778822 103
1673778822 155
1673778823 128
1673778824 177
1673778824 185
1673778824 161
1673778824 170
1673778824 140
1673778825 135
1673778825 137
1673778825 173
1673778826 145
1673778826 136
1673778828 160
1673778828 156
1673778828 196
1673778828 194
1673778829 137
1673778829 131
1673778829 150
1673778830 180
1673778831 104
1673778831 130
1673778831 135
1673778831 114
1673778832 135
1673778832 181
1673778832 118
1673778832 119
1673778833 109
1673778833 171
1673778833 160
1673778834 106
1673778834 158
1673778834 136
1673778834 109
1673778835 106
1673778835 200
1673778835 157
1673778835 186
1673778836 168
1673778837 138
1673778837 140
1673778838 107
1673778838 133
1673778838 194
1673778838 198
1673778839 189
1673778839 136
1673778839 169
1673778839 155
1673778840 109
1673778840 131
1673778840 186
1673778840 126
1673778841 185
1673778841 105
1673778841 165
1673778841 120
1673778841 169
1673778842 172
1673778842 134
1673778842 191
1673778842 135
1673778843 163
1673778843 144
1673778843 198
1673778843 171
1673778844 122
1673778845 139
1673778845 153
1673778845 148
1673778845 176
1673778845 160
1673778847 126
1673778847 159
1673778847 119
1673778848 156
1673778848 117
1673778849 136
1673778849 175
1673778849 170
1673778849 159
1673778850 110
1673778850 154
1673778851 114
1673778851 102
1673778852 198
1673778853 197
1673778853 177
1673778853 170
1673778853 167
1673778853 195
1673778855 146
1673778855 106
1673778855 177
1673778855 155
1673778855 187
1673778855 134
1673778856 119
1673778856 145
1673778856 106
1673778857 178
1673778857 174
1673778857 139
1673778857 186
1673778858 120
1673778858 182
1673778858 127
1673778858 108
1673778859 176
1673778860 120
1673778861 115
1673778861 179
1673778861 168
1673778862 168
1673778862 163
1673778863 106
1673778863 193
1673778864 177
1673778864 177
1673778865 142
1673778865 172
1673778865 129
1673778866 114
1673778866 147
1673778866 160
1673778866 169
1673778867 133
1673778867 186
1673778867 169
1673778868 167
1673778868 182
1673778868 112
1673778868 101
1673778869 169
1673778869 152
1673778870 190
1673778871 127
1673778871 102
1673778871 182
1673778872 113
1673778872 104
1673778872 138
1673778873 189
1673778873 128
1673778874 137
1673778874 124
1673778875 172
1673778875 164
1673778875 189
1673778875 163
1673778875 152
1673778875 104
1673778876 134
1673778877 153
1673778877 149
1673778878 170
1673778878 119
1673778878 182
1673778878 160
1673778879 130
1673778880 194
1673778883 128
1673778885 138
1673778885 185
1673778885 173
1673778885 105
1673778886 101
1673778886 120
1673778886 168
1673778886 156
1673778886 140
1673778887 137
1673778887 184
1673778888 137
1673778888 109
1673778888 122
1673778888 156
1673778889 104
1673778889 106
1673778889 107
1673778889 141
1673778889 128
1673778890 142
1673778890 175
1673778890 153
1673778891 131
1673778892 132
1673778892 166
1673778892 197
1673778892 154
1673778892 185
1673778893 199
1673778893 155
1673778893 116
1673778893 171
1673778893 142
1673778893 177
1673778894 157
1673778895 164
1673778895 164
1673778895 121
1673778895 125
1673778896 109
1673778896 193
1673778896 111
1673778896 144
1673778896 117
1673778897 127
1673778897 166
1673778897 172
1673778898 184
1673778898 152
1673778898 122
1673778898 185
1673778899 186
1673778899 110
1673778899 107
1673778900 170
1673778900 158
1673778900 131
1673778901 180
1673778902 175
1673778902 130
1673778902 194
1673778903 174
1673778904 196
1673778904 162
1673778904 196
1673778905 141
1673778905 126
1673778905 149
1673778905 134
1673778907 175
1673778907 164
1673778907 103
1673778908 194
1673778909 108
1673778909 160
1673778909 182
1673778910 175
1673778910 193
1673778910 157
1673778912 195
1673778912 171
1673778912 192
1673778913 109
1673778913 166
1673778914 168
1673778914 151
1673778914 189
1673778914 124
1673778914 156
1673778915 128
1673778915 168
1673778915 105
1673778916 146
1673778916 112
1673778916 124
1673778917 121
1673778917 173
1673778918 167
1673778918 145
1673778918 165
1673778918 125
1673778918 114
1673778919 149
1673778919 107
1673778919 186
1673778920 109
1673778920 178
1673778920 101
1673778921 151
1673778921 148
1673778922 181
1673778922 187
1673778923 132
1673778923 197
1673778923 145
1673778924 172
1673778924 122
1673778924 200
1673778925 103
1673778925 184
1673778925 167
1673778925 129
1673778926 181
1673778926 137
1673778926 121
1673778927 199
1673778927 133
1673778927 145
1673778927 130
1673778927 156
1673778928 176
1673778928 120
1673778928 177
1673778928 128
1673778929 107
1673778929 193
1673778929 154
1673778930 183
1673778932 161
1673778932 183
1673778932 156
1673778932 173
1673778932 158
1673778933 101
1673778933 148
1673778933 177
1673778933 101
1673778934 162
1673778934 141
1673778934 147
1673778935 178
1673778935 188
1673778936 194
1673778936 165
1673778936 145
1673778937 159
1673778937 120
1673778938 177
1673778939 141
1673778940 122
1673778940 191
1673778941 167
1673778941 103
1673778941 139
1673778942 133
1673778942 177
1673778942 112
1673778942 108
1673778942 164
1673778943 111
1673778943 182
1673778943 112
1673778944 136
1673778945 104
1673778945 195
1673778945 114
1673778946 179
1673778946 139
1673778947 139
1673778947 109
1673778947 168
1673778947 195
1673778948 108
1673778948 155
1673778948 115
1673778948 197
1673778948 157
1673778949 138
1673778950 146
1673778950 168
1673778951 173
1673778951 132
1673778951 125
1673778952 143
1673778952 145
1673778952 146
1673778952 130
1673778952 147
1673778953 129
1673778953 183
1673778953 141
1673778954 101
1673778954 155
1673778955 200
1673778955 107
1673778955 125
1673778955 160
1673778955 108
1673778955 171
1673778956 145
1673778956 194
1673778956 187
1673778957 179
1673778957 192
1673778957 110
1673778957 162
1673778958 169
1673778958 165
1673778958 118
1673778958 174
1673778959 162
1673778959 152
1673778959 182
1673778959 196
1673778960 157
1673778960 116
1673778960 106
1673778962 184
1673778963 137
1673778963 134
1673778963 126
1673778963 115
1673778963 130
1673778964 133
1673778964 190
1673778965 136
1673778965 128
1673778965 120
1673778966 133
1673778966 151
1673778966 102
1673778967 192
1673778967 186
1673778967 126
1673778967 185
1673778967 174
1673778968 165
1673778969 141
1673778969 153
1673778970 132
1673778970 161
1673778970 141
1673778970 162
1673778970 112
1673778970 197
1673778970 124
1673778971 189
1673778971 187
1673778972 180
1673778972 107
1673778973 122
1673778973 185
1673778974 148
1673778974 157
1673778974 106
1673778974 191
1673778974 101
1673778975 153
1673778975 133
1673778975 162
1673778975 115
1673778976 137
1673778976 175
1673778976 138
1673778976 154
1673778977 122
1673778977 179
1673778978 189
1673778978 184
1673778978 132
1673778978 104
1673778979 150
1673778979 110
1673778979 189
1673778979 178
1673778979 110
1673778979 123
1673778980 110
1673778980 151
1673778980 150
1673778981 108
1673778981 101
1673778981 167
1673778982 156
1673778984 179
1673778984 152
1673778984 106
1673778985 170
1673778985 102
1673778986 168
1673778986 185
1673778986 175
1673778987 129
1673778987 173
1673778988 107
1673778988 131
1673778988 197
1673778988 153
1673778988 191
1673778988 101
1673778988 187
1673778990 178
1673778990 137
1673778991 196
1673778991 106
1673778991 155
1673778991 160
1673778992 124
1673778993 146
1673778993 129
1673778993 142
1673778994 198
1673778994 199
1673778994 174
1673778994 137
1673778995 185
1673778996 137
1673778996 178
1673778996 195
1673778996 110
1673778997 119
1673778997 105
1673778997 177
1673778999 162
1673778999 133
1673778999 118
1673779000 144
1673779000 164
1673779001 176
1673779001 116
1673779002 183
1673779002 191
1673779003 180
1673779003 147
1673779003 105
1673779003 178
1673779003 193
1673779003 162
1673779003 164
1673779004 170
1673779004 173
1673779004 112
1673779004 133
1673779005 193
1673779006 199
1673779006 121
1673779007 135
1673779007 133
1673779007 153
1673779007 170
1673779007 102
1673779009 113
1673779009 138
1673779010 136
1673779010 125
1673779011 145
1673779011 192
1673779011 159
1673779012 117
1673779012 192
1673779012 134
1673779013 104
1673779013 104
1673779013 148
1673779014 136
1673779014 183
1673779014 164
1673779015 122
1673779016 157
1673779016 115
1673779016 132
1673779016 136
1673779017 146
1673779017 150
1673779017 116
1673779017 198
1673779018 155
1673779019 164
1673779020 151
1673779020 175
1673779020 131
1673779020 168
1673779020 198
1673779020 183
1673779021 122
1673779021 126
1673779022 145
1673779022 184
1673779022 182
1673779023 193
1673779023 187
1673779023 173
1673779024 162
1673779025 188
1673779025 151
1673779026 143
1673779027 137
1673779028 152
1673779028 147
1673779028 120
1673779029 198
1673779029 138
1673779030 164
1673779030 145
1673779030 113
1673779030 179
1673779031 162
1673779031 173
1673779031 116
1673779031 153
1673779031 164
1673779031 139
1673779032 153
1673779033 157
1673779033 129
1673779033 187
1673779034 138
1673779034 129
1673779034 153
1673779034 118
1673779035 132
1673779035 185
1673779035 145
1673779035 146
1673779035 141
1673779036 118
1673779037 159
1673779038 186
1673779039 149
1673779039 153
1673779040 140
1673779040 177
1673779040 173
1673779040 104
1673779041 120
1673779041 147
1673779041 160
1673779041 175
1673779041 174
1673779042 173
1673779043 189
1673779043 114
1673779043 116
1673779044 118
1673779045 142
1673779045 145
1673779045 199
1673779045 150
1673779045 110
1673779045 121
1673779046 173
1673779046 196
1673779046 103
1673779046 151
1673779047 167
1673779047 145
1673779047 197
1673779047 142
1673779047 177
1673779047 191
1673779048 186
1673779049 132
1673779050 122
1673779050 161
1673779050 181
1673779050 170
1673779050 195
1673779050 135
1673779051 146
1673779051 113
1673779051 103
1673779051 148
1673779052 168
1673779052 121
1673779052 163
1673779053 150
1673779053 129
1673779054 149
1673779054 171
1673779054 101
1673779055 113
1673779055 197
1673779056 182
1673779057 199
1673779057 195
1673779057 101
1673779058 125
1673779059 161
1673779060 162
1673779060 114
1673779060 182
1673779060 131
1673779060 185
1673779061 152
1673779061 178
1673779061 104
1673779061 187
1673779062 102
1673779062 149
1673779062 123
1673779062 172
1673779062 179
1673779063 167
1673779064 163
1673779065 105
1673779066 119
1673779066 186
1673779066 159
1673779066 111
1673779066 140
1673779066 144
1673779066 171
1673779067 177
1673779067 162
1673779067 130
1673779068 106
1673779068 101
1673779068 140
1673779069 107
1673779069 181
1673779070 146
1673779070 154
1673779070 186
1673779071 134
1673779071 196
1673779072 195
1673779072 128
1673779072 135
1673779072 116
1673779072 154
1673779072 120
1673779073 151
1673779073 158
1673779073 126
1673779074 168
1673779074 141
1673779075 177
1673779076 135
1673779076 160
1673779077 169
1673779077 101
1673779077 114
1673779077 184
1673779077 156
1673779078 165
1673779078 150
1673779078 196
1673779078 132
1673779079 169
1673779080 123
1673779080 155
1673779080 192
1673779081 171
1673779082 140
1673779082 102
1673779082 126
1673779082 107
1673779083 148
1673779083 133
1673779084 187
1673779084 149
1673779084 196
1673779084 147
1673779085 102
1673779085 132
1673779085 136
1673779085 167
1673779085 104
1673779086 164
1673779086 148
1673779086 161
1673779087 154
1673779087 172
1673779087 119
1673779087 122
1673779088 104
1673779088 127
1673779089 128
1673779089 173
1673779089 155
1673779090 188
1673779090 122
1673779090 166
1673779090 193
1673779090 155
1673779091 127
1673779091 180
1673779092 108
1673779092 197
1673779093 137
1673779093 121
1673779094 181
1673779094 135
1673779095 102
1673779095 138
1673779096 113
1673779097 155
1673779097 123
1673779098 173
1673779098 157
1673779098 168
1673779099 135
1673779099 181
1673779099 125
1673779099 173
1673779100 106
1673779100 159
1673779100 120
1673779101 156
1673779101 109
1673779101 130
1673779101 114
1673779102 196
1673779102 112
1673779103 106
1673779103 194
1673779103 128
1673779103 132
1673779103 112
1673779104 175
1673779104 103
1673779105 183
1673779105 106
1673779105 184
1673779106 193
1673779106 150
1673779106 151
1673779106 110
1673779107 193
1673779107 181
1673779107 194
1673779107 189
1673779108 144
1673779109 126
1673779109 173
1673779109 157
1673779111 182
1673779111 143
1673779111 127
1673779111 165
1673779112 152
1673779113 132
1673779114 120
1673779114 130
1673779115 129
1673779115 182
1673779115 149
1673779115 191
1673779115 159
1673779116 199
1673779117 176
1673779117 175
1673779118 168
1673779118 158
1673779119 187
1673779119 103
1673779119 188
1673779120 104
1673779120 190
1673779120 158
1673779120 115
1673779121 107
1673779121 160
1673779121 113
1673779121 199
1673779122 128
1673779122 103
1673779122 175
1673779122 200
1673779122 118
1673779122 156
1673779122 142
1673779123 134
1673779123 136
1673779123 173
1673779123 155
1673779124 174
1673779125 177
1673779127 176
1673779127 130
1673779127 132
1673779127 171
1673779127 189
1673779127 105
1673779129 196
1673779129 155
1673779129 125
1673779129 178
1673779130 172
1673779130 137
1673779130 113
1673779130 133
1673779130 159
1673779132 167
1673779132 200
1673779133 198
1673779133 149
1673779133 136
1673779134 109
1673779134 184
1673779134 160
1673779134 105
1673779134 169
1673779135 172
1673779135 140
1673779135 182
1673779135 122
1673779135 187
1673779135 127
1673779136 155
1673779136 127
1673779137 181
1673779138 153
1673779138 189
1673779138 185
1673779138 199
1673779138 177
1673779138 128
1673779139 120
1673779139 136
1673779139 150
1673779139 179
1673779140 106
1673779140 191
1673779141 167
1673779141 139
1673779141 164
1673779142 171
1673779142 153
1673779142 182
1673779143 154
1673779143 158
1673779144 148
1673779144 116
1673779145 158
1673779145 106
1673779146 103
1673779146 130
1673779146 101
1673779146 119
1673779146 174
1673779147 124
1673779147 141
1673779149 150
1673779149 179
1673779149 121
1673779150 173
1673779150 123
1673779150 183
1673779150 172
1673779151 198
1673779151 144
1673779151 145
1673779151 162
1673779152 199
1673779152 175
1673779153 107
1673779153 138
1673779153 157
1673779154 174
1673779155 153
1673779155 111
1673779156 144
1673779156 166
1673779156 154
1673779156 139
1673779157 111
1673779157 137
1673779157 177
1673779158 152
1673779158 166
1673779159 137
1673779160 165
1673779161 188
1673779161 136
1673779162 137
1673779162 156
1673779162 184
1673779162 137
1673779163 155
1673779163 167
1673779163 133
1673779163 200
1673779163 140
1673779164 126
1673779164 139
1673779164 182
1673779165 138
1673779165 199
1673779166 109
1673779166 105
1673779167 135
1673779167 125
1673779167 167
1673779168 146
1673779168 102
1673779168 180
1673779169 177
1673779169 184
1673779170 137
1673779170 169
1673779170 156
1673779170 150
1673779171 184
1673779171 189
1673779172 151
1673779172 160
1673779173 159
1673779173 181
1673779174 151
1673779174 157
1673779175 134
1673779175 103
1673779176 101
1673779176 177
1673779177 166
1673779177 188
1673779177 139
1673779178 140
1673779178 188
1673779178 113
1673779180 188
1673779180 129
1673779180 149
1673779180 114
1673779180 157
1673779182 170
1673779183 179
1673779183 118
1673779183 146
1673779183 108
1673779183 157
1673779183 136
1673779184 152
1673779184 189
1673779185 147
1673779185 200
1673779185 164
1673779186 160
1673779186 187
1673779186 142
1673779186 187
1673779186 185
1673779187 125
1673779187 130
1673779188 189
1673779188 128
1673779188 131
1673779188 163
1673779188 113
1673779189 196
1673779189 184
1673779190 112
1673779190 180
1673779190 130
1673779191 136
1673779192 111
1673779192 119
1673779192 172
1673779192 179
1673779193 106
1673779193 188
1673779193 169
1673779194 129
1673779194 137
1673779194 118
1673779195 113
1673779195 109
1673779196 144
1673779196 164
1673779196 191
1673779196 113
1673779197 154
1673779197 160
1673779197 107
1673779197 195
1673779197 148
1673779197 176
1673779198 196
1673779198 173
1673779199 131
1673779199 107
1673779199 142
1673779199 122
1673779199 122
1673779200 154
1673779201 116
1673779201 184
1673779201 173
1673779201 123
1673779201 107
1673779201 164
1673779202 164
1673779202 126
1673779202 164
1673779202 189
1673779203 115
1673779203 122
1673779204 135
1673779204 149
1673779204 125
1673779204 194
1673779204 120
1673779205 102
1673779205 163
1673779205 157
1673779206 110
1673779207 178
1673779207 133
1673779207 118
1673779208 195
1673779209 189
1673779209 126
1673779209 163
1673779209 187
1673779210 129
1673779211 178
1673779211 190
1673779212 182
1673779213 114
1673779213 153
1673779213 165
1673779213 138
1673779214 196
1673779214 195
1673779214 175
1673779214 179
1673779215 123
1673779216 135
1673779216 150
1673779216 143
1673779216 144
1673779216 151
1673779217 139
1673779217 148
1673779217 113
1673779217 141
1673779218 145
1673779218 151
1673779218 101
1673779219 122
1673779219 178
1673779219 156
1673779219 128
1673779219 113
1673779219 145
1673779219 152
1673779219 141
1673779219 107
1673779219 136
1673779220 160
1673779220 111
1673779220 180
1673779220 116
1673779220 151
1673779221 137
1673779221 151
1673779221 107
1673779222 185
1673779223 149
1673779223 179
1673779224 137
1673779225 127
1673779225 169
1673779225 149
1673779226 118
1673779226 189
1673779226 114
1673779227 135
1673779228 178
1673779228 108
1673779229 200
1673779229 125
1673779230 154
1673779230 123
1673779230 104
1673779230 172
1673779230 153
1673779231 186
1673779231 175
1673779231 125
1673779231 143
1673779232 171
1673779233 181
1673779233 154
1673779234 157
1673779234 174
1673779234 192
1673779235 162
1673779235 155
1673779235 103
1673779236 193
1673779236 136
1673779236 182
1673779237 110
1673779237 148
1673779237 115
1673779238 192
1673779239 163
1673779239 179
1673779240 166
1673779240 157
1673779240 160
1673779240 120
1673779240 179
1673779241 176
1673779241 141
1673779241 182
1673779242 170
1673779242 175
1673779243 173
1673779243 145
1673779243 114
1673779244 112
1673779244 130
1673779245 184
1673779245 191
1673779245 143
1673779245 119
1673779245 170
1673779246 173
1673779246 140
1673779247 110
1673779247 192
1673779247 129
1673779247 199
1673779247 198
1673779248 134
1673779249 177
1673779249 155
1673779249 149
1673779250 188
1673779250 144
1673779250 163
1673779251 173
1673779251 116
1673779251 135
1673779252 195
1673779252 192
1673779253 120
1673779253 170
1673779253 126
1673779253 163
1673779253 138
1673779254 146
1673779254 196
1673779254 109
1673779255 145
1673779255 181
1673779255 116
1673779255 157
1673779255 191
1673779256 113
1673779256 122
1673779256 182
1673779257 133
1673779257 200
1673779258 161
1673779259 130
1673779260 124
1673779260 120
1673779260 154
1673779260 155
1673779260 163
1673779260 131
1673779260 165
1673779260 134
1673779261 182
1673779262 173
1673779262 156
1673779262 107
1673779262 119
1673779262 156
1673779263 117
1673779263 166
1673779264 167
1673779265 129
1673779266 141
1673779266 144
1673779266 167
1673779267 145
1673779268 118
1673779268 133
1673779269 129
1673779269 105
1673779269 186
1673779270 150
1673779270 134
1673779270 163
1673779271 145
1673779271 188
1673779271 154
1673779271 114
1673779272 191
1673779272 162
1673779272 101
1673779272 171
1673779273 133
1673779273 180
1673779275 176
1673779275 154
1673779276 175
1673779276 169
1673779277 144
1673779277 184
1673779277 149
1673779277 197
1673779278 188
1673779278 193
1673779278 128
1673779279 181
1673779279 153
1673779279 157
1673779279 175
1673779281 136
1673779281 103
1673779282 126
1673779282 117
1673779283 190
1673779283 101
1673779283 118
1673779284 176
1673779284 161
1673779284 146
1673779285 186
1673779287 198
1673779287 146
1673779288 103
1673779289 123
1673779289 152
1673779289 193
1673779289 182
1673779291 103
