1673776802 141
1673776804 130
1673776806 145
1673776807 142
1673776807 126
1673776808 192
1673776809 112
1673776809 109
1673776810 112
1673776810 107
1673776811 149
1673776812 189
1673776813 195
1673776814 139
1673776815 125
1673776816 145
1673776818 146
1673776820 102
1673776822 195
1673776823 126
1673776824 118
1673776824 158
1673776825 119
1673776825 161
1673776826 197
1673776826 156
1673776826 142
1673776827 160
1673776828 114
1673776829 175
1673776829 198
1673776833 123
1673776834 178
1673776837 141
1673776838 181
1673776838 144
1673776840 192
1673776842 124
1673776842 187
1673776844 129
1673776844 151
1673776849 179
1673776850 103
1673776851 121
1673776853 113
1673776853 128
1673776853 107
1673776858 157
1673776862 187
1673776862 109
1673776866 101
1673776866 188
1673776867 135
1673776870 163
1673776871 174
1673776871 148
1673776873 168
1673776873 125
1673776874 145
1673776874 175
1673776875 130
1673776876 198
1673776876 141
1673776876 123
1673776878 181
1673776878 123
1673776878 158
1673776880 119
1673776880 145
1673776880 143
1673776880 167
1673776884 145
1673776884 101
1673776884 138
1673776885 136
1673776887 130
1673776887 194
1673776887 162
1673776889 105
1673776890 113
1673776891 130
1673776892 134
1673776892 191
1673776895 171
1673776895 119
1673776897 114
1673776898 112
1673776898 155
1673776899 126
1673776899 116
1673776900 114
1673776900 160
1673776900 185
1673776901 176
1673776901 103
1673776901 142
1673776901 127
1673776902 178
1673776903 116
1673776904 153
1673776904 132
1673776907 126
1673776907 182
1673776907 145
1673776915 147
1673776916 168
1673776923 175
1673776924 167
1673776924 123
1673776924 190
1673776925 122
1673776925 156
1673776926 120
1673776926 126
1673776926 193
1673776927 178
1673776927 199
1673776927 104
1673776928 142
1673776928 120
1673776929 123
1673776929 121
1673776929 118
1673776929 102
1673776929 149
1673776930 167
1673776930 110
1673776932 106
1673776932 147
1673776933 124
1673776933 167
1673776933 134
1673776933 182
1673776934 137
1673776934 147
1673776935 153
1673776936 152
1673776936 186
1673776936 187
1673776936 173
1673776937 189
1673776937 183
1673776937 150
1673776938 158
1673776938 119
1673776940 118
1673776940 146
1673776940 135
1673776941 164
1673776941 110
1673776942 174
1673776943 155
1673776943 164
1673776944 112
1673776944 159
1673776945 198
1673776945 149
1673776945 163
1673776946 127
1673776947 116
1673776947 107
1673776947 111
1673776947 151
1673776948 182
1673776948 177
1673776949 198
1673776950 140
1673776951 114
1673776951 145
1673776951 179
1673776951 116
1673776952 200
1673776952 117
1673776953 152
1673776953 105
1673776953 195
1673776953 153
1673776953 127
1673776954 140
1673776954 124
1673776954 193
1673776954 165
1673776955 165
1673776956 174
1673776957 139
1673776957 127
1673776957 103
1673776957 181
1673776958 167
1673776959 177
1673776959 166
1673776960 191
1673776960 152
1673776960 184
1673776960 162
1673776960 122
1673776960 192
1673776960 183
1673776960 159
1673776961 160
1673776961 145
1673776961 192
1673776961 185
1673776962 118
1673776962 126
1673776962 197
1673776963 141
1673776963 178
1673776963 173
1673776963 138
1673776964 196
1673776964 181
1673776964 165
1673776964 126
1673776965 150
1673776965 178
1673776965 133
1673776965 104
1673776965 151
1673776965 188
1673776965 170
1673776966 142
1673776966 109
1673776966 186
1673776966 194
1673776966 188
1673776967 123
1673776967 145
1673776968 171
1673776968 119
1673776968 103
1673776968 193
1673776969 151
1673776969 159
1673776969 107
1673776970 132
1673776971 162
1673776971 122
1673776971 188
1673776971 183
1673776972 188
1673776972 188
1673776973 103
1673776973 117
1673776973 120
1673776973 146
1673776974 168
1673776974 116
1673776974 115
1673776975 196
1673776975 192
1673776976 173
1673776976 192
1673776976 164
1673776977 116
1673776978 176
1673776978 156
1673776979 192
1673776979 111
1673776980 156
1673776981 183
1673776981 113
1673776982 148
1673776982 139
1673776982 177
1673776982 138
1673776985 146
1673776985 103
1673776986 124
1673776986 113
1673776986 145
1673776986 146
1673776988 176
1673776989 180
1673776989 139
1673776989 188
1673776991 102
1673776991 199
1673776991 177
1673776992 158
1673776993 121
1673776993 171
1673776995 186
1673776998 146
1673776998 124
1673776998 110
1673776999 135
1673776999 121
1673777000 111
1673777000 123
1673777001 193
1673777002 124
1673777002 192
1673777003 196
1673777004 107
1673777005 160
1673777006 102
1673777007 132
1673777007 156
1673777008 176
1673777009 120
1673777009 165
1673777010 115
1673777011 155
1673777011 107
1673777012 104
1673777012 129
1673777012 110
1673777012 169
1673777013 156
1673777013 144
1673777013 180
1673777015 181
1673777015 140
1673777015 159
1673777016 124
1673777016 172
1673777018 142
1673777018 176
1673777019 135
1673777021 141
1673777022 165
1673777023 112
1673777024 200
1673777025 146
1673777025 124
1673777025 178
1673777025 171
1673777025 139
1673777026 163
1673777026 111
1673777026 187
1673777026 103
1673777027 158
1673777027 114
1673777027 104
1673777028 147
1673777028 187
1673777028 165
1673777029 179
1673777029 176
1673777030 186
1673777031 179
1673777031 200
1673777031 124
1673777031 112
1673777031 190
1673777031 177
1673777031 151
1673777032 190
1673777033 101
1673777033 138
1673777033 195
1673777033 155
1673777034 109
1673777034 161
1673777034 122
1673777034 163
1673777034 144
1673777034 191
1673777035 122
1673777035 196
1673777035 146
1673777036 143
1673777036 114
1673777036 113
1673777036 163
1673777037 170
1673777037 151
1673777037 141
1673777037 117
1673777037 194
1673777037 171
1673777037 174
1673777038 115
1673777038 174
1673777038 116
1673777038 131
1673777039 184
1673777039 139
1673777040 116
1673777041 110
1673777041 167
1673777041 120
1673777041 150
1673777041 189
1673777041 147
1673777041 101
1673777042 128
1673777043 102
1673777043 155
1673777043 143
1673777044 194
1673777045 156
1673777045 173
1673777045 172
1673777045 189
1673777045 125
1673777045 150
1673777046 143
1673777047 170
1673777047 104
1673777047 196
1673777048 172
1673777048 104
1673777049 113
1673777049 135
1673777049 123
1673777050 179
1673777050 121
1673777050 182
1673777050 148
1673777051 151
1673777051 193
1673777052 176
1673777053 158
1673777054 194
1673777054 165
1673777054 105
1673777054 114
1673777055 144
1673777055 127
1673777055 107
1673777056 111
1673777056 124
1673777057 142
1673777057 127
1673777057 190
1673777059 136
1673777059 189
1673777059 132
1673777059 148
1673777059 117
1673777060 128
1673777060 131
1673777061 139
1673777061 165
1673777061 120
1673777061 123
1673777062 158
1673777062 115
1673777062 174
1673777062 115
1673777063 108
1673777063 141
1673777064 151
1673777064 122
1673777064 163
1673777065 121
1673777065 143
1673777065 110
1673777065 133
1673777066 167
1673777066 200
1673777066 185
1673777066 130
1673777067 134
1673777068 115
1673777068 136
1673777068 148
1673777069 148
1673777069 103
1673777069 132
1673777069 170
1673777071 164
1673777071 146
1673777071 129
1673777072 109
1673777072 191
1673777073 134
1673777073 111
1673777074 124
1673777074 176
1673777075 105
1673777076 108
1673777076 174
1673777076 164
1673777076 187
1673777077 171
1673777077 126
1673777077 157
1673777078 140
1673777078 162
1673777078 161
1673777079 136
1673777079 139
1673777079 161
1673777079 200
1673777080 174
1673777081 188
1673777081 109
1673777082 138
1673777082 158
1673777083 168
1673777083 163
1673777084 183
1673777084 123
1673777084 192
1673777085 113
1673777085 156
1673777085 166
1673777085 186
1673777086 142
1673777086 160
1673777086 146
1673777086 191
1673777086 193
1673777087 133
1673777087 122
1673777087 107
1673777087 179
1673777088 121
1673777088 178
1673777089 118
1673777089 126
1673777089 138
1673777089 146
1673777090 164
1673777090 197
1673777090 133
1673777090 169
1673777091 157
1673777091 102
1673777091 111
1673777092 127
1673777092 151
1673777092 114
1673777093 191
1673777093 160
1673777094 101
1673777094 166
1673777094 178
1673777094 117
1673777095 172
1673777095 173
1673777095 198
1673777096 114
1673777096 101
1673777096 111
1673777096 158
1673777099 106
1673777099 113
1673777099 110
1673777099 180
1673777099 131
1673777101 172
1673777102 198
1673777102 156
1673777102 132
1673777102 127
1673777102 181
1673777103 102
1673777103 198
1673777103 126
1673777104 182
1673777104 107
1673777104 189
1673777105 160
1673777105 125
1673777105 109
1673777105 193
1673777105 162
1673777106 182
1673777106 136
1673777107 200
1673777107 117
1673777107 116
1673777107 195
1673777108 137
1673777108 114
1673777108 136
1673777109 184
1673777109 198
1673777109 184
1673777109 182
1673777109 162
1673777110 107
1673777111 117
1673777111 152
1673777111 152
1673777111 107
1673777112 143
1673777113 195
1673777113 126
1673777113 157
1673777114 104
1673777115 143
1673777115 125
1673777116 124
1673777117 176
1673777117 126
1673777117 143
1673777117 109
1673777118 136
1673777119 156
1673777119 166
1673777119 181
1673777120 170
1673777122 151
1673777122 178
1673777124 140
1673777124 101
1673777124 170
1673777124 175
1673777124 158
1673777125 181
1673777125 150
1673777125 146
1673777125 168
1673777126 180
1673777126 171
1673777126 173
1673777126 170
1673777126 167
1673777127 146
1673777128 173
1673777129 166
1673777129 170
1673777129 116
1673777129 176
1673777129 153
1673777129 154
1673777130 151
1673777130 159
1673777130 198
1673777131 159
1673777131 172
1673777132 137
1673777132 126
1673777132 191
1673777134 195
1673777134 174
1673777134 164
1673777135 133
1673777135 138
1673777135 109
1673777135 112
1673777136 135
1673777136 160
1673777137 181
1673777137 114
1673777137 148
1673777137 187
1673777138 125
1673777138 166
1673777138 115
1673777139 123
1673777139 122
1673777139 134
1673777140 129
1673777140 146
1673777141 170
1673777141 143
1673777141 182
1673777141 113
1673777141 115
1673777142 196
1673777142 119
1673777142 159
1673777143 136
1673777143 105
1673777143 146
1673777143 197
1673777143 108
1673777144 193
1673777144 111
1673777144 163
1673777144 164
1673777145 175
1673777145 114
1673777145 155
1673777145 164
1673777145 184
1673777145 193
1673777145 147
1673777146 161
1673777146 181
1673777147 184
1673777148 194
1673777148 125
1673777148 109
1673777149 165
1673777149 191
1673777149 139
1673777150 114
1673777150 172
1673777150 122
1673777150 168
1673777151 107
1673777151 198
1673777151 117
1673777151 194
1673777151 200
1673777152 144
1673777152 116
1673777152 154
1673777152 165
1673777153 186
1673777153 181
1673777153 148
1673777153 177
1673777154 123
1673777154 130
1673777154 168
1673777155 150
1673777155 198
1673777155 158
1673777156 115
1673777156 199
1673777156 172
1673777156 121
1673777156 174
1673777156 110
1673777157 140
1673777157 138
1673777158 176
1673777158 192
1673777159 124
1673777159 162
1673777159 146
1673777159 142
1673777160 165
1673777160 179
1673777160 193
1673777161 160
1673777161 197
1673777162 157
1673777162 111
1673777163 140
1673777163 160
1673777164 117
1673777164 181
1673777164 125
1673777165 200
1673777165 112
1673777165 184
1673777165 174
1673777165 165
1673777166 163
1673777166 150
1673777167 160
1673777167 167
1673777167 150
1673777168 182
1673777168 136
1673777168 127
1673777169 173
1673777169 163
1673777169 154
1673777169 168
1673777170 192
1673777170 170
1673777170 130
1673777170 177
1673777170 194
1673777171 195
1673777171 119
1673777171 185
1673777171 194
1673777171 158
1673777172 174
1673777172 171
1673777173 155
1673777174 175
1673777174 193
1673777174 120
1673777175 162
1673777175 113
1673777175 194
1673777176 148
1673777176 159
1673777176 130
1673777177 171
1673777177 109
1673777177 187
1673777177 196
1673777178 158
1673777179 172
1673777180 126
1673777180 102
1673777180 172
1673777180 162
1673777181 153
1673777181 158
1673777181 182
1673777181 182
1673777181 152
1673777183 188
1673777183 134
1673777185 111
1673777186 113
1673777186 162
1673777186 108
1673777187 139
1673777187 177
1673777188 168
1673777188 169
1673777189 108
1673777189 160
1673777190 154
1673777190 131
1673777190 168
1673777191 176
1673777191 107
1673777191 137
1673777191 154
1673777192 138
1673777192 136
1673777192 185
1673777193 194
1673777193 177
1673777193 190
1673777194 190
1673777194 104
1673777194 168
1673777194 158
1673777194 145
1673777195 198
1673777195 128
1673777196 141
1673777197 125
1673777197 197
1673777197 110
1673777198 127
1673777198 176
1673777199 157
1673777199 164
1673777199 160
1673777200 184
1673777200 106
1673777201 125
1673777201 157
1673777201 187
1673777202 110
1673777202 191
1673777202 131
1673777203 148
1673777203 123
1673777204 162
1673777204 129
1673777204 161
1673777205 156
1673777205 141
1673777205 164
1673777206 144
1673777206 132
1673777206 116
1673777206 166
1673777207 110
1673777207 124
1673777207 104
1673777208 107
1673777208 141
1673777208 110
1673777208 166
1673777208 140
1673777208 187
1673777209 186
1673777209 157
1673777209 139
1673777210 123
1673777210 188
1673777210 111
1673777211 177
1673777211 102
1673777211 149
1673777212 152
1673777212 200
1673777212 200
1673777213 144
1673777214 128
1673777214 200
1673777214 116
1673777214 122
1673777215 118
1673777216 102
1673777216 163
1673777216 150
1673777216 139
1673777217 117
1673777217 138
1673777218 108
1673777218 129
1673777218 101
1673777218 189
1673777219 156
1673777219 161
1673777219 190
1673777220 165
1673777220 141
1673777221 108
1673777221 168
1673777221 172
1673777222 191
1673777222 128
1673777222 161
1673777222 191
1673777223 126
1673777224 180
1673777225 106
1673777228 108
1673777228 158
1673777230 192
1673777232 117
1673777233 186
1673777233 136
1673777233 195
1673777234 200
1673777236 156
1673777236 196
1673777237 176
1673777238 158
1673777239 116
1673777239 148
1673777239 122
1673777239 191
1673777239 156
1673777240 199
1673777240 133
1673777240 151
1673777240 177
1673777242 106
1673777243 138
1673777244 161
1673777244 191
1673777247 114
1673777247 170
1673777247 164
1673777247 131
1673777248 196
1673777248 169
1673777248 105
1673777249 190
1673777249 106
1673777250 108
1673777250 132
1673777250 189
1673777251 112
1673777251 154
1673777252 120
1673777252 151
1673777253 186
1673777253 167
1673777253 150
1673777253 159
1673777253 148
1673777254 178
1673777254 110
1673777254 125
1673777256 137
1673777256 142
1673777256 107
1673777257 150
1673777257 194
1673777257 142
1673777257 188
1673777257 102
1673777259 117
1673777259 133
1673777259 121
1673777259 127
1673777259 162
1673777260 127
1673777260 153
1673777260 107
1673777260 134
1673777260 126
1673777260 185
1673777261 132
1673777261 141
1673777263 123
1673777263 190
1673777263 172
1673777265 110
1673777265 179
1673777265 183
1673777266 143
1673777266 161
1673777266 118
1673777266 198
1673777266 144
1673777266 113
1673777267 108
1673777267 178
1673777267 125
1673777267 188
1673777268 127
1673777268 150
1673777269 151
1673777269 107
1673777269 113
1673777269 132
1673777269 136
1673777270 196
1673777270 185
1673777270 127
1673777270 115
1673777271 153
1673777271 138
1673777271 191
1673777272 126
1673777273 189
1673777273 143
1673777273 159
1673777273 104
1673777274 150
1673777274 176
1673777274 159
1673777275 179
1673777275 126
1673777276 163
1673777276 180
1673777276 184
1673777277 109
1673777277 160
1673777278 188
1673777278 110
1673777278 116
1673777279 135
1673777280 139
1673777280 174
1673777280 162
1673777282 171
1673777283 199
1673777283 134
1673777283 183
1673777285 153
1673777285 126
1673777286 182
1673777287 122
1673777287 116
1673777288 155
1673777288 173
1673777288 174
1673777288 101
1673777288 147
1673777289 136
1673777289 103
1673777289 146
1673777289 143
1673777290 143
1673777290 119
1673777290 148
1673777291 101
1673777291 138
1673777292 134
1673777292 153
1673777293 165
1673777293 200
1673777293 138
1673777294 185
1673777294 175
1673777294 176
1673777294 149
1673777294 135
1673777294 139
1673777295 139
1673777295 171
1673777296 126
1673777296 113
1673777297 130
1673777297 136
1673777298 170
1673777298 168
1673777298 159
1673777299 157
1673777300 180
1673777300 131
1673777301 181
1673777301 190
1673777301 149
1673777301 138
1673777301 109
1673777301 178
1673777301 194
1673777303 124
1673777304 144
1673777304 142
1673777304 189
1673777305 138
1673777305 119
1673777305 108
1673777305 103
1673777305 199
1673777306 172
1673777306 106
1673777307 118
1673777307 110
1673777308 158
1673777308 161
1673777308 121
1673777309 198
1673777309 188
1673777310 121
1673777310 174
1673777311 178
1673777311 116
1673777311 191
1673777311 158
1673777312 198
1673777312 185
1673777312 152
1673777313 188
1673777313 187
1673777314 145
1673777314 113
1673777314 187
1673777314 186
1673777315 161
1673777315 183
1673777315 107
1673777315 123
1673777315 147
1673777315 132
1673777315 163
1673777316 164
1673777316 128
1673777316 180
1673777317 191
1673777317 131
1673777317 134
1673777318 156
1673777318 105
1673777319 138
1673777319 168
1673777320 187
1673777320 112
1673777320 104
1673777321 144
1673777321 129
1673777321 117
1673777321 199
1673777321 189
1673777321 157
1673777322 200
1673777322 184
1673777323 156
1673777323 181
1673777324 184
1673777324 190
1673777324 146
1673777324 181
1673777324 116
1673777325 123
1673777325 175
1673777325 140
1673777325 120
1673777325 116
1673777326 102
1673777327 189
1673777327 191
1673777327 156
1673777327 199
1673777327 145
1673777328 152
1673777329 193
1673777329 107
1673777330 170
1673777330 172
1673777330 121
1673777330 104
1673777330 159
1673777331 174
1673777331 181
1673777331 178
1673777331 108
1673777332 126
1673777332 170
1673777333 173
1673777333 174
1673777334 168
1673777334 196
1673777335 163
1673777335 191
1673777335 166
1673777335 160
1673777335 116
1673777335 174
1673777335 116
1673777335 106
1673777336 132
1673777336 173
1673777336 138
1673777337 131
1673777337 144
1673777337 177
1673777337 199
1673777337 189
1673777337 124
1673777338 105
1673777338 158
1673777339 194
1673777339 168
1673777339 110
1673777339 173
1673777339 124
1673777340 163
1673777340 127
1673777340 158
1673777341 108
1673777341 188
1673777342 141
1673777342 135
1673777342 121
1673777342 192
1673777342 145
1673777343 140
1673777343 120
1673777344 110
1673777344 199
1673777345 170
1673777345 131
1673777346 182
1673777346 170
1673777346 194
1673777347 180
1673777361 184
1673777361 105
1673777361 197
1673777361 146
1673777361 137
1673777362 108
1673777362 185
1673777362 133
1673777363 136
1673777364 112
1673777364 115
1673777364 176
1673777365 125
1673777365 113
1673777366 199
1673777366 146
1673777366 112
1673777367 164
1673777367 130
1673777367 132
1673777367 160
1673777367 180
1673777367 140
1673777368 151
1673777368 119
1673777369 134
1673777369 157
1673777369 171
1673777369 146
1673777369 189
1673777369 128
1673777370 186
1673777370 109
1673777370 192
1673777370 158
1673777371 169
1673777371 114
1673777372 200
1673777372 143
1673777372 133
1673777372 118
1673777372 172
1673777372 145
1673777373 156
1673777373 198
1673777374 179
1673777374 108
1673777374 189
1673777374 148
1673777374 103
1673777375 168
1673777376 144
1673777376 193
1673777377 160
1673777377 153
1673777378 199
1673777378 200
1673777378 194
1673777378 125
1673777379 137
1673777379 136
1673777379 191
1673777379 145
1673777379 151
1673777379 164
1673777380 107
1673777380 158
1673777381 165
1673777381 186
1673777381 106
1673777382 166
1673777382 101
1673777383 119
1673777383 190
1673777384 135
1673777384 122
1673777384 137
1673777385 194
1673777385 143
1673777385 156
1673777385 161
1673777385 181
1673777386 170
1673777386 107
1673777387 129
1673777387 176
1673777387 130
1673777387 111
1673777388 123
1673777389 151
1673777389 145
1673777389 193
1673777390 134
1673777390 194
1673777390 148
1673777390 143
1673777391 164
1673777391 182
1673777391 117
1673777392 147
1673777392 157
1673777392 150
1673777392 106
1673777392 127
1673777392 141
1673777393 122
1673777393 180
1673777394 106
1673777394 102
1673777395 107
1673777395 152
1673777395 190
1673777395 147
1673777396 188
1673777396 136
1673777396 173
1673777396 156
1673777397 153
1673777397 186
1673777397 135
1673777398 163
1673777398 130
1673777399 165
1673777400 177
1673777400 135
1673777401 113
1673777401 182
1673777401 131
1673777402 163
1673777402 163
1673777402 183
1673777402 120
1673777403 178
1673777403 169
1673777403 115
1673777404 147
1673777404 186
1673777404 165
1673777404 154
1673777404 148
1673777404 134
1673777404 148
1673777405 125
1673777405 131
1673777405 143
1673777405 160
1673777406 186
1673777406 108
1673777406 122
1673777406 151
1673777407 102
1673777407 156
1673777408 155
1673777408 146
1673777409 169
1673777410 168
1673777411 170
1673777411 151
1673777411 143
1673777411 109
1673777411 186
1673777411 192
1673777412 188
1673777412 180
1673777412 110
1673777412 155
1673777412 200
1673777412 198
1673777412 151
1673777413 114
1673777413 103
1673777414 162
1673777414 189
1673777415 124
1673777415 156
1673777415 134
1673777415 153
1673777416 161
1673777416 111
1673777416 107
1673777417 162
1673777417 164
1673777417 177
1673777418 140
1673777418 189
1673777420 103
1673777421 156
1673777421 177
1673777421 135
1673777421 158
1673777421 167
1673777421 192
1673777421 159
1673777421 180
1673777422 114
1673777422 188
1673777423 190
1673777424 124
1673777425 167
1673777425 198
1673777426 158
1673777426 189
1673777427 176
1673777427 152
1673777427 193
1673777428 172
1673777429 114
1673777429 125
1673777430 113
1673777430 133
1673777431 148
1673777431 165
1673777431 180
1673777431 128
1673777431 114
1673777431 133
1673777432 107
1673777433 144
1673777433 125
1673777434 118
1673777434 120
1673777434 134
1673777434 137
1673777434 172
1673777434 104
1673777435 184
1673777435 143
1673777435 200
1673777436 182
1673777437 142
1673777437 173
1673777437 146
1673777437 197
1673777438 161
1673777439 181
1673777440 103
1673777440 132
1673777440 192
1673777440 113
1673777440 133
1673777441 147
1673777442 141
1673777442 154
1673777442 179
1673777443 138
1673777443 190
1673777443 185
1673777444 176
1673777444 187
1673777444 144
1673777444 105
1673777444 146
1673777445 170
1673777445 147
1673777445 183
1673777445 185
1673777445 126
1673777445 197
1673777446 150
1673777447 138
1673777447 117
1673777448 157
1673777448 130
1673777450 182
1673777450 194
1673777450 195
1673777451 150
1673777451 171
1673777451 138
1673777451 162
1673777451 113
1673777451 108
1673777451 121
1673777452 119
1673777452 163
1673777452 191
1673777454 106
1673777454 183
1673777454 145
1673777455 170
1673777455 127
1673777455 134
1673777455 175
1673777456 191
1673777456 110
1673777457 178
1673777458 111
1673777458 171
1673777458 122
1673777458 136
1673777459 166
1673777459 192
1673777459 147
1673777459 115
1673777460 108
1673777460 136
1673777460 138
1673777460 109
1673777460 165
1673777461 103
1673777461 162
1673777462 124
1673777462 131
1673777462 151
1673777463 127
1673777463 132
1673777463 154
1673777464 138
1673777464 125
1673777464 136
1673777464 137
1673777464 167
1673777465 190
1673777465 173
1673777465 163
1673777466 102
1673777467 112
1673777467 177
1673777468 128
1673777468 108
1673777468 121
1673777468 193
1673777469 124
1673777469 109
1673777470 102
1673777470 149
1673777472 177
1673777472 177
1673777473 163
1673777473 176
1673777473 155
1673777473 166
1673777474 167
1673777474 177
1673777474 133
1673777474 124
1673777474 115
1673777474 197
1673777475 140
1673777475 120
1673777475 130
1673777476 196
1673777476 190
1673777476 192
1673777476 136
1673777477 157
1673777477 116
1673777478 119
1673777478 110
1673777478 172
1673777479 161
1673777479 117
1673777479 171
1673777480 164
1673777480 136
1673777481 141
1673777481 199
1673777481 183
1673777482 193
1673777482 118
1673777482 146
1673777483 180
1673777483 187
1673777483 183
1673777484 111
1673777484 141
1673777485 162
1673777485 117
1673777485 132
1673777486 114
1673777486 126
1673777486 140
1673777487 200
1673777487 183
1673777487 148
1673777488 122
1673777488 147
1673777489 148
1673777489 152
1673777489 126
1673777489 171
1673777490 187
1673777490 111
1673777490 114
1673777491 197
1673777492 110
1673777492 191
1673777492 111
1673777493 137
1673777494 102
1673777494 126
1673777495 126
1673777495 137
1673777495 105
1673777496 161
1673777496 142
1673777496 151
1673777497 119
1673777497 195
1673777497 104
1673777498 154
1673777498 149
1673777498 153
1673777498 109
1673777500 141
1673777500 200
1673777501 170
1673777501 179
1673777501 108
1673777502 105
1673777502 101
1673777503 183
1673777503 154
1673777503 142
1673777504 123
1673777504 144
1673777504 152
1673777504 177
1673777504 107
1673777504 134
1673777505 144
1673777505 170
1673777505 166
1673777506 199
1673777506 138
1673777506 195
1673777507 141
1673777507 172
1673777507 190
1673777508 129
1673777508 163
1673777508 132
1673777509 194
1673777509 151
1673777509 178
1673777510 176
1673777510 192
1673777512 104
1673777513 187
1673777513 132
1673777514 131
1673777514 151
1673777514 105
1673777514 191
1673777514 186
1673777514 169
1673777514 184
1673777514 127
1673777515 125
1673777515 122
1673777515 148
1673777516 182
1673777516 109
1673777516 152
1673777516 174
1673777517 161
1673777518 134
1673777518 195
1673777518 186
1673777519 102
1673777519 148
1673777519 128
1673777519 131
1673777520 111
1673777520 194
1673777520 173
1673777521 113
1673777521 178
1673777521 167
1673777521 138
1673777521 103
1673777522 135
1673777522 159
1673777523 113
1673777523 152
1673777523 162
1673777524 138
1673777524 118
1673777524 193
1673777525 163
1673777526 109
1673777527 169
1673777528 136
1673777528 194
1673777529 144
1673777529 169
1673777530 106
1673777531 188
1673777531 115
1673777532 105
1673777532 189
1673777532 132
1673777533 114
1673777533 168
1673777533 198
1673777534 114
1673777534 165
1673777535 136
1673777535 185
1673777535 197
1673777535 182
1673777535 104
1673777536 189
1673777536 151
1673777536 178
1673777536 111
1673777536 197
1673777536 116
1673777537 173
1673777538 122
1673777539 176
1673777539 103
1673777539 164
1673777539 118
1673777539 119
1673777540 142
1673777541 114
1673777541 126
1673777541 162
1673777541 148
1673777542 115
1673777543 187
1673777544 136
1673777544 113
1673777544 181
1673777544 112
1673777544 174
1673777544 106
1673777546 130
1673777546 196
1673777546 102
1673777546 182
1673777546 166
1673777547 191
1673777547 158
1673777547 189
1673777548 133
1673777548 142
1673777549 191
1673777549 166
1673777549 119
1673777549 164
1673777549 103
1673777549 195
1673777549 104
1673777550 184
1673777550 195
1673777551 145
1673777551 110
1673777551 183
1673777552 141
1673777552 191
1673777553 183
1673777553 155
1673777553 168
1673777554 127
1673777555 117
1673777556 187
1673777556 143
1673777556 140
1673777556 134
1673777556 149
1673777556 173
1673777556 106
1673777557 191
1673777558 113
1673777558 190
1673777559 158
1673777559 126
1673777559 133
1673777559 138
1673777559 133
1673777559 195
1673777560 184
1673777560 189
1673777560 115
1673777560 173
1673777560 104
1673777562 174
1673777563 113
1673777563 116
1673777563 170
1673777563 190
1673777563 172
1673777564 131
1673777564 108
1673777564 179
1673777565 176
1673777565 114
1673777565 192
1673777566 156
1673777566 113
1673777567 147
1673777568 130
1673777568 130
1673777569 194
1673777569 177
1673777569 130
1673777570 193
1673777570 127
1673777571 121
1673777571 149
1673777571 112
1673777571 105
1673777571 190
1673777571 135
1673777571 111
1673777572 195
1673777572 121
1673777572 115
1673777573 109
1673777574 144
1673777574 162
1673777575 157
1673777575 149
1673777575 153
1673777575 107
1673777575 184
1673777576 150
1673777576 181
1673777576 156
1673777576 185
1673777576 140
1673777576 171
1673777577 160
1673777577 115
1673777577 156
1673777577 189
1673777578 160
1673777578 104
1673777578 157
1673777580 176
1673777580 127
1673777580 158
1673777580 129
1673777580 117
1673777581 163
1673777581 101
1673777582 126
1673777582 148
1673777582 179
1673777583 172
1673777583 118
1673777584 147
1673777584 123
1673777584 190
1673777584 135
1673777585 196
1673777585 137
1673777586 195
1673777586 153
1673777586 182
1673777586 185
1673777587 106
1673777587 138
1673777588 115
1673777589 180
1673777590 190
1673777591 198
1673777591 154
1673777592 153
1673777592 128
1673777592 121
1673777592 111
1673777592 138
1673777592 170
1673777592 186
1673777593 179
1673777594 166
1673777594 149
1673777594 136
1673777595 199
1673777596 118
1673777596 129
1673777596 136
1673777597 101
1673777598 178
1673777598 116
1673777599 170
1673777599 148
1673777599 191
1673777600 176
1673777601 178
1673777601 119
1673777601 193
1673777603 161
1673777603 149
1673777603 169
1673777604 186
1673777604 161
1673777605 187
1673777605 119
1673777606 123
1673777607 163
1673777607 101
1673777607 121
1673777607 168
1673777608 147
1673777608 166
1673777608 130
1673777609 173
1673777609 101
1673777609 108
1673777609 198
1673777610 149
1673777610 115
1673777611 126
1673777611 163
1673777611 199
1673777611 161
1673777611 105
1673777611 188
1673777612 178
1673777612 175
1673777612 111
1673777613 140
1673777613 119
1673777613 136
1673777613 124
1673777614 149
1673777614 114
1673777614 160
1673777615 163
1673777615 109
1673777616 137
1673777616 172
1673777617 129
1673777618 103
1673777618 124
1673777618 117
1673777618 165
1673777618 198
1673777618 164
1673777618 170
1673777618 119
1673777619 161
1673777619 183
1673777619 150
1673777620 200
1673777620 166
1673777621 186
1673777621 190
1673777622 126
1673777622 145
1673777622 126
1673777623 175
1673777623 140
1673777623 139
1673777623 102
1673777624 121
1673777624 174
1673777625 101
1673777625 174
1673777625 115
1673777625 133
1673777625 180
1673777625 107
1673777626 126
1673777626 137
1673777626 170
1673777626 184
1673777627 137
1673777627 170
1673777629 158
1673777629 136
1673777629 172
1673777629 168
1673777630 112
1673777630 104
1673777631 164
1673777631 101
1673777632 160
1673777632 126
1673777632 114
1673777633 172
1673777633 124
1673777634 175
1673777634 153
1673777635 148
1673777635 112
1673777635 197
1673777635 176
1673777635 198
1673777636 145
1673777637 198
1673777637 164
1673777637 158
1673777638 128
1673777638 121
1673777639 102
1673777639 109
1673777639 193
1673777639 169
1673777640 140
1673777641 175
1673777642 195
1673777642 134
1673777644 101
1673777644 119
1673777644 149
1673777645 195
1673777645 125
1673777646 131
1673777646 145
1673777647 173
1673777649 122
1673777652 116
1673777652 101
1673777652 168
1673777654 138
1673777654 164
1673777655 124
1673777657 169
1673777658 151
1673777658 137
1673777660 146
1673777661 130
1673777663 199
1673777664 150
1673777664 148
1673777664 157
1673777665 190
1673777665 161
1673777666 200
1673777669 147
1673777669 169
1673777670 187
1673777671 153
1673777673 183
1673777674 140
1673777677 130
1673777678 133
1673777678 110
1673777679 200
1673777682 120
1673777682 126
1673777683 127
1673777683 173
1673777684 144
1673777685 153
1673777687 155
1673777689 185
1673777689 171
1673777690 171
1673777691 103
1673777691 166
1673777692 133
1673777692 127
1673777693 183
1673777693 137
1673777693 199
1673777693 174
1673777694 135
1673777694 115
1673777694 110
1673777694 188
1673777695 112
1673777696 178
1673777696 157
1673777697 170
1673777700 105
1673777700 173
1673777700 197
1673777701 195
1673777702 117
1673777702 185
1673777702 186
1673777702 136
1673777702 184
1673777702 109
1673777703 155
1673777703 157
1673777704 149
1673777705 180
1673777706 131
1673777707 165
1673777708 164
1673777716 145
1673777716 158
1673777717 178
1673777717 174
1673777718 177
1673777718 146
1673777718 121
1673777718 134
1673777718 146
1673777719 182
1673777719 194
1673777719 134
1673777720 158
1673777720 184
1673777720 159
1673777721 143
1673777721 102
1673777721 112
1673777722 115
1673777722 115
1673777722 183
1673777723 132
1673777724 173
1673777724 196
1673777725 111
1673777725 179
1673777726 190
1673777727 113
1673777728 152
1673777728 155
1673777728 113
1673777729 110
1673777729 189
1673777729 126
1673777729 151
1673777729 143
1673777730 148
1673777730 175
1673777730 135
1673777730 172
1673777731 160
1673777731 171
1673777731 124
1673777732 181
1673777732 121
1673777732 172
1673777733 191
1673777733 165
1673777734 120
1673777735 128
1673777737 180
1673777737 103
1673777738 199
1673777738 172
1673777738 179
1673777738 182
1673777738 197
1673777739 181
1673777740 195
1673777740 174
1673777740 139
1673777740 191
1673777741 133
1673777741 175
1673777741 124
1673777741 166
1673777741 108
1673777742 173
1673777743 159
1673777743 121
1673777743 123
1673777743 183
1673777744 180
1673777745 184
1673777745 173
1673777745 137
1673777746 158
1673777746 113
1673777747 125
1673777747 195
1673777747 146
1673777748 109
1673777748 182
1673777748 139
1673777748 181
1673777749 154
1673777749 140
1673777751 108
1673777751 129
1673777752 122
1673777753 194
1673777753 164
1673777753 169
1673777753 122
1673777754 107
1673777754 148
1673777755 141
1673777755 197
1673777756 123
1673777756 126
1673777756 101
1673777756 160
1673777757 103
1673777757 117
1673777757 173
1673777758 166
1673777758 116
1673777758 123
1673777758 160
1673777759 142
1673777760 107
1673777760 172
1673777760 150
1673777760 142
1673777761 104
1673777761 176
1673777761 160
1673777762 196
1673777762 176
1673777762 199
1673777763 148
1673777763 182
1673777764 162
1673777765 130
1673777766 107
1673777766 105
1673777775 101
1673777775 166
1673777775 118
1673777776 126
1673777777 171
1673777777 148
1673777777 108
1673777778 129
1673777782 161
1673777782 149
1673777782 173
1673777785 105
1673777786 123
1673777786 146
1673777786 187
1673777786 119
1673777787 199
1673777788 180
1673777788 181
1673777788 109
1673777805 110
1673777805 153
1673777810 198
1673777811 193
1673777811 131
1673777812 194
1673777812 131
1673777813 104
1673777813 193
1673777813 152
1673777814 126
1673777815 184
1673777816 137
1673777818 122
1673777819 112
1673777819 147
1673777821 184
1673777833 115
1673777834 188
1673777836 129
1673777836 113
1673777838 112
1673777844 164
1673777844 132
1673777844 171
1673777844 102
1673777844 200
1673777846 108
1673777846 188
1673777847 139
1673777848 105
1673777848 126
1673777848 158
1673777848 157
1673777848 157
1673777855 127
1673777855 148
1673777856 162
1673777858 160
1673777860 124
1673777861 176
1673777861 155
1673777867 113
1673777874 148
1673777875 142
1673777875 114
1673777876 154
1673777876 188
1673777880 185
1673777881 146
1673777886 115
1673777892 200
1673777902 158
1673777902 164
1673777902 139
1673777902 141
1673777903 191
1673777904 184
1673777904 185
1673777905 158
1673777908 167
1673777908 131
1673777909 129
1673777909 176
1673777910 170
1673777910 141
1673777910 137
1673777911 131
1673777911 157
1673777912 151
1673777912 188
1673777913 104
1673777914 183
1673777914 128
1673777914 185
1673777915 142
1673777916 171
1673777916 117
1673777916 157
1673777920 190
1673777920 200
1673777920 184
1673777920 135
1673777924 169
1673777925 192
1673777927 192
1673777927 175
1673777927 107
1673777928 163
1673777930 168
1673777936 182
1673777936 175
1673777936 107
1673777936 170
1673777937 136
1673777937 195
1673777938 145
1673777938 110
1673777939 189
1673777939 197
1673777940 119
1673777940 142
1673777944 191
1673777945 179
1673777946 137
1673777946 103
1673777946 142
1673777947 117
1673777948 195
1673777948 109
1673777953 101
1673777953 188
1673777954 140
1673777954 111
1673777957 157
1673777957 182
1673777957 104
1673777959 114
1673777960 115
1673777960 106
1673777960 108
1673777961 141
1673777963 156
1673777963 158
1673777964 103
1673777964 143
1673777964 168
1673777968 104
1673777968 178
1673777968 174
1673777970 189
1673777971 133
1673777971 155
1673777972 183
1673777972 115
1673777973 193
1673777973 183
1673777973 111
1673777974 189
1673777978 160
1673777981 200
1673777981 132
1673777982 146
1673777982 119
1673777985 172
1673777985 146
1673777986 194
1673777986 121
1673777987 106
1673777987 106
1673777996 135
1673777997 135
1673778002 197
1673778005 199
1673778006 180
1673778007 192
1673778008 200
1673778008 130
1673778010 102
1673778010 108
1673778010 131
1673778010 128
1673778011 192
1673778014 150
1673778014 164
1673778016 134
1673778016 179
1673778017 141
1673778017 188
1673778018 132
1673778018 128
1673778019 135
1673778019 101
1673778026 131
1673778027 146
1673778027 187
1673778034 191
1673778034 104
1673778037 179
1673778037 147
1673778037 194
1673778038 145
1673778038 195
1673778048 107
1673778049 157
1673778056 130
1673778056 130
1673778056 193
1673778056 143
1673778057 135
1673778065 165
1673778065 196
1673778066 109
1673778067 179
1673778068 129
1673778068 168
1673778076 194
1673778083 112
1673778084 173
1673778084 145
1673778086 127
1673778094 176
1673778094 110
1673778105 148
1673778105 184
1673778105 143
1673778105 180
1673778107 125
1673778109 152
1673778119 155
1673778119 159
1673778120 175
1673778122 160
1673778123 126
1673778123 138
1673778124 149
1673778124 121
1673778127 167
1673778127 113
1673778129 157
1673778129 161
1673778130 148
1673778133 110
1673778133 143
1673778139 184
1673778140 190
1673778140 194
1673778140 153
1673778142 132
1673778144 166
1673778144 152
1673778148 150
1673778154 118
1673778158 198
1673778159 171
1673778159 154
1673778160 126
1673778160 114
1673778161 130
1673778161 145
1673778161 115
1673778162 104
1673778164 109
1673778164 197
1673778165 186
1673778165 152
1673778165 128
1673778168 160
1673778168 145
1673778170 152
1673778170 193
1673778170 196
1673778171 200
1673778176 187
1673778176 186
1673778177 136
1673778177 126
1673778190 117
1673778192 186
1673778193 189
1673778194 160
1673778196 185
1673778196 174
1673778196 103
1673778196 168
1673778199 132
1673778199 114
1673778199 163
1673778201 101
1673778203 136
1673778204 120
1673778204 117
1673778205 101
1673778205 178
1673778206 178
1673778207 114
1673778208 123
1673778208 112
1673778208 176
1673778210 121
1673778210 144
1673778211 142
1673778211 101
1673778212 157
1673778212 127
1673778214 194
1673778215 146
1673778215 135
1673778215 162
1673778215 134
1673778216 132
1673778217 142
1673778218 200
1673778218 172
1673778219 136
1673778220 197
1673778220 150
1673778221 126
1673778221 119
1673778221 190
1673778222 119
1673778222 152
1673778222 180
1673778223 155
1673778223 123
1673778224 112
1673778225 184
1673778225 189
1673778226 153
1673778226 106
1673778226 178
1673778226 171
1673778227 187
1673778227 153
1673778228 106
1673778229 158
1673778230 121
1673778233 198
1673778234 149
1673778234 127
1673778234 131
1673778236 172
1673778236 109
1673778236 121
1673778237 130
1673778237 149
1673778237 128
1673778237 158
1673778238 122
1673778238 118
1673778238 152
1673778239 188
1673778239 188
1673778239 111
1673778240 134
1673778240 140
1673778240 194
1673778240 188
1673778240 155
1673778241 183
1673778241 158
1673778241 104
1673778242 174
1673778242 189
1673778243 160
1673778244 137
1673778244 145
1673778245 137
1673778245 120
1673778245 134
1673778246 113
1673778246 174
1673778246 152
1673778246 180
1673778246 185
1673778247 159
1673778247 109
1673778247 112
1673778247 133
1673778247 198
1673778248 190
1673778248 107
1673778248 148
1673778249 177
1673778249 138
1673778251 169
1673778252 193
1673778252 196
1673778252 198
1673778253 168
1673778253 105
1673778254 149
1673778254 115
1673778254 125
1673778255 163
1673778255 111
1673778255 103
1673778255 196
1673778255 195
1673778256 119
1673778257 136
1673778257 188
1673778257 123
1673778258 182
1673778258 194
1673778258 152
1673778258 117
1673778259 154
1673778259 183
1673778259 164
1673778260 194
1673778260 156
1673778260 101
1673778261 115
1673778262 189
1673778262 159
1673778263 181
1673778263 109
1673778264 156
1673778264 177
1673778264 132
1673778265 122
1673778266 132
1673778267 169
1673778267 133
1673778268 178
1673778268 170
1673778268 174
1673778268 162
1673778269 107
1673778269 171
1673778269 149
1673778270 185
1673778271 123
1673778271 174
1673778271 111
1673778271 180
1673778272 115
1673778272 198
1673778272 200
1673778273 141
1673778273 126
1673778273 123
1673778273 161
1673778273 116
1673778274 135
1673778274 171
1673778275 109
1673778275 176
1673778275 143
1673778275 148
1673778276 142
1673778276 137
1673778277 115
1673778277 170
1673778278 108
1673778278 141
1673778279 107
1673778280 155
1673778280 184
1673778280 112
1673778281 184
1673778281 169
1673778282 102
1673778282 147
1673778282 182
1673778282 101
1673778283 113
1673778283 152
1673778283 173
1673778283 123
1673778283 163
1673778284 104
1673778284 178
1673778285 107
1673778285 200
1673778285 105
1673778285 166
1673778287 167
1673778287 128
1673778288 178
1673778289 153
1673778289 112
1673778290 123
1673778290 145
1673778290 108
1673778291 150
1673778291 197
1673778292 112
1673778292 118
1673778293 150
1673778293 141
1673778294 153
1673778294 155
1673778294 163
1673778294 119
1673778294 128
1673778294 167
1673778294 175
1673778294 170
1673778296 183
1673778296 150
1673778296 176
1673778296 129
1673778296 162
1673778296 192
1673778297 191
1673778298 142
1673778298 128
1673778298 121
1673778298 176
1673778298 144
1673778299 113
1673778299 110
1673778299 137
1673778300 188
1673778300 139
1673778300 144
1673778300 103
1673778301 132
1673778301 159
1673778302 127
1673778302 130
1673778303 126
1673778303 161
1673778303 175
1673778304 116
1673778304 185
1673778305 194
1673778306 116
1673778306 192
1673778306 199
1673778307 177
1673778307 180
1673778307 162
1673778307 147
1673778308 179
1673778308 112
1673778308 197
1673778308 106
1673778308 191
1673778309 109
1673778310 170
1673778311 109
1673778311 184
1673778311 105
1673778312 115
1673778312 121
1673778313 182
1673778313 151
1673778313 127
1673778314 123
1673778314 143
1673778314 140
1673778315 135
1673778315 183
1673778315 200
1673778316 120
1673778316 169
1673778317 180
1673778317 180
1673778317 150
1673778318 135
1673778318 158
1673778318 103
1673778318 188
1673778318 106
1673778318 167
1673778319 166
1673778319 143
1673778320 119
1673778320 143
1673778320 185
1673778320 134
1673778320 135
1673778321 110
1673778321 160
1673778321 148
1673778321 161
1673778321 156
1673778321 160
1673778322 182
1673778322 105
1673778322 155
1673778323 113
1673778324 165
1673778325 155
1673778325 191
1673778325 109
1673778326 187
1673778326 177
1673778326 131
1673778326 126
1673778326 178
1673778326 146
1673778326 156
1673778327 157
1673778327 156
1673778327 126
1673778327 155
1673778327 117
1673778328 129
1673778329 185
1673778329 184
1673778329 198
1673778330 151
1673778330 198
1673778330 153
1673778330 170
1673778330 163
1673778331 172
1673778331 170
1673778333 101
1673778333 195
1673778334 154
1673778334 119
1673778334 152
1673778334 107
1673778334 127
1673778335 105
1673778335 143
1673778335 119
1673778335 172
1673778336 151
1673778336 171
1673778336 156
1673778336 166
1673778337 166
1673778337 157
1673778337 139
1673778337 190
1673778337 178
1673778338 136
1673778339 120
1673778339 191
1673778339 179
1673778339 164
1673778339 103
1673778339 136
1673778340 183
1673778340 106
1673778340 135
1673778341 193
1673778341 187
1673778342 184
1673778342 114
1673778342 101
1673778343 101
1673778344 112
1673778344 177
1673778345 167
1673778345 142
1673778345 193
1673778346 108
1673778346 117
1673778347 136
1673778347 124
1673778347 175
1673778347 147
1673778348 135
1673778348 200
1673778349 104
1673778349 156
1673778350 199
1673778351 179
1673778352 112
1673778352 150
1673778352 131
1673778353 115
1673778353 163
1673778353 134
1673778353 197
1673778353 116
1673778354 148
1673778354 115
1673778354 190
1673778355 185
1673778355 134
1673778355 132
1673778355 111
1673778355 135
1673778356 156
1673778356 175
1673778357 102
1673778357 146
1673778357 117
1673778358 153
1673778359 162
1673778360 147
1673778361 110
1673778361 184
1673778362 141
1673778363 147
1673778363 137
1673778364 172
1673778364 178
1673778364 137
1673778364 145
1673778364 189
1673778364 151
1673778364 174
1673778365 176
1673778365 101
1673778366 166
1673778366 200
1673778366 102
1673778366 162
1673778367 168
1673778367 173
1673778368 137
1673778368 165
1673778369 102
1673778370 105
1673778370 109
1673778370 177
1673778371 149
1673778374 114
1673778374 155
1673778375 143
1673778376 168
1673778376 173
1673778377 177
1673778377 164
1673778378 156
1673778378 184
1673778379 149
1673778379 116
1673778379 137
1673778380 146
1673778380 192
1673778380 135
1673778381 104
1673778381 111
1673778381 179
1673778382 172
1673778382 175
1673778382 121
1673778382 103
1673778383 101
1673778384 123
1673778384 105
1673778384 104
1673778385 116
1673778385 105
1673778385 192
1673778385 121
1673778386 110
1673778387 120
1673778387 155
1673778387 180
1673778388 200
1673778388 107
1673778389 116
1673778390 183
1673778390 123
1673778390 162
1673778390 146
1673778391 193
1673778391 102
1673778391 194
1673778391 192
1673778392 156
1673778393 166
1673778393 160
1673778393 102
1673778394 119
1673778396 155
1673778396 180
1673778397 164
1673778397 146
1673778397 195
1673778397 105
1673778398 138
1673778398 145
1673778399 119
1673778399 125
1673778399 130
1673778399 167
1673778400 175
1673778401 131
1673778401 186
1673778402 140
1673778403 157
1673778403 169
1673778403 183
1673778403 104
1673778404 175
1673778404 114
1673778404 128
1673778405 148
1673778405 125
1673778405 190
1673778405 198
1673778405 103
1673778405 123
1673778405 145
1673778406 174
1673778406 190
1673778406 108
1673778406 119
1673778406 133
1673778406 197
1673778406 130
1673778406 155
1673778407 142
1673778407 172
1673778408 192
1673778408 174
1673778409 165
1673778410 135
1673778410 122
1673778410 137
1673778410 120
1673778410 194
1673778410 165
1673778411 116
1673778411 134
1673778411 181
1673778411 113
1673778411 131
1673778412 148
1673778412 194
1673778412 101
1673778413 125
1673778413 144
1673778413 138
1673778413 112
1673778414 198
1673778414 148
1673778414 111
1673778415 189
1673778415 102
1673778415 119
1673778416 196
1673778416 127
1673778416 174
1673778416 174
1673778416 114
1673778417 195
1673778417 101
1673778417 111
1673778417 192
1673778418 160
1673778418 103
1673778419 170
1673778419 200
1673778419 142
1673778419 192
1673778419 155
1673778419 111
1673778420 167
1673778420 172
1673778421 181
1673778421 175
1673778421 142
1673778422 110
1673778423 131
1673778423 108
1673778424 173
1673778424 117
1673778425 197
1673778425 120
1673778426 193
1673778426 116
1673778427 178
1673778427 127
1673778427 108
1673778427 150
1673778428 117
1673778428 152
1673778428 173
1673778428 153
1673778429 145
1673778429 181
1673778429 134
1673778429 132
1673778430 197
1673778430 197
1673778430 122
1673778430 113
1673778431 197
1673778431 117
1673778431 144
1673778431 111
1673778431 107
1673778432 128
1673778433 134
1673778433 135
1673778433 181
1673778434 103
1673778434 119
1673778434 198
1673778435 147
1673778435 144
1673778435 180
1673778435 139
1673778435 108
1673778436 106
1673778436 151
1673778436 198
1673778436 193
1673778437 126
1673778437 112
1673778437 149
1673778437 163
1673778438 196
1673778439 195
1673778439 166
1673778439 154
1673778439 121
1673778440 120
1673778440 170
1673778441 105
1673778441 149
1673778442 179
1673778442 181
1673778443 105
1673778444 158
1673778444 111
1673778444 199
1673778445 103
1673778445 124
1673778445 199
1673778446 193
1673778446 175
1673778446 134
1673778447 105
1673778448 119
1673778448 172
1673778448 127
1673778449 142
1673778451 102
1673778451 198
1673778452 110
1673778452 128
1673778452 118
1673778453 116
1673778453 142
1673778454 135
1673778454 187
1673778455 193
1673778455 179
1673778456 185
1673778456 179
1673778457 123
1673778457 200
1673778458 136
1673778458 138
1673778458 113
1673778458 165
1673778458 126
1673778458 188
1673778459 103
1673778459 172
1673778461 192
1673778461 155
1673778461 184
1673778461 112
1673778462 196
1673778462 181
1673778463 196
1673778463 179
1673778463 133
1673778464 167
1673778464 116
1673778464 152
1673778464 189
1673778464 172
1673778465 180
1673778465 175
1673778465 197
1673778466 127
1673778466 179
1673778466 153
1673778466 144
1673778467 161
1673778467 180
1673778467 170
1673778468 190
1673778468 180
1673778468 165
1673778468 126
1673778468 181
1673778468 199
1673778470 125
1673778470 174
1673778470 178
1673778471 113
1673778472 151
1673778472 156
1673778472 123
1673778473 180
1673778473 106
1673778473 115
1673778473 156
1673778473 165
1673778474 176
1673778474 172
1673778475 198
1673778475 101
1673778475 115
1673778476 176
1673778477 168
1673778477 190
1673778477 152
1673778477 193
1673778477 167
1673778477 165
1673778478 162
1673778478 189
1673778478 165
1673778478 129
1673778478 124
1673778479 172
1673778479 150
1673778479 129
1673778480 117
1673778480 183
1673778480 143
1673778480 184
1673778481 132
1673778481 112
1673778482 181
1673778482 153
1673778483 133
1673778484 110
1673778484 124
1673778485 154
1673778485 186
1673778485 161
1673778486 161
1673778488 195
1673778488 144
1673778489 114
1673778489 163
1673778490 127
1673778490 126
1673778490 151
1673778491 174
1673778491 200
1673778492 164
1673778492 166
1673778492 137
1673778492 187
1673778492 174
1673778492 119
1673778493 160
1673778493 180
1673778493 200
1673778495 129
1673778495 157
1673778495 186
1673778495 140
1673778496 157
1673778496 158
1673778496 141
1673778497 176
1673778497 118
1673778498 194
1673778498 180
1673778499 143
1673778499 167
1673778500 111
1673778500 133
1673778501 132
1673778501 167
1673778501 168
1673778502 149
1673778502 121
1673778502 142
1673778503 145
1673778503 116
1673778504 111
1673778504 188
1673778504 149
1673778504 167
1673778504 196
1673778504 125
1673778504 126
1673778505 183
1673778505 113
1673778505 127
1673778505 158
1673778506 148
1673778506 191
1673778507 186
1673778507 160
1673778507 159
1673778508 170
1673778508 159
1673778509 181
1673778509 177
1673778510 180
1673778511 160
1673778511 153
1673778511 158
1673778511 188
1673778511 156
1673778511 184
1673778513 139
1673778513 114
1673778513 160
1673778513 187
1673778513 191
1673778514 193
1673778514 116
1673778514 193
1673778515 143
1673778516 106
1673778516 179
1673778516 155
1673778516 194
1673778517 119
1673778518 127
1673778518 150
1673778518 167
1673778518 104
1673778519 148
1673778520 126
1673778520 121
1673778521 148
1673778521 188
1673778521 119
1673778521 103
1673778521 117
1673778522 186
1673778523 157
1673778523 194
1673778524 148
1673778524 179
1673778524 159
1673778524 191
1673778524 157
1673778525 123
1673778526 122
1673778526 138
1673778526 166
1673778527 162
1673778527 172
1673778528 112
1673778528 113
1673778528 166
1673778529 165
1673778529 185
1673778529 199
1673778529 120
1673778529 197
1673778530 177
1673778530 109
1673778531 185
1673778531 136
1673778532 123
1673778532 122
1673778532 140
1673778532 170
1673778532 123
1673778533 143
1673778533 121
1673778533 102
1673778534 193
1673778534 142
1673778534 168
1673778535 115
1673778535 187
1673778535 125
1673778535 147
1673778537 168
1673778537 135
1673778538 150
1673778539 186
1673778539 104
1673778540 116
1673778540 139
1673778542 172
1673778542 103
1673778542 112
1673778542 134
1673778542 191
1673778543 131
1673778544 197
1673778545 108
1673778546 112
1673778546 103
1673778547 188
1673778548 154
1673778548 119
1673778548 123
1673778548 109
1673778548 196
1673778548 120
1673778549 177
1673778549 126
1673778549 138
1673778550 183
1673778550 150
1673778550 129
1673778550 119
1673778551 121
1673778552 198
1673778552 177
1673778552 157
1673778553 137
1673778553 158
1673778553 190
1673778553 176
1673778553 166
1673778554 122
1673778554 109
1673778554 122
1673778554 155
1673778555 109
1673778555 180
1673778555 107
1673778555 129
1673778556 136
1673778556 134
1673778556 190
1673778556 116
1673778558 153
1673778558 109
1673778559 135
1673778559 198
1673778559 135
1673778560 120
1673778562 165
1673778562 143
1673778562 140
1673778562 145
1673778563 151
1673778563 181
1673778563 101
1673778563 199
1673778564 151
1673778564 146
1673778565 200
1673778565 195
1673778565 155
1673778566 179
1673778566 114
1673778567 162
1673778567 153
1673778568 120
1673778568 167
1673778569 103
1673778569 142
1673778570 195
1673778571 144
1673778571 175
1673778571 108
1673778572 123
1673778572 200
1673778572 118
1673778572 118
1673778573 173
1673778573 103
1673778573 168
1673778574 115
1673778574 165
1673778574 181
1673778575 111
1673778575 131
1673778575 187
1673778575 196
1673778576 160
1673778577 158
1673778577 122
1673778577 134
1673778578 117
1673778579 147
1673778579 119
1673778580 154
1673778581 158
1673778581 186
1673778582 116
1673778582 164
1673778582 174
1673778582 141
1673778582 154
1673778583 190
1673778583 159
1673778583 114
1673778584 144
1673778584 145
1673778584 131
1673778585 117
1673778585 130
1673778585 189
1673778585 171
1673778585 116
1673778585 177
1673778586 192
1673778586 182
1673778587 121
1673778587 147
1673778587 121
1673778587 113
1673778587 113
1673778587 198
1673778587 147
1673778588 146
1673778588 135
1673778589 192
1673778589 165
1673778589 185
1673778589 182
1673778589 195
1673778589 199
1673778590 114
1673778590 137
1673778590 129
1673778590 135
1673778590 114
1673778590 106
1673778591 159
1673778591 189
1673778591 148
1673778591 191
1673778591 140
1673778592 105
1673778592 151
1673778592 116
1673778592 121
1673778594 154
1673778594 169
1673778594 117
1673778594 143
1673778594 193
1673778594 121
1673778595 185
1673778595 172
1673778595 163
1673778596 128
1673778596 174
1673778597 126
1673778597 160
1673778598 176
1673778599 170
1673778599 158
1673778599 154
1673778599 136
1673778599 105
1673778600 113
1673778600 113
1673778600 133
1673778600 192
1673778600 171
1673778601 161
1673778602 118
1673778602 159
1673778602 192
1673778603 129
1673778603 118
1673778603 175
1673778604 135
1673778605 186
1673778605 196
1673778606 150
1673778607 111
1673778607 116
1673778607 188
1673778608 163
1673778608 110
1673778608 115
1673778608 193
1673778608 196
1673778609 178
1673778609 141
1673778609 142
1673778610 103
1673778610 158
1673778610 111
1673778610 177
1673778610 140
1673778610 148
1673778610 191
1673778610 163
1673778611 117
1673778611 184
1673778611 162
1673778611 116
1673778611 132
1673778612 199
1673778612 137
1673778613 172
1673778613 137
1673778614 184
1673778614 140
1673778615 191
1673778616 155
1673778616 179
1673778616 115
1673778616 110
1673778617 198
1673778617 109
1673778617 198
1673778618 133
1673778618 117
1673778618 133
1673778619 145
1673778619 104
1673778619 153
1673778619 164
1673778620 159
1673778620 164
1673778620 193
1673778621 178
1673778621 187
1673778621 165
1673778621 125
1673778622 124
1673778622 161
1673778622 182
1673778623 157
1673778623 175
1673778623 105
1673778623 180
1673778624 193
1673778624 138
1673778625 155
1673778625 152
1673778625 146
1673778625 125
1673778625 147
1673778626 111
1673778626 124
1673778626 153
1673778626 171
1673778626 132
1673778626 126
1673778626 111
1673778626 120
1673778627 115
1673778627 178
1673778627 106
1673778627 108
1673778627 110
1673778627 189
1673778628 130
1673778628 140
1673778628 177
1673778629 171
1673778630 101
1673778630 156
1673778630 130
1673778630 116
1673778630 182
1673778630 194
1673778631 200
1673778631 119
1673778631 162
1673778633 156
1673778633 191
1673778633 117
1673778633 183
1673778633 176
1673778633 186
1673778634 118
1673778635 174
1673778635 186
1673778636 133
1673778636 148
1673778636 199
1673778637 137
1673778637 162
1673778637 185
1673778638 122
1673778638 163
1673778639 165
1673778639 191
1673778640 126
1673778640 108
1673778640 114
1673778641 111
1673778641 117
1673778642 147
1673778642 118
1673778643 166
1673778643 152
1673778643 143
1673778645 114
1673778645 117
1673778646 138
1673778646 115
1673778646 149
1673778646 165
1673778647 140
1673778647 190
1673778647 183
1673778647 191
1673778647 131
1673778648 119
1673778649 138
1673778649 112
1673778649 105
1673778649 120
1673778649 144
1673778650 182
1673778650 200
1673778650 148
1673778651 104
1673778651 112
1673778651 133
1673778651 115
1673778651 190
1673778652 171
1673778652 114
1673778652 181
1673778653 141
1673778654 120
1673778654 149
1673778655 141
1673778656 177
1673778657 189
1673778657 114
1673778657 112
1673778657 127
1673778657 190
1673778657 150
1673778657 162
1673778658 192
1673778659 147
1673778660 111
1673778660 151
1673778660 122
1673778661 104
1673778661 199
1673778663 173
1673778664 175
1673778664 147
1673778665 194
1673778665 186
1673778665 146
1673778666 170
1673778666 165
1673778666 138
1673778667 107
1673778667 166
1673778667 114
1673778667 176
1673778667 122
1673778668 109
1673778668 163
1673778669 195
1673778669 128
1673778669 180
1673778671 139
1673778671 169
1673778671 193
1673778672 179
1673778672 169
1673778672 200
1673778672 149
1673778673 116
1673778673 111
1673778673 156
1673778674 182
1673778674 183
1673778674 147
1673778675 151
1673778675 114
1673778677 160
1673778677 144
1673778677 167
1673778678 147
1673778678 127
1673778679 175
1673778680 120
1673778680 143
1673778680 183
1673778680 124
1673778680 130
1673778680 143
1673778681 180
1673778682 129
1673778682 182
1673778682 132
1673778683 174
1673778683 131
1673778683 156
1673778684 125
1673778684 102
1673778684 171
1673778685 166
1673778685 148
1673778685 102
1673778685 119
1673778685 190
1673778685 136
1673778686 185
1673778688 127
1673778688 102
1673778688 107
1673778689 119
1673778690 121
1673778690 132
1673778690 101
1673778690 122
1673778691 107
1673778691 190
1673778691 113
1673778692 193
1673778694 195
1673778694 179
1673778694 112
1673778694 178
1673778695 190
1673778695 193
1673778695 197
1673778695 179
1673778695 140
1673778695 129
1673778695 176
1673778696 170
1673778696 171
1673778696 196
1673778697 157
1673778697 118
1673778698 169
1673778698 141
1673778700 135
1673778700 158
1673778700 200
1673778700 128
1673778700 123
1673778700 101
1673778701 146
1673778701 115
1673778701 116
1673778703 113
1673778703 115
1673778703 165
1673778704 118
1673778704 149
1673778704 168
1673778704 113
1673778705 172
1673778705 182
1673778705 133
1673778705 148
1673778706 189
1673778707 166
1673778707 167
1673778707 132
1673778707 195
1673778708 148
1673778708 155
1673778708 115
1673778708 175
1673778708 152
1673778709 176
1673778710 200
1673778710 138
1673778710 108
1673778711 184
1673778711 164
1673778711 174
1673778711 134
1673778711 171
1673778712 189
1673778712 159
1673778713 192
1673778713 111
1673778714 168
1673778714 200
1673778714 111
1673778716 178
1673778716 183
1673778717 108
1673778717 112
1673778717 190
1673778717 169
1673778718 165
1673778719 107
1673778719 111
1673778719 194
1673778720 186
1673778720 175
1673778720 124
1673778721 107
1673778721 116
1673778722 132
1673778722 186
1673778722 120
1673778723 117
1673778723 150
1673778723 118
1673778724 127
1673778725 141
1673778725 142
1673778726 106
1673778726 174
1673778726 140
1673778727 198
1673778727 172
1673778728 194
1673778728 152
1673778728 188
1673778729 173
1673778729 139
1673778729 118
1673778729 156
1673778729 164
1673778730 112
1673778731 190
1673778732 157
1673778732 154
1673778732 187
1673778733 104
1673778733 130
1673778734 197
1673778734 162
1673778734 122
1673778734 138
1673778734 186
1673778735 140
1673778736 148
1673778737 114
1673778737 164
1673778737 186
1673778737 105
1673778738 106
1673778738 183
1673778738 113
1673778738 180
1673778738 109
1673778738 200
1673778739 121
1673778739 177
1673778739 130
1673778739 138
1673778740 178
1673778740 122
1673778741 176
1673778741 121
1673778741 161
1673778742 108
1673778742 143
1673778743 119
1673778743 115
1673778743 200
1673778744 127
1673778744 174
1673778744 171
1673778744 184
1673778744 112
1673778744 190
1673778744 166
1673778744 132
1673778745 134
1673778745 145
1673778746 119
1673778746 160
1673778747 194
1673778747 176
1673778747 153
1673778747 156
1673778748 118
1673778748 103
1673778749 168
1673778749 111
1673778749 121
1673778750 146
1673778751 112
1673778752 197
1673778752 164
1673778752 173
1673778753 103
1673778753 134
1673778753 180
1673778753 164
1673778754 174
1673778754 120
1673778754 107
1673778754 192
1673778754 194
1673778755 173
1673778755 136
1673778755 169
1673778755 142
1673778756 119
1673778756 133
1673778756 103
1673778757 126
1673778758 159
1673778758 122
1673778758 168
1673778758 197
1673778758 169
1673778759 110
1673778760 167
1673778760 189
1673778760 140
1673778760 151
1673778761 192
1673778761 158
1673778762 197
1673778762 103
1673778762 117
1673778762 184
1673778762 168
1673778763 108
1673778763 172
1673778763 154
1673778764 195
1673778764 171
1673778764 143
1673778764 199
1673778765 136
1673778765 197
1673778765 114
1673778766 142
1673778766 176
1673778766 190
1673778767 188
1673778767 119
1673778768 168
1673778768 113
1673778769 190
1673778769 101
1673778769 186
1673778770 122
1673778770 137
1673778771 168
1673778771 194
1673778771 111
1673778772 133
1673778772 139
1673778772 159
1673778772 168
1673778773 127
1673778774 144
1673778774 127
1673778774 103
1673778775 123
1673778775 158
1673778775 200
1673778775 176
1673778776 119
1673778776 181
1673778776 120
1673778776 145
1673778776 121
1673778777 191
1673778778 105
1673778778 162
1673778779 194
1673778779 111
1673778779 111
1673778780 183
1673778781 147
1673778781 136
1673778781 173
1673778781 159
1673778782 159
1673778782 126
1673778782 146
1673778782 116
1673778782 187
1673778783 104
1673778783 197
1673778784 106
1673778784 109
1673778784 136
1673778784 136
1673778785 105
1673778786 149
1673778786 157
1673778786 191
1673778786 153
1673778786 169
1673778787 112
1673778788 168
1673778788 131
1673778789 136
1673778790 164
1673778790 175
1673778790 198
1673778791 189
1673778791 127
1673778792 125
1673778792 180
1673778792 190
1673778793 103
1673778793 193
1673778793 105
1673778794 197
1673778795 134
1673778795 188
1673778797 144
1673778797 119
1673778798 177
1673778798 162
1673778798 105
1673778798 187
1673778798 102
1673778799 139
1673778799 161
1673778799 107
1673778800 198
1673778802 172
1673778802 195
1673778803 188
1673778803 162
1673778803 194
1673778803 194
1673778803 171
1673778803 179
1673778803 126
1673778803 197
1673778805 154
1673778806 125
1673778806 167
1673778806 158
1673778806 198
1673778807 185
1673778807 160
1673778808 193
1673778809 132
1673778809 116
1673778809 182
1673778809 193
1673778809 133
1673778810 128
1673778810 104
1673778810 193
1673778810 110
1673778810 180
1673778811 149
1673778812 177
1673778812 175
1673778812 190
1673778812 159
1673778812 135
1673778812 162
1673778813 157
1673778813 135
1673778813 149
1673778814 162
1673778814 161
1673778815 164
1673778815 191
1673778816 143
1673778816 142
1673778816 126
1673778816 107
1673778816 159
1673778817 177
1673778817 125
1673778818 126
1673778818 151
1673778818 194
1673778818 178
1673778818 143
1673778819 192
1673778819 175
1673778819 111
1673778819 103
1673778820 137
1673778820 194
1673778820 108
1673778820 131
1673778820 167
1673778820 189
1673778820 130
1673778820 143
1673778821 138
1673778821 116
1673778821 116
1673778821 181
1673778822 143
1673778822 118
1673778822 192
1673778822 186
1673778822 152
1673778822 170
1673778822 144
1673778823 123
1673778823 128
1673778823 156
1673778823 159
1673778825 173
1673778825 189
1673778825 180
1673778825 123
1673778826 169
1673778826 166
1673778826 134
1673778827 141
1673778828 134
1673778828 176
1673778828 143
1673778828 126
1673778829 151
1673778829 181
1673778830 165
1673778830 176
1673778830 148
1673778830 111
1673778830 112
1673778830 168
1673778832 193
1673778832 137
1673778832 132
1673778833 187
1673778833 118
1673778834 167
1673778834 106
1673778834 181
1673778835 177
1673778835 192
1673778835 176
1673778836 198
1673778836 154
1673778836 195
1673778836 176
1673778837 151
1673778837 141
1673778837 173
1673778837 114
1673778837 110
1673778838 107
1673778838 200
1673778838 178
1673778838 130
1673778839 104
1673778839 137
1673778839 165
1673778839 199
1673778840 194
1673778840 176
1673778841 150
1673778843 187
1673778843 186
1673778843 151
1673778844 135
1673778844 117
1673778844 186
1673778844 187
1673778845 182
1673778845 120
1673778845 116
1673778845 117
1673778845 187
1673778845 107
1673778846 154
1673778846 134
1673778846 120
1673778846 168
1673778846 115
1673778847 152
1673778847 155
1673778847 161
1673778848 128
1673778848 120
1673778848 111
1673778849 156
1673778849 182
1673778850 197
1673778850 147
1673778851 162
1673778851 125
1673778851 180
1673778851 117
1673778852 153
1673778852 103
1673778853 136
1673778853 148
1673778853 122
1673778854 123
1673778854 135
1673778854 200
1673778854 171
1673778855 117
1673778855 199
1673778856 178
1673778857 183
1673778857 125
1673778857 175
1673778858 158
1673778858 190
1673778858 151
1673778859 151
1673778860 185
1673778860 128
1673778860 160
1673778860 125
1673778860 161
1673778861 124
1673778862 154
1673778862 177
1673778862 123
1673778862 163
1673778863 176
1673778863 138
1673778864 190
1673778864 198
1673778864 190
1673778864 160
1673778864 130
1673778866 163
1673778866 166
1673778868 107
1673778868 123
1673778868 130
1673778869 124
1673778869 191
1673778870 193
1673778870 137
1673778870 127
1673778870 136
1673778871 149
1673778871 135
1673778871 193
1673778873 163
1673778874 144
1673778874 125
1673778875 143
1673778875 180
1673778875 113
1673778875 127
1673778875 174
1673778875 107
1673778876 187
1673778876 109
1673778876 186
1673778877 112
1673778878 174
1673778878 186
1673778878 122
1673778879 160
1673778879 115
1673778880 197
1673778880 194
1673778880 175
1673778881 167
1673778881 157
1673778882 146
1673778882 190
1673778882 186
1673778882 148
1673778883 188
1673778883 146
1673778884 190
1673778884 176
1673778884 155
1673778884 182
1673778884 187
1673778884 116
1673778885 127
1673778885 153
1673778885 185
1673778886 148
1673778886 179
1673778886 132
1673778886 180
1673778886 185
1673778886 191
1673778888 113
1673778888 182
1673778888 131
1673778888 184
1673778889 171
1673778889 115
1673778889 124
1673778889 107
1673778890 115
1673778890 147
1673778890 127
1673778891 172
1673778891 131
1673778892 165
1673778892 139
1673778892 152
1673778893 118
1673778893 190
1673778893 139
1673778894 170
1673778894 109
1673778894 175
1673778894 119
1673778894 200
1673778895 135
1673778895 177
1673778895 116
1673778895 162
1673778895 114
1673778896 161
1673778896 198
1673778897 178
1673778897 105
1673778897 182
1673778898 142
1673778898 146
1673778898 171
1673778898 107
1673778898 109
1673778898 120
1673778899 126
1673778899 194
1673778899 177
1673778900 127
1673778900 120
1673778901 177
1673778901 192
1673778901 199
1673778901 135
1673778901 110
1673778901 107
1673778902 107
1673778903 165
1673778903 106
1673778903 172
1673778903 179
1673778904 160
1673778904 168
1673778905 185
1673778905 166
1673778905 181
1673778905 155
1673778906 162
1673778906 193
1673778906 193
1673778908 190
1673778908 140
1673778908 198
1673778909 128
1673778909 155
1673778910 142
1673778910 171
1673778911 124
1673778912 179
1673778912 174
1673778912 138
1673778912 146
1673778913 117
1673778913 197
1673778913 126
1673778914 151
1673778914 128
1673778915 145
1673778916 181
1673778916 195
1673778916 143
1673778917 176
1673778918 146
1673778918 108
1673778919 200
1673778919 134
1673778919 127
1673778920 119
1673778920 164
1673778920 121
1673778920 156
1673778921 143
1673778921 110
1673778921 160
1673778921 159
1673778922 124
1673778922 166
1673778923 177
1673778923 114
1673778923 118
1673778923 132
1673778924 161
1673778924 173
1673778924 106
1673778925 158
1673778925 124
1673778925 102
1673778925 121
1673778925 196
1673778926 105
1673778926 185
1673778927 194
1673778927 133
1673778927 148
1673778928 188
1673778928 133
1673778928 187
1673778929 101
1673778930 123
1673778931 146
1673778931 155
1673778931 158
1673778931 156
1673778931 164
1673778931 153
1673778932 142
1673778932 153
1673778932 196
1673778932 142
1673778932 180
1673778932 131
1673778933 153
1673778934 193
1673778934 137
1673778934 106
1673778934 101
1673778934 134
1673778935 151
1673778935 190
1673778935 126
1673778935 107
1673778936 175
1673778936 103
1673778936 192
1673778936 130
1673778936 150
1673778937 121
1673778938 105
1673778939 155
1673778939 106
1673778940 122
1673778940 104
1673778941 153
1673778941 156
1673778941 161
1673778941 150
1673778942 155
1673778943 151
1673778943 130
1673778943 187
1673778943 169
1673778944 110
1673778944 122
1673778945 178
1673778946 110
1673778946 108
1673778947 162
1673778947 146
1673778947 197
1673778948 105
1673778948 137
1673778948 144
1673778949 198
1673778949 176
1673778950 139
1673778950 170
1673778951 135
1673778951 122
1673778952 110
1673778952 155
1673778952 104
1673778953 172
1673778953 127
1673778953 192
1673778954 191
1673778954 141
1673778954 138
1673778955 118
1673778955 162
1673778955 186
1673778955 147
1673778955 121
1673778956 152
1673778956 137
1673778956 121
1673778956 180
1673778956 195
1673778956 180
1673778956 105
1673778956 166
1673778956 189
1673778956 118
1673778956 185
1673778957 184
1673778957 176
1673778957 186
1673778957 180
1673778958 110
1673778958 149
1673778958 176
1673778958 180
1673778959 139
1673778959 123
1673778959 176
1673778959 185
1673778959 120
1673778960 139
1673778960 117
1673778960 172
1673778960 196
1673778961 154
1673778961 111
1673778961 127
1673778962 128
1673778962 151
1673778962 197
1673778962 185
1673778962 172
1673778963 187
1673778963 112
1673778963 175
1673778964 163
1673778964 179
1673778964 140
1673778964 121
1673778965 119
1673778966 166
1673778966 147
1673778966 171
1673778966 176
1673778967 118
1673778968 118
1673778968 151
1673778968 149
1673778969 132
1673778969 119
1673778969 172
1673778970 187
1673778970 172
1673778971 122
1673778971 170
1673778972 144
1673778972 164
1673778972 150
1673778973 187
1673778973 147
1673778974 109
1673778974 111
1673778974 178
1673778974 166
1673778975 143
1673778976 164
1673778976 198
1673778977 110
1673778977 144
1673778978 175
1673778979 134
1673778979 131
1673778979 116
1673778980 119
1673778981 120
1673778981 137
1673778981 175
1673778982 141
1673778982 189
1673778982 142
1673778983 163
1673778983 118
1673778983 159
1673778983 158
1673778984 125
1673778984 102
1673778985 199
1673778985 165
1673778985 174
1673778986 131
1673778986 187
1673778986 181
1673778987 105
1673778987 184
1673778987 180
1673778987 182
1673778987 172
1673778987 125
1673778987 128
1673778988 140
1673778988 148
1673778988 165
1673778988 134
1673778988 198
1673778988 176
1673778989 146
1673778989 105
1673778989 155
1673778990 134
1673778990 148
1673778990 137
1673778990 149
1673778992 193
1673778992 188
1673778993 198
1673778993 118
1673778994 190
1673778995 136
1673778995 188
1673778995 108
1673778995 131
1673778996 159
1673778996 125
1673778997 146
1673778998 166
1673778998 171
1673778998 153
1673778998 121
1673778999 192
1673778999 147
1673778999 101
1673779000 128
1673779000 184
1673779000 151
1673779001 140
1673779001 188
1673779001 152
1673779002 174
1673779002 191
1673779003 139
1673779003 156
1673779004 177
1673779004 109
1673779004 157
1673779004 198
1673779004 134
1673779005 192
1673779005 200
1673779006 104
1673779006 146
1673779007 163
1673779007 164
1673779008 190
1673779009 119
1673779009 154
1673779009 160
1673779009 106
1673779009 142
1673779010 139
1673779010 104
1673779010 175
1673779010 177
1673779011 116
1673779011 126
1673779011 161
1673779011 152
1673779011 140
1673779011 183
1673779011 173
1673779012 114
1673779012 160
1673779012 158
1673779012 130
1673779013 176
1673779013 154
1673779013 141
1673779014 176
1673779014 132
1673779014 191
1673779014 154
1673779014 132
1673779014 197
1673779015 148
1673779015 133
1673779015 105
1673779015 109
1673779016 145
1673779016 165
1673779017 154
1673779017 127
1673779018 173
1673779019 118
1673779019 162
1673779020 171
1673779021 143
1673779022 121
1673779022 182
1673779022 186
1673779022 172
1673779023 131
1673779023 188
1673779023 119
1673779023 159
1673779024 188
1673779024 116
1673779024 161
1673779024 198
1673779024 164
1673779024 185
1673779025 189
1673779025 195
1673779026 191
1673779026 140
1673779026 191
1673779026 199
1673779027 101
1673779027 104
1673779027 109
1673779028 102
1673779029 161
1673779029 116
1673779029 103
1673779030 112
1673779030 166
1673779030 177
1673779032 191
1673779032 173
1673779033 183
1673779034 132
1673779035 185
1673779035 104
1673779036 138
1673779036 102
1673779036 181
1673779037 182
1673779037 180
1673779037 152
1673779037 145
1673779037 112
1673779038 120
1673779038 155
1673779038 183
1673779039 102
1673779039 180
1673779039 152
1673779039 188
1673779039 200
1673779039 119
1673779039 152
1673779040 195
1673779040 122
1673779040 135
1673779040 111
1673779040 122
1673779041 189
1673779042 137
1673779042 127
1673779042 111
1673779043 174
1673779043 147
1673779043 112
1673779044 156
1673779044 174
1673779045 125
1673779045 179
1673779045 147
1673779046 113
1673779046 178
1673779046 139
1673779046 191
1673779047 155
1673779047 101
1673779048 191
1673779048 145
1673779048 115
1673779048 178
1673779048 116
1673779049 171
1673779049 148
1673779049 125
1673779050 117
1673779051 130
1673779052 158
1673779052 140
1673779052 191
1673779053 175
1673779053 142
1673779054 161
1673779054 166
1673779055 157
1673779055 175
1673779055 115
1673779055 130
1673779055 130
1673779056 198
1673779057 156
1673779058 162
1673779058 134
1673779059 194
1673779059 104
1673779060 107
1673779060 189
1673779060 155
1673779062 129
1673779062 156
1673779062 179
1673779062 157
1673779062 145
1673779063 193
1673779063 143
1673779064 164
1673779064 143
1673779064 179
1673779065 154
1673779065 156
1673779065 122
1673779065 198
1673779066 162
1673779066 195
1673779066 121
1673779066 172
1673779066 146
1673779066 108
1673779067 175
1673779067 109
1673779067 192
1673779068 151
1673779068 124
1673779069 128
1673779069 144
1673779070 120
1673779070 139
1673779071 109
1673779071 161
1673779071 147
1673779071 165
1673779072 138
1673779072 196
1673779072 134
1673779073 139
1673779074 142
1673779074 169
1673779074 115
1673779074 128
1673779074 194
1673779074 164
1673779075 168
1673779075 102
1673779075 119
1673779075 193
1673779076 118
1673779076 140
1673779076 108
1673779076 134
1673779076 182
1673779076 116
1673779076 177
1673779077 109
1673779077 140
1673779077 143
1673779078 128
1673779079 184
1673779079 179
1673779079 191
1673779079 109
1673779079 168
1673779079 146
1673779080 155
1673779080 132
1673779080 190
1673779082 138
1673779083 166
1673779084 158
1673779084 167
1673779085 139
1673779085 177
1673779085 126
1673779085 187
1673779086 173
1673779086 186
1673779087 152
1673779087 153
1673779088 200
1673779088 134
1673779088 103
1673779088 176
1673779089 138
1673779089 187
1673779090 169
1673779090 120
1673779091 176
1673779091 159
1673779091 111
1673779092 182
1673779092 109
1673779092 120
1673779092 140
1673779093 118
1673779093 181
1673779093 157
1673779094 145
1673779094 149
1673779094 177
1673779094 177
1673779095 127
1673779095 118
1673779096 178
1673779096 171
1673779096 199
1673779097 183
1673779098 171
1673779098 148
1673779099 163
1673779099 129
1673779099 119
1673779100 160
1673779100 102
1673779101 175
1673779101 104
1673779101 110
1673779101 104
1673779101 194
1673779102 198
1673779102 115
1673779102 148
1673779102 169
1673779103 129
1673779103 196
1673779103 105
1673779104 113
1673779104 133
1673779104 132
1673779104 158
1673779105 137
1673779106 174
1673779106 150
1673779106 121
1673779107 130
1673779107 136
1673779107 176
1673779108 128
1673779108 108
1673779108 155
1673779108 128
1673779108 128
1673779109 159
1673779109 150
1673779110 191
1673779110 191
1673779111 198
1673779111 143
1673779111 160
1673779111 166
1673779111 152
1673779112 159
1673779113 116
1673779113 112
1673779113 147
1673779113 168
1673779113 149
1673779113 156
1673779113 145
1673779114 184
1673779114 188
1673779115 102
1673779116 120
1673779117 195
1673779117 189
1673779118 135
1673779118 165
1673779118 132
1673779119 104
1673779119 106
1673779119 195
1673779120 190
1673779120 104
1673779120 194
1673779121 120
1673779121 193
1673779122 130
1673779123 176
1673779123 152
1673779123 136
1673779123 155
1673779124 107
1673779126 103
1673779126 140
1673779126 139
1673779126 128
1673779126 131
1673779127 142
1673779127 177
1673779128 168
1673779128 123
1673779129 157
1673779129 116
1673779129 191
1673779129 137
1673779130 134
1673779130 146
1673779131 124
1673779131 170
1673779131 149
1673779132 125
1673779132 189
1673779132 133
1673779132 168
1673779134 132
1673779134 140
1673779134 134
1673779134 152
1673779134 188
1673779135 150
1673779135 131
1673779135 116
1673779135 159
1673779135 194
1673779136 170
1673779136 130
1673779136 171
1673779137 122
1673779139 103
1673779139 133
1673779139 186
1673779139 125
1673779139 174
1673779140 104
1673779141 181
1673779141 166
1673779142 114
1673779142 118
1673779142 200
1673779142 175
1673779143 182
1673779143 102
1673779143 114
1673779143 103
1673779143 182
1673779143 125
1673779144 141
1673779144 145
1673779144 187
1673779144 191
1673779145 129
1673779145 176
1673779146 107
1673779147 111
1673779147 118
1673779147 174
1673779148 116
1673779148 183
1673779148 187
1673779149 189
1673779149 149
1673779149 186
1673779149 156
1673779149 144
1673779149 104
1673779150 106
1673779150 110
1673779150 132
1673779150 162
1673779150 175
1673779151 133
1673779151 191
1673779151 146
1673779151 190
1673779151 107
1673779152 160
1673779152 133
1673779152 105
1673779153 101
1673779154 157
1673779154 143
1673779155 173
1673779155 154
1673779155 162
1673779155 147
1673779157 109
1673779157 125
1673779157 114
1673779157 147
1673779158 105
1673779158 197
1673779158 128
1673779158 122
1673779158 197
1673779159 191
1673779160 176
1673779160 129
1673779160 115
1673779160 158
1673779160 131
1673779160 175
1673779160 149
1673779161 178
1673779161 170
1673779161 105
1673779161 160
1673779163 196
1673779163 178
1673779163 180
1673779163 164
1673779163 170
1673779163 114
1673779163 143
1673779164 147
1673779165 130
1673779165 115
1673779166 130
1673779166 169
1673779167 152
1673779167 153
1673779167 194
1673779167 140
1673779168 132
1673779169 197
1673779169 145
1673779169 196
1673779170 175
1673779170 171
1673779171 189
1673779171 184
1673779171 129
1673779171 167
1673779171 119
1673779172 119
1673779172 197
1673779172 173
1673779172 124
1673779172 113
1673779172 107
1673779172 103
1673779173 123
1673779174 196
1673779174 188
1673779174 124
1673779174 187
1673779175 178
1673779175 106
1673779177 149
1673779177 184
1673779177 109
1673779178 157
1673779178 141
1673779178 102
1673779178 158
1673779178 180
1673779179 159
1673779179 126
1673779179 175
1673779180 108
1673779180 132
1673779180 144
1673779180 126
1673779182 178
1673779182 190
1673779182 178
1673779182 107
1673779182 177
1673779182 140
1673779183 144
1673779183 186
1673779184 127
1673779184 175
1673779184 144
1673779185 142
1673779185 107
1673779185 181
1673779186 114
1673779186 171
1673779186 175
1673779186 184
1673779186 187
1673779186 133
1673779186 142
1673779186 182
1673779187 174
1673779189 119
1673779190 106
1673779191 139
1673779191 148
1673779191 127
1673779192 146
1673779193 131
1673779194 119
1673779194 155
1673779195 107
1673779195 133
1673779195 166
1673779196 141
1673779196 136
1673779196 151
1673779197 127
1673779197 194
1673779197 123
1673779197 145
1673779197 107
1673779197 112
1673779198 113
1673779198 144
1673779198 154
1673779199 134
1673779199 104
1673779200 193
1673779200 192
1673779200 199
1673779200 187
1673779200 101
1673779200 168
1673779201 162
1673779201 176
1673779202 119
1673779202 137
1673779203 153
1673779203 138
1673779203 194
1673779203 197
1673779204 119
1673779204 148
1673779205 180
1673779205 163
1673779205 127
1673779205 166
1673779205 196
1673779205 200
1673779206 169
1673779206 155
1673779207 146
1673779207 167
1673779208 145
1673779208 117
1673779208 124
1673779209 197
1673779209 101
1673779210 171
1673779210 171
1673779210 105
1673779211 152
1673779211 171
1673779211 190
1673779211 144
1673779211 173
1673779211 133
1673779211 195
1673779211 156
1673779212 106
1673779212 133
1673779212 118
1673779212 169
1673779212 151
1673779213 143
1673779213 142
1673779213 128
1673779214 122
1673779214 109
1673779215 151
1673779215 132
1673779215 163
1673779215 115
1673779215 185
1673779215 116
1673779217 152
1673779217 180
1673779218 187
1673779219 131
1673779219 112
1673779221 144
1673779221 143
1673779222 133
1673779222 120
1673779223 184
1673779223 150
1673779223 147
1673779223 155
1673779224 174
1673779225 161
1673779225 130
1673779225 118
1673779225 142
1673779225 135
1673779225 189
1673779225 185
1673779226 167
1673779226 162
1673779227 163
1673779227 138
1673779228 172
1673779228 151
1673779228 135
1673779229 136
1673779230 178
1673779230 179
1673779230 170
1673779231 152
1673779231 164
1673779231 130
1673779231 172
1673779233 145
1673779233 183
1673779234 194
1673779234 198
1673779235 171
1673779235 115
1673779235 147
1673779237 109
1673779237 138
1673779238 131
1673779238 123
1673779238 132
1673779238 186
1673779239 168
1673779239 103
1673779239 179
1673779239 137
1673779239 163
1673779240 199
1673779240 184
1673779241 140
1673779241 137
1673779241 138
1673779241 153
1673779242 144
1673779242 178
1673779242 102
1673779242 130
1673779243 176
1673779243 141
1673779243 176
1673779243 147
1673779244 109
1673779244 187
1673779245 166
1673779246 172
1673779248 185
1673779248 189
1673779248 195
1673779249 122
1673779249 124
1673779250 109
1673779250 195
1673779251 129
1673779251 191
1673779251 168
1673779252 199
1673779252 102
1673779253 130
1673779254 149
1673779254 131
1673779255 113
1673779255 170
1673779256 183
1673779256 159
1673779257 142
1673779257 178
1673779257 164
1673779257 164
1673779258 170
1673779258 193
1673779258 177
1673779259 154
1673779260 161
1673779260 191
1673779261 110
1673779261 103
1673779262 149
1673779262 107
1673779262 120
1673779262 107
1673779263 108
1673779264 165
1673779264 200
1673779265 192
1673779265 133
1673779266 117
1673779266 181
1673779266 153
1673779266 161
1673779266 154
1673779267 134
1673779267 112
1673779267 113
1673779268 102
1673779268 117
1673779268 115
1673779269 132
1673779269 126
1673779269 160
1673779269 112
1673779270 196
1673779271 172
1673779271 127
1673779271 175
1673779272 103
1673779272 157
1673779272 195
1673779273 164
1673779273 130
1673779274 111
1673779274 107
1673779275 180
1673779275 198
1673779275 132
1673779275 183
1673779275 194
1673779275 135
1673779276 124
1673779277 144
1673779277 122
1673779277 114
1673779278 157
1673779279 171
1673779279 146
1673779280 118
1673779280 114
1673779280 128
1673779281 156
1673779281 135
1673779281 144
1673779282 198
1673779283 162
1673779283 103
1673779283 115
1673779284 102
1673779285 165
1673779285 112
1673779286 187
1673779287 116
1673779287 183
1673779287 155
1673779287 130
1673779288 132
1673779288 145
1673779289 122
1673779289 196
1673779289 195
1673779289 181
1673779290 131
1673779290 113
1673779290 162
1673779290 155
1673779290 167
