1673776803 177
1673776804 121
1673776804 122
1673776804 145
1673776804 140
1673776806 186
1673776806 187
1673776807 174
1673776807 115
1673776807 180
1673776808 112
1673776808 119
1673776809 147
1673776809 120
1673776809 191
1673776809 149
1673776810 200
1673776810 179
1673776811 163
1673776812 124
1673776815 129
1673776816 138
1673776816 136
1673776817 149
1673776817 181
1673776818 106
1673776819 124
1673776820 160
1673776820 168
1673776821 131
1673776821 157
1673776821 197
1673776822 187
1673776822 177
1673776823 109
1673776824 163
1673776825 119
1673776825 117
1673776825 184
1673776825 169
1673776825 127
1673776826 122
1673776826 135
1673776827 123
1673776827 183
1673776828 181
1673776831 143
1673776831 109
1673776832 199
1673776832 101
1673776833 159
1673776833 199
1673776836 195
1673776836 182
1673776841 174
1673776841 197
1673776842 129
1673776842 168
1673776842 164
1673776844 129
1673776846 102
1673776848 184
1673776848 125
1673776849 160
1673776849 132
1673776850 172
1673776850 143
1673776850 122
1673776851 165
1673776853 195
1673776853 151
1673776853 137
1673776856 125
1673776857 126
1673776857 181
1673776858 156
1673776859 199
1673776860 128
1673776861 112
1673776861 183
1673776861 153
1673776862 114
1673776863 142
1673776863 186
1673776863 102
1673776863 106
1673776864 151
1673776866 121
1673776866 152
1673776867 151
1673776869 171
1673776871 113
1673776871 174
1673776872 196
1673776873 161
1673776874 193
1673776874 148
1673776874 188
1673776874 148
1673776875 174
1673776876 191
1673776877 159
1673776877 102
1673776878 185
1673776878 163
1673776879 101
1673776879 192
1673776879 154
1673776880 181
1673776880 122
1673776880 137
1673776881 189
1673776882 144
1673776882 112
1673776883 190
1673776884 177
1673776885 165
1673776885 166
1673776887 116
1673776888 129
1673776889 108
1673776889 173
1673776890 174
1673776891 160
1673776892 155
1673776892 135
1673776894 187
1673776895 138
1673776895 114
1673776896 130
1673776897 165
1673776898 189
1673776898 121
1673776898 109
1673776898 178
1673776898 116
1673776898 186
1673776899 192
1673776900 188
1673776901 108
1673776901 141
1673776902 136
1673776902 114
1673776903 117
1673776904 179
1673776904 111
1673776905 183
1673776905 136
1673776906 153
1673776907 123
1673776907 161
1673776907 186
1673776912 163
1673776912 185
1673776917 168
1673776917 125
1673776920 130
1673776922 171
1673776923 145
1673776923 190
1673776923 127
1673776923 148
1673776925 167
1673776925 180
1673776925 191
1673776925 192
1673776926 164
1673776926 145
1673776926 198
1673776926 196
1673776927 146
1673776927 185
1673776927 143
1673776928 183
1673776929 133
1673776929 146
1673776932 179
1673776933 151
1673776934 140
1673776934 200
1673776934 128
1673776934 116
1673776934 184
1673776934 152
1673776934 123
1673776935 192
1673776935 170
1673776935 139
1673776938 139
1673776940 140
1673776940 167
1673776940 196
1673776940 125
1673776941 151
1673776941 131
1673776941 167
1673776941 158
1673776943 112
1673776943 127
1673776944 149
1673776945 189
1673776946 140
1673776947 159
1673776947 105
1673776948 101
1673776948 190
1673776949 140
1673776950 145
1673776950 162
1673776950 140
1673776950 168
1673776951 194
1673776951 109
1673776951 180
1673776953 199
1673776953 184
1673776953 134
1673776953 161
1673776953 155
1673776953 169
1673776954 176
1673776955 107
1673776955 199
1673776956 103
1673776957 178
1673776958 140
1673776958 190
1673776958 106
1673776959 143
1673776959 200
1673776960 145
1673776960 126
1673776960 116
1673776960 197
1673776960 151
1673776961 105
1673776961 139
1673776961 148
1673776962 178
1673776962 182
1673776963 146
1673776963 104
1673776963 102
1673776964 171
1673776964 199
1673776965 185
1673776965 187
1673776965 134
1673776966 117
1673776966 105
1673776966 162
1673776967 116
1673776967 137
1673776967 170
1673776967 200
1673776968 146
1673776968 135
1673776969 121
1673776969 160
1673776969 144
1673776970 142
1673776970 133
1673776970 131
1673776970 138
1673776972 128
1673776972 176
1673776972 112
1673776972 128
1673776972 165
1673776973 109
1673776973 190
1673776973 121
1673776973 101
1673776974 181
1673776975 172
1673776976 121
1673776976 119
1673776977 108
1673776977 167
1673776977 103
1673776977 162
1673776977 160
1673776978 121
1673776978 109
1673776978 180
1673776978 194
1673776979 149
1673776980 188
1673776980 138
1673776981 197
1673776981 175
1673776982 127
1673776982 163
1673776982 156
1673776982 165
1673776982 115
1673776983 152
1673776983 110
1673776984 150
1673776986 183
1673776986 170
1673776987 170
1673776987 117
1673776987 131
1673776988 181
1673776988 177
1673776989 137
1673776990 170
1673776991 130
1673776991 158
1673776991 142
1673776992 103
1673776992 143
1673776992 182
1673776993 162
1673776993 105
1673776995 143
1673776995 121
1673776995 114
1673776996 168
1673776996 111
1673776999 110
1673777000 107
1673777001 160
1673777001 143
1673777001 193
1673777002 184
1673777002 107
1673777003 190
1673777003 109
1673777003 174
1673777004 160
1673777004 176
1673777005 127
1673777005 170
1673777005 108
1673777006 156
1673777006 183
1673777006 190
1673777006 161
1673777007 133
1673777008 119
1673777008 186
1673777008 106
1673777009 157
1673777010 193
1673777010 108
1673777011 117
1673777012 101
1673777012 190
1673777013 123
1673777013 143
1673777014 195
1673777014 175
1673777014 160
1673777015 140
1673777016 128
1673777016 163
1673777016 132
1673777017 144
1673777019 181
1673777020 166
1673777020 109
1673777021 197
1673777022 113
1673777023 102
1673777023 142
1673777024 147
1673777024 111
1673777025 118
1673777026 115
1673777026 114
1673777026 196
1673777026 195
1673777026 102
1673777027 160
1673777027 117
1673777028 193
1673777028 171
1673777029 111
1673777029 186
1673777029 180
1673777030 164
1673777030 149
1673777030 133
1673777030 162
1673777030 185
1673777030 179
1673777031 161
1673777031 151
1673777032 137
1673777032 183
1673777032 150
1673777033 145
1673777033 115
1673777033 127
1673777033 153
1673777033 131
1673777033 175
1673777033 121
1673777034 157
1673777034 162
1673777034 106
1673777034 148
1673777034 181
1673777034 116
1673777034 109
1673777036 187
1673777036 149
1673777036 119
1673777037 171
1673777037 141
1673777038 159
1673777038 125
1673777038 170
1673777039 167
1673777039 114
1673777040 182
1673777040 118
1673777041 168
1673777041 179
1673777041 178
1673777042 141
1673777042 181
1673777042 132
1673777042 197
1673777042 133
1673777043 160
1673777043 119
1673777043 133
1673777044 108
1673777044 160
1673777045 184
1673777045 155
1673777045 174
1673777046 192
1673777046 160
1673777046 177
1673777046 120
1673777047 109
1673777047 108
1673777047 146
1673777047 113
1673777048 182
1673777048 119
1673777049 148
1673777049 155
1673777050 123
1673777050 125
1673777050 185
1673777051 118
1673777051 194
1673777052 151
1673777052 171
1673777053 186
1673777053 121
1673777053 126
1673777053 149
1673777054 181
1673777055 147
1673777055 146
1673777055 170
1673777055 199
1673777055 151
1673777056 182
1673777057 168
1673777057 104
1673777057 186
1673777059 137
1673777059 169
1673777059 136
1673777060 171
1673777060 160
1673777060 148
1673777062 138
1673777062 175
1673777062 117
1673777062 168
1673777062 187
1673777062 111
1673777062 167
1673777063 185
1673777064 155
1673777064 180
1673777064 151
1673777064 180
1673777064 189
1673777064 102
1673777065 175
1673777065 158
1673777065 135
1673777065 189
1673777066 183
1673777066 128
1673777066 156
1673777067 181
1673777067 106
1673777068 153
1673777068 111
1673777069 191
1673777069 193
1673777069 197
1673777069 101
1673777070 144
1673777070 150
1673777071 124
1673777071 152
1673777071 129
1673777072 176
1673777072 164
1673777072 154
1673777072 146
1673777073 106
1673777073 108
1673777074 137
1673777074 138
1673777074 156
1673777075 138
1673777076 182
1673777076 187
1673777076 175
1673777076 196
1673777077 193
1673777078 135
1673777078 147
1673777079 154
1673777079 171
1673777079 193
1673777080 137
1673777080 167
1673777081 181
1673777081 141
1673777081 150
1673777082 117
1673777082 187
1673777082 161
1673777082 121
1673777083 106
1673777083 193
1673777083 160
1673777084 181
1673777084 188
1673777084 117
1673777084 160
1673777084 138
1673777085 160
1673777085 200
1673777085 123
1673777086 135
1673777086 126
1673777086 136
1673777087 151
1673777087 159
1673777087 152
1673777087 109
1673777087 127
1673777087 139
1673777088 196
1673777088 181
1673777088 112
1673777089 105
1673777090 199
1673777090 161
1673777090 143
1673777090 200
1673777091 193
1673777091 126
1673777092 174
1673777092 121
1673777092 119
1673777093 158
1673777094 146
1673777095 161
1673777096 106
1673777096 183
1673777096 105
1673777096 186
1673777097 175
1673777098 177
1673777098 105
1673777098 183
1673777098 160
1673777098 101
1673777099 195
1673777099 136
1673777099 135
1673777099 142
1673777099 108
1673777100 183
1673777101 174
1673777101 138
1673777101 142
1673777104 101
1673777104 117
1673777104 120
1673777105 166
1673777105 125
1673777106 178
1673777107 138
1673777107 169
1673777107 113
1673777108 193
1673777108 136
1673777108 125
1673777109 182
1673777109 153
1673777111 175
1673777111 174
1673777111 144
1673777112 112
1673777112 106
1673777113 190
1673777113 132
1673777113 169
1673777113 143
1673777114 175
1673777114 186
1673777114 109
1673777115 118
1673777116 162
1673777116 184
1673777116 177
1673777116 145
1673777116 172
1673777117 103
1673777117 126
1673777117 135
1673777117 173
1673777117 105
1673777118 108
1673777118 132
1673777119 191
1673777119 151
1673777119 184
1673777119 174
1673777119 109
1673777120 194
1673777121 198
1673777121 162
1673777121 151
1673777122 180
1673777122 161
1673777122 199
1673777122 120
1673777122 122
1673777123 195
1673777124 139
1673777124 181
1673777124 114
1673777124 160
1673777125 108
1673777126 130
1673777126 173
1673777126 196
1673777126 187
1673777126 161
1673777127 179
1673777127 197
1673777127 133
1673777127 126
1673777128 134
1673777128 144
1673777128 127
1673777128 185
1673777128 158
1673777128 107
1673777129 200
1673777129 143
1673777130 190
1673777130 173
1673777131 124
1673777131 163
1673777132 183
1673777133 160
1673777133 192
1673777133 183
1673777134 141
1673777134 141
1673777134 161
1673777134 168
1673777134 138
1673777135 126
1673777135 185
1673777135 172
1673777136 113
1673777136 114
1673777137 103
1673777137 168
1673777137 142
1673777137 118
1673777137 128
1673777138 184
1673777139 143
1673777139 144
1673777139 166
1673777139 158
1673777139 157
1673777140 200
1673777140 155
1673777140 147
1673777140 132
1673777140 144
1673777141 102
1673777141 109
1673777141 184
1673777141 174
1673777141 138
1673777142 158
1673777142 127
1673777142 157
1673777142 172
1673777142 110
1673777143 115
1673777143 130
1673777144 192
1673777145 175
1673777145 104
1673777145 189
1673777145 130
1673777145 137
1673777146 169
1673777146 136
1673777146 130
1673777146 138
1673777146 180
1673777147 135
1673777147 112
1673777147 114
1673777149 127
1673777149 140
1673777149 112
1673777149 129
1673777150 139
1673777150 194
1673777150 171
1673777150 171
1673777151 185
1673777151 107
1673777151 102
1673777151 197
1673777151 179
1673777151 114
1673777152 107
1673777152 115
1673777152 131
1673777152 103
1673777153 175
1673777154 171
1673777154 106
1673777155 112
1673777155 107
1673777155 106
1673777155 145
1673777156 145
1673777156 137
1673777157 118
1673777157 102
1673777157 144
1673777157 158
1673777157 200
1673777158 184
1673777158 175
1673777158 155
1673777159 133
1673777159 116
1673777159 118
1673777159 162
1673777159 111
1673777160 120
1673777160 111
1673777160 180
1673777161 194
1673777161 119
1673777161 103
1673777162 114
1673777162 117
1673777162 112
1673777162 178
1673777162 128
1673777163 133
1673777163 134
1673777163 181
1673777163 137
1673777164 160
1673777164 175
1673777164 132
1673777164 123
1673777165 101
1673777165 140
1673777165 200
1673777165 131
1673777165 153
1673777165 104
1673777165 171
1673777165 146
1673777165 167
1673777166 119
1673777166 117
1673777166 182
1673777167 121
1673777167 125
1673777167 181
1673777167 118
1673777167 145
1673777168 118
1673777168 184
1673777168 126
1673777168 160
1673777169 154
1673777170 138
1673777170 169
1673777171 139
1673777172 159
1673777172 193
1673777172 197
1673777173 163
1673777174 156
1673777174 130
1673777174 157
1673777174 170
1673777174 109
1673777174 125
1673777174 154
1673777175 200
1673777175 120
1673777176 144
1673777176 154
1673777176 107
1673777176 183
1673777176 142
1673777176 148
1673777177 195
1673777177 188
1673777177 119
1673777178 141
1673777179 145
1673777179 133
1673777179 107
1673777180 177
1673777180 178
1673777180 103
1673777180 165
1673777181 112
1673777181 143
1673777181 105
1673777181 152
1673777182 105
1673777182 171
1673777182 138
1673777182 176
1673777182 184
1673777183 113
1673777184 119
1673777184 132
1673777184 133
1673777184 139
1673777185 102
1673777185 170
1673777185 133
1673777185 141
1673777185 150
1673777185 142
1673777185 150
1673777186 109
1673777186 187
1673777186 165
1673777187 114
1673777187 186
1673777187 177
1673777187 138
1673777187 166
1673777188 135
1673777188 145
1673777188 104
1673777189 117
1673777189 183
1673777189 196
1673777189 127
1673777190 179
1673777191 131
1673777191 158
1673777191 115
1673777191 158
1673777192 138
1673777192 135
1673777192 173
1673777192 142
1673777192 132
1673777192 140
1673777192 162
1673777193 191
1673777193 199
1673777194 131
1673777194 109
1673777194 187
1673777195 199
1673777195 138
1673777195 199
1673777196 174
1673777196 176
1673777197 119
1673777197 102
1673777197 180
1673777197 166
1673777197 135
1673777198 115
1673777198 126
1673777198 142
1673777198 180
1673777199 196
1673777200 178
1673777200 107
1673777200 152
1673777201 133
1673777201 116
1673777202 102
1673777202 118
1673777202 133
1673777202 104
1673777202 156
1673777203 187
1673777203 109
1673777203 148
1673777204 186
1673777204 148
1673777205 145
1673777205 106
1673777207 179
1673777207 170
1673777207 193
1673777208 123
1673777209 195
1673777209 200
1673777210 158
1673777210 128
1673777210 139
1673777210 158
1673777210 152
1673777210 169
1673777210 150
1673777211 116
1673777212 181
1673777212 180
1673777213 134
1673777214 144
1673777214 173
1673777215 196
1673777215 168
1673777215 115
1673777215 180
1673777215 131
1673777216 124
1673777216 141
1673777216 104
1673777216 170
1673777216 178
1673777217 195
1673777217 170
1673777218 167
1673777218 116
1673777218 105
1673777219 120
1673777220 181
1673777221 140
1673777221 192
1673777221 175
1673777222 191
1673777222 130
1673777223 116
1673777224 199
1673777225 153
1673777226 164
1673777226 142
1673777226 195
1673777227 198
1673777228 103
1673777229 134
1673777229 165
1673777229 160
1673777230 198
1673777230 128
1673777232 107
1673777232 152
1673777232 171
1673777233 133
1673777233 181
1673777233 166
1673777234 174
1673777234 122
1673777234 185
1673777234 196
1673777235 116
1673777235 178
1673777236 156
1673777236 114
1673777236 171
1673777236 118
1673777237 160
1673777237 187
1673777237 180
1673777238 107
1673777239 126
1673777240 114
1673777240 101
1673777240 162
1673777240 150
1673777241 149
1673777241 110
1673777242 164
1673777243 110
1673777243 143
1673777244 169
1673777244 144
1673777247 101
1673777247 183
1673777248 186
1673777248 172
1673777248 166
1673777248 162
1673777249 105
1673777249 153
1673777249 121
1673777249 150
1673777250 154
1673777251 140
1673777252 131
1673777252 178
1673777253 174
1673777253 145
1673777253 132
1673777254 197
1673777255 148
1673777255 108
1673777255 197
1673777255 131
1673777256 140
1673777256 134
1673777256 183
1673777256 192
1673777257 123
1673777257 157
1673777258 121
1673777260 102
1673777260 171
1673777260 152
1673777261 178
1673777262 171
1673777262 187
1673777262 125
1673777262 187
1673777262 198
1673777263 179
1673777263 101
1673777264 154
1673777264 110
1673777264 129
1673777264 127
1673777266 103
1673777266 151
1673777266 114
1673777266 157
1673777267 195
1673777267 174
1673777267 179
1673777267 179
1673777267 142
1673777268 180
1673777268 157
1673777268 121
1673777269 154
1673777269 171
1673777269 159
1673777269 149
1673777270 174
1673777270 164
1673777271 113
1673777271 170
1673777272 200
1673777272 195
1673777273 138
1673777273 123
1673777273 166
1673777274 147
1673777275 144
1673777276 120
1673777276 167
1673777277 107
1673777278 151
1673777278 101
1673777278 114
1673777278 196
1673777279 146
1673777280 190
1673777280 157
1673777280 146
1673777281 194
1673777281 104
1673777281 185
1673777281 178
1673777281 131
1673777282 180
1673777282 190
1673777282 145
1673777282 144
1673777282 111
1673777283 146
1673777284 168
1673777284 158
1673777284 101
1673777285 183
1673777285 199
1673777285 188
1673777286 127
1673777286 172
1673777286 177
1673777286 155
1673777287 160
1673777287 119
1673777287 195
1673777288 149
1673777288 186
1673777288 198
1673777289 104
1673777289 155
1673777290 124
1673777291 111
1673777291 160
1673777291 107
1673777292 116
1673777292 133
1673777292 157
1673777293 177
1673777293 107
1673777293 112
1673777293 110
1673777293 102
1673777294 153
1673777294 200
1673777295 126
1673777295 196
1673777296 139
1673777296 160
1673777296 191
1673777296 105
1673777296 168
1673777296 153
1673777297 183
1673777297 115
1673777297 197
1673777297 131
1673777297 163
1673777298 196
1673777299 106
1673777299 152
1673777299 119
1673777299 186
1673777299 171
1673777299 152
1673777300 131
1673777300 124
1673777300 189
1673777300 169
1673777301 136
1673777301 154
1673777302 131
1673777303 154
1673777304 133
1673777304 106
1673777304 118
1673777304 171
1673777304 140
1673777304 162
1673777304 122
1673777305 166
1673777305 128
1673777305 189
1673777305 105
1673777305 189
1673777305 153
1673777306 179
1673777306 136
1673777306 121
1673777306 147
1673777306 171
1673777306 107
1673777306 112
1673777306 131
1673777307 107
1673777307 129
1673777307 103
1673777307 119
1673777308 111
1673777308 120
1673777308 123
1673777308 101
1673777308 145
1673777308 177
1673777309 109
1673777309 101
1673777309 191
1673777310 182
1673777310 104
1673777311 112
1673777311 133
1673777312 193
1673777312 140
1673777312 109
1673777313 139
1673777313 162
1673777313 104
1673777313 184
1673777314 105
1673777315 108
1673777315 152
1673777315 136
1673777316 107
1673777316 116
1673777317 121
1673777317 177
1673777318 129
1673777318 156
1673777318 182
1673777319 131
1673777319 144
1673777319 159
1673777320 191
1673777320 185
1673777320 140
1673777321 186
1673777321 129
1673777321 140
1673777322 169
1673777323 162
1673777324 135
1673777324 129
1673777325 122
1673777325 139
1673777326 199
1673777326 101
1673777326 170
1673777326 122
1673777326 155
1673777327 186
1673777327 142
1673777328 157
1673777328 101
1673777328 108
1673777329 159
1673777329 186
1673777329 130
1673777329 158
1673777330 148
1673777331 175
1673777331 129
1673777331 165
1673777332 102
1673777332 164
1673777332 124
1673777333 142
1673777333 193
1673777333 150
1673777334 144
1673777334 148
1673777334 125
1673777334 138
1673777334 185
1673777335 188
1673777335 171
1673777336 119
1673777336 184
1673777337 145
1673777338 180
1673777338 109
1673777338 195
1673777338 115
1673777339 181
1673777339 190
1673777339 195
1673777339 165
1673777340 153
1673777340 178
1673777340 158
1673777341 111
1673777341 184
1673777342 197
1673777342 162
1673777342 107
1673777342 152
1673777343 181
1673777343 144
1673777343 155
1673777344 173
1673777344 115
1673777346 151
1673777346 186
1673777347 111
1673777361 150
1673777361 135
1673777361 160
1673777361 194
1673777362 135
1673777362 150
1673777362 167
1673777362 192
1673777363 157
1673777364 109
1673777364 154
1673777364 139
1673777365 107
1673777365 181
1673777365 103
1673777366 131
1673777366 131
1673777366 187
1673777366 119
1673777367 184
1673777368 185
1673777368 195
1673777369 174
1673777369 183
1673777369 159
1673777370 131
1673777370 179
1673777371 114
1673777371 200
1673777371 159
1673777371 116
1673777372 124
1673777372 107
1673777373 162
1673777373 194
1673777374 112
1673777374 119
1673777375 174
1673777375 115
1673777375 150
1673777376 194
1673777376 161
1673777377 115
1673777377 157
1673777377 110
1673777378 139
1673777378 185
1673777378 180
1673777379 182
1673777379 178
1673777379 149
1673777379 193
1673777379 147
1673777379 194
1673777380 101
1673777380 112
1673777381 185
1673777381 145
1673777381 125
1673777382 197
1673777382 153
1673777383 115
1673777383 118
1673777383 163
1673777383 197
1673777384 179
1673777384 108
1673777384 166
1673777384 110
1673777385 187
1673777385 131
1673777386 122
1673777386 163
1673777386 140
1673777386 111
1673777387 101
1673777388 144
1673777389 193
1673777389 178
1673777389 172
1673777389 180
1673777390 187
1673777391 147
1673777391 106
1673777391 198
1673777392 114
1673777392 137
1673777392 115
1673777393 182
1673777393 115
1673777395 177
1673777395 161
1673777396 122
1673777396 144
1673777396 101
1673777396 192
1673777397 162
1673777397 132
1673777398 185
1673777398 166
1673777398 194
1673777398 199
1673777398 154
1673777399 199
1673777400 159
1673777400 186
1673777401 141
1673777402 151
1673777402 120
1673777402 121
1673777402 142
1673777402 176
1673777403 182
1673777404 196
1673777404 127
1673777404 165
1673777404 154
1673777404 185
1673777404 144
1673777404 154
1673777404 171
1673777405 142
1673777405 109
1673777405 191
1673777405 199
1673777405 152
1673777407 171
1673777407 153
1673777407 108
1673777407 181
1673777408 127
1673777408 121
1673777408 142
1673777409 181
1673777409 140
1673777409 174
1673777409 133
1673777409 189
1673777410 155
1673777412 101
1673777412 186
1673777412 130
1673777412 128
1673777412 102
1673777412 128
1673777413 141
1673777413 185
1673777413 135
1673777414 102
1673777414 167
1673777414 142
1673777415 154
1673777415 147
1673777415 197
1673777417 128
1673777417 112
1673777418 188
1673777418 152
1673777418 152
1673777419 108
1673777419 150
1673777419 126
1673777419 141
1673777420 193
1673777420 177
1673777421 177
1673777421 148
1673777421 174
1673777421 182
1673777421 143
1673777422 103
1673777422 140
1673777423 194
1673777423 119
1673777423 143
1673777423 159
1673777423 135
1673777423 113
1673777424 133
1673777424 193
1673777424 110
1673777424 165
1673777425 121
1673777425 158
1673777426 124
1673777426 107
1673777427 173
1673777427 186
1673777427 142
1673777428 158
1673777429 159
1673777429 187
1673777430 145
1673777430 191
1673777431 105
1673777431 146
1673777431 195
1673777432 131
1673777432 169
1673777432 196
1673777433 127
1673777433 141
1673777433 131
1673777433 144
1673777434 193
1673777435 127
1673777435 197
1673777435 178
1673777435 176
1673777435 126
1673777436 125
1673777437 180
1673777438 127
1673777438 178
1673777438 175
1673777439 174
1673777440 133
1673777440 166
1673777440 183
1673777440 130
1673777440 126
1673777440 200
1673777440 161
1673777440 195
1673777440 136
1673777441 158
1673777441 182
1673777441 119
1673777441 134
1673777441 143
1673777441 128
1673777442 169
1673777442 116
1673777442 185
1673777443 106
1673777443 146
1673777444 135
1673777444 132
1673777444 167
1673777445 126
1673777445 147
1673777446 127
1673777446 125
1673777447 111
1673777447 150
1673777447 200
1673777448 102
1673777448 108
1673777449 169
1673777449 162
1673777450 126
1673777451 181
1673777451 104
1673777451 141
1673777451 105
1673777451 110
1673777451 151
1673777452 109
1673777452 142
1673777452 125
1673777452 120
1673777453 155
1673777454 120
1673777454 143
1673777454 137
1673777455 168
1673777455 115
1673777456 137
1673777456 163
1673777456 186
1673777456 107
1673777456 119
1673777457 133
1673777457 109
1673777458 160
1673777459 114
1673777459 106
1673777459 127
1673777459 151
1673777459 174
1673777460 196
1673777460 145
1673777460 180
1673777460 182
1673777461 130
1673777461 123
1673777461 196
1673777461 156
1673777462 193
1673777463 148
1673777464 185
1673777464 109
1673777464 184
1673777464 196
1673777465 188
1673777466 110
1673777466 138
1673777467 174
1673777468 175
1673777468 167
1673777468 164
1673777469 167
1673777469 190
1673777469 170
1673777469 104
1673777470 163
1673777470 170
1673777470 168
1673777470 158
1673777471 110
1673777471 149
1673777471 107
1673777472 166
1673777472 185
1673777473 112
1673777473 196
1673777473 140
1673777473 175
1673777473 145
1673777473 145
1673777473 117
1673777474 184
1673777475 144
1673777475 200
1673777475 145
1673777476 104
1673777476 156
1673777477 168
1673777477 165
1673777477 125
1673777477 104
1673777477 107
1673777477 168
1673777478 192
1673777478 146
1673777478 136
1673777479 198
1673777479 103
1673777480 171
1673777480 104
1673777480 178
1673777481 106
1673777481 119
1673777481 159
1673777481 143
1673777482 193
1673777482 152
1673777482 141
1673777482 114
1673777482 179
1673777483 188
1673777484 128
1673777484 147
1673777484 148
1673777484 194
1673777485 175
1673777485 171
1673777485 168
1673777486 168
1673777487 161
1673777487 178
1673777488 143
1673777488 179
1673777488 192
1673777488 111
1673777488 131
1673777489 146
1673777489 124
1673777489 196
1673777490 170
1673777490 194
1673777490 147
1673777491 194
1673777491 181
1673777491 141
1673777491 144
1673777491 151
1673777492 128
1673777492 132
1673777492 107
1673777492 180
1673777494 139
1673777494 139
1673777494 171
1673777494 149
1673777495 114
1673777495 150
1673777495 191
1673777495 105
1673777496 166
1673777497 186
1673777498 162
1673777498 148
1673777498 134
1673777498 177
1673777498 105
1673777499 191
1673777499 196
1673777499 172
1673777500 172
1673777500 139
1673777501 146
1673777501 170
1673777501 178
1673777502 164
1673777502 178
1673777502 135
1673777502 188
1673777503 192
1673777503 119
1673777504 121
1673777505 141
1673777505 149
1673777505 102
1673777505 185
1673777505 182
1673777506 154
1673777507 145
1673777507 191
1673777507 102
1673777508 159
1673777509 200
1673777509 102
1673777509 178
1673777510 105
1673777510 147
1673777510 101
1673777510 148
1673777511 147
1673777511 156
1673777511 113
1673777512 147
1673777512 101
1673777512 131
1673777512 106
1673777513 172
1673777513 173
1673777514 123
1673777514 109
1673777514 104
1673777514 120
1673777515 138
1673777515 162
1673777515 186
1673777516 177
1673777516 187
1673777516 194
1673777517 124
1673777517 124
1673777517 126
1673777518 131
1673777518 122
1673777518 137
1673777518 163
1673777518 102
1673777518 126
1673777519 112
1673777519 126
1673777520 133
1673777520 136
1673777520 169
1673777520 147
1673777521 174
1673777521 174
1673777521 139
1673777521 108
1673777521 116
1673777522 164
1673777523 170
1673777523 149
1673777523 158
1673777524 101
1673777524 162
1673777524 113
1673777524 150
1673777525 177
1673777525 157
1673777525 170
1673777525 174
1673777526 175
1673777526 182
1673777526 122
1673777528 142
1673777529 136
1673777529 164
1673777529 190
1673777529 160
1673777529 103
1673777529 156
1673777531 135
1673777531 103
1673777532 106
1673777533 104
1673777533 150
1673777534 147
1673777534 131
1673777535 190
1673777535 116
1673777535 151
1673777535 200
1673777535 106
1673777536 195
1673777536 113
1673777536 190
1673777536 187
1673777536 197
1673777537 118
1673777537 184
1673777537 176
1673777537 185
1673777538 138
1673777538 109
1673777538 167
1673777538 111
1673777539 170
1673777540 194
1673777540 194
1673777540 119
1673777540 132
1673777541 147
1673777541 171
1673777541 115
1673777542 180
1673777542 115
1673777542 154
1673777543 103
1673777543 160
1673777543 187
1673777543 176
1673777544 130
1673777544 185
1673777544 164
1673777544 151
1673777545 140
1673777545 183
1673777545 172
1673777545 128
1673777546 171
1673777546 141
1673777546 175
1673777546 101
1673777547 125
1673777547 186
1673777547 178
1673777548 178
1673777548 191
1673777549 131
1673777549 193
1673777549 167
1673777550 114
1673777550 144
1673777551 126
1673777551 182
1673777551 125
1673777552 151
1673777552 129
1673777552 163
1673777552 112
1673777553 167
1673777553 113
1673777554 132
1673777554 167
1673777555 113
1673777555 186
1673777556 164
1673777556 177
1673777557 102
1673777557 160
1673777557 103
1673777557 171
1673777557 110
1673777558 116
1673777559 175
1673777559 147
1673777560 103
1673777560 169
1673777560 129
1673777561 159
1673777561 132
1673777561 161
1673777562 175
1673777562 136
1673777563 171
1673777563 185
1673777563 191
1673777563 190
1673777564 145
1673777565 136
1673777565 115
1673777565 144
1673777565 195
1673777565 117
1673777566 196
1673777566 153
1673777566 185
1673777566 154
1673777567 159
1673777567 180
1673777567 174
1673777568 134
1673777568 112
1673777568 108
1673777568 147
1673777569 160
1673777569 178
1673777569 169
1673777569 191
1673777569 140
1673777569 160
1673777569 170
1673777570 192
1673777570 117
1673777571 110
1673777571 142
1673777571 133
1673777571 103
1673777571 113
1673777572 188
1673777572 160
1673777572 108
1673777573 144
1673777573 106
1673777573 181
1673777573 162
1673777573 152
1673777573 102
1673777574 136
1673777574 122
1673777574 158
1673777575 163
1673777576 142
1673777577 169
1673777577 174
1673777578 131
1673777578 138
1673777578 184
1673777580 104
1673777580 127
1673777581 112
1673777581 156
1673777582 172
1673777582 155
1673777582 146
1673777583 120
1673777583 127
1673777583 182
1673777583 161
1673777583 195
1673777583 150
1673777583 196
1673777583 102
1673777584 145
1673777584 142
1673777584 127
1673777584 165
1673777585 197
1673777586 105
1673777586 180
1673777587 197
1673777587 154
1673777587 189
1673777588 119
1673777588 176
1673777588 121
1673777588 187
1673777589 158
1673777589 132
1673777589 111
1673777590 139
1673777590 109
1673777590 101
1673777590 127
1673777591 167
1673777591 151
1673777591 107
1673777591 105
1673777591 167
1673777592 159
1673777593 165
1673777594 163
1673777594 200
1673777594 155
1673777595 137
1673777596 113
1673777596 161
1673777596 198
1673777597 114
1673777597 161
1673777597 181
1673777599 174
1673777599 190
1673777599 174
1673777600 154
1673777600 135
1673777600 119
1673777600 163
1673777601 142
1673777601 183
1673777601 115
1673777601 194
1673777601 101
1673777602 189
1673777602 194
1673777602 153
1673777602 115
1673777603 194
1673777603 178
1673777603 155
1673777603 191
1673777603 174
1673777604 164
1673777604 176
1673777604 178
1673777604 193
1673777605 184
1673777605 103
1673777605 137
1673777605 176
1673777606 169
1673777606 163
1673777606 156
1673777607 171
1673777607 162
1673777607 132
1673777607 107
1673777607 131
1673777608 164
1673777609 150
1673777610 166
1673777610 119
1673777610 121
1673777610 188
1673777611 105
1673777611 188
1673777611 193
1673777611 136
1673777612 168
1673777613 176
1673777613 197
1673777613 195
1673777614 137
1673777614 132
1673777615 102
1673777615 108
1673777616 136
1673777616 133
1673777616 113
1673777617 183
1673777617 115
1673777617 196
1673777618 135
1673777618 131
1673777618 132
1673777618 147
1673777619 127
1673777619 117
1673777619 170
1673777620 176
1673777620 135
1673777621 161
1673777621 121
1673777621 140
1673777621 168
1673777622 167
1673777622 178
1673777623 183
1673777623 192
1673777623 197
1673777624 150
1673777624 131
1673777624 157
1673777624 154
1673777624 157
1673777625 194
1673777625 166
1673777626 163
1673777626 178
1673777626 107
1673777626 183
1673777626 156
1673777627 175
1673777627 192
1673777627 200
1673777627 168
1673777628 162
1673777628 137
1673777628 112
1673777628 176
1673777629 186
1673777630 189
1673777630 196
1673777630 196
1673777630 159
1673777631 122
1673777631 169
1673777632 184
1673777632 118
1673777632 123
1673777633 187
1673777633 187
1673777633 195
1673777633 195
1673777634 166
1673777634 117
1673777634 157
1673777634 103
1673777634 168
1673777635 147
1673777635 144
1673777636 145
1673777636 135
1673777636 131
1673777637 180
1673777637 102
1673777637 144
1673777637 141
1673777638 136
1673777638 147
1673777638 131
1673777638 188
1673777638 163
1673777638 178
1673777639 109
1673777639 171
1673777640 185
1673777640 196
1673777640 158
1673777641 128
1673777641 132
1673777641 169
1673777641 110
1673777642 187
1673777642 139
1673777643 115
1673777643 200
1673777643 150
1673777645 159
1673777645 195
1673777645 183
1673777645 163
1673777645 191
1673777646 122
1673777646 184
1673777646 162
1673777646 182
1673777647 122
1673777647 111
1673777647 123
1673777650 134
1673777652 183
1673777654 131
1673777657 195
1673777658 199
1673777658 152
1673777661 161
1673777661 184
1673777662 112
1673777663 190
1673777663 177
1673777664 113
1673777664 180
1673777665 147
1673777665 168
1673777665 109
1673777668 169
1673777668 146
1673777668 161
1673777669 163
1673777669 154
1673777670 163
1673777671 197
1673777672 146
1673777673 114
1673777673 128
1673777674 147
1673777674 102
1673777674 115
1673777675 122
1673777675 115
1673777677 146
1673777677 130
1673777679 116
1673777679 156
1673777679 122
1673777681 187
1673777681 138
1673777681 144
1673777681 175
1673777683 186
1673777684 149
1673777684 190
1673777687 197
1673777687 182
1673777688 105
1673777688 118
1673777689 140
1673777690 175
1673777690 193
1673777691 195
1673777691 161
1673777691 178
1673777693 184
1673777694 125
1673777695 152
1673777695 168
1673777696 145
1673777697 165
1673777697 146
1673777697 149
1673777697 136
1673777698 147
1673777698 191
1673777698 170
1673777698 177
1673777699 183
1673777699 117
1673777699 169
1673777699 186
1673777700 165
1673777700 166
1673777700 166
1673777700 188
1673777701 169
1673777701 159
1673777701 131
1673777701 164
1673777702 156
1673777703 146
1673777703 117
1673777703 165
1673777703 121
1673777704 186
1673777704 155
1673777704 138
1673777705 182
1673777705 167
1673777706 132
1673777706 181
1673777706 181
1673777707 193
1673777707 180
1673777707 144
1673777707 155
1673777707 146
1673777708 149
1673777716 126
1673777716 149
1673777716 186
1673777717 134
1673777718 155
1673777718 135
1673777719 140
1673777719 118
1673777719 139
1673777720 194
1673777720 140
1673777720 131
1673777720 184
1673777720 188
1673777721 172
1673777721 114
1673777721 148
1673777721 161
1673777722 128
1673777723 108
1673777723 183
1673777723 118
1673777723 116
1673777723 187
1673777723 187
1673777724 138
1673777724 127
1673777724 179
1673777724 187
1673777725 188
1673777725 153
1673777725 135
1673777726 104
1673777726 106
1673777726 111
1673777727 168
1673777727 177
1673777727 155
1673777727 136
1673777727 161
1673777728 172
1673777729 101
1673777729 134
1673777729 145
1673777731 153
1673777731 143
1673777732 115
1673777732 173
1673777733 107
1673777733 178
1673777733 129
1673777734 175
1673777735 176
1673777735 191
1673777737 172
1673777737 195
1673777737 152
1673777738 139
1673777738 113
1673777739 182
1673777739 114
1673777740 118
1673777740 124
1673777740 123
1673777741 179
1673777741 174
1673777741 184
1673777741 115
1673777742 196
1673777742 181
1673777742 198
1673777743 118
1673777743 120
1673777744 197
1673777744 171
1673777744 193
1673777745 109
1673777745 167
1673777745 147
1673777745 166
1673777746 117
1673777746 195
1673777746 117
1673777747 195
1673777748 112
1673777748 162
1673777748 123
1673777749 101
1673777749 134
1673777749 192
1673777749 140
1673777750 161
1673777750 171
1673777750 118
1673777750 161
1673777751 185
1673777751 154
1673777752 189
1673777752 106
1673777752 159
1673777752 150
1673777752 168
1673777752 154
1673777753 188
1673777755 152
1673777755 124
1673777755 132
1673777755 105
1673777756 158
1673777756 128
1673777756 134
1673777756 157
1673777757 164
1673777757 186
1673777757 166
1673777757 141
1673777757 127
1673777758 174
1673777758 177
1673777758 198
1673777759 108
1673777759 117
1673777760 125
1673777760 169
1673777761 185
1673777761 183
1673777762 153
1673777762 152
1673777765 128
1673777767 104
1673777767 143
1673777773 153
1673777775 194
1673777775 101
1673777776 174
1673777776 160
1673777776 153
1673777777 200
1673777782 111
1673777782 156
1673777783 190
1673777784 173
1673777785 132
1673777786 124
1673777786 183
1673777786 189
1673777787 177
1673777787 146
1673777788 178
1673777788 179
1673777791 140
1673777795 171
1673777798 112
1673777802 186
1673777802 144
1673777802 136
1673777802 140
1673777802 200
1673777804 179
1673777805 163
1673777805 101
1673777805 173
1673777805 154
1673777807 195
1673777807 132
1673777808 166
1673777810 124
1673777811 164
1673777811 108
1673777812 180
1673777814 113
1673777814 125
1673777815 177
1673777817 149
1673777818 120
1673777819 114
1673777819 173
1673777820 176
1673777820 186
1673777820 160
1673777822 164
1673777833 164
1673777833 152
1673777834 180
1673777834 137
1673777834 109
1673777836 156
1673777836 118
1673777836 194
1673777836 163
1673777836 133
1673777837 151
1673777838 174
1673777839 186
1673777839 109
1673777846 123
1673777847 141
1673777848 169
1673777848 132
1673777849 155
1673777850 107
1673777853 125
1673777857 189
1673777859 147
1673777860 195
1673777860 118
1673777861 126
1673777861 182
1673777863 170
1673777867 169
1673777867 142
1673777868 117
1673777868 174
1673777869 149
1673777872 135
1673777873 190
1673777875 127
1673777876 179
1673777876 140
1673777879 197
1673777881 128
1673777881 165
1673777883 121
1673777892 149
1673777903 162
1673777908 176
1673777909 147
1673777910 160
1673777912 120
1673777912 154
1673777913 103
1673777914 168
1673777914 163
1673777914 178
1673777915 180
1673777916 117
1673777917 188
1673777920 105
1673777920 199
1673777920 156
1673777921 188
1673777924 168
1673777924 167
1673777927 191
1673777928 164
1673777928 148
1673777930 145
1673777933 161
1673777933 118
1673777934 180
1673777935 126
1673777935 172
1673777936 169
1673777937 150
1673777937 128
1673777937 148
1673777937 139
1673777938 167
1673777938 170
1673777938 105
1673777939 147
1673777939 114
1673777940 122
1673777940 170
1673777943 161
1673777946 105
1673777948 122
1673777948 101
1673777948 180
1673777950 162
1673777953 164
1673777953 133
1673777954 114
1673777957 143
1673777959 138
1673777959 174
1673777959 161
1673777960 140
1673777961 133
1673777961 159
1673777962 198
1673777963 104
1673777963 144
1673777965 115
1673777968 126
1673777968 137
1673777969 119
1673777970 199
1673777972 138
1673777972 172
1673777972 141
1673777973 114
1673777973 111
1673777973 105
1673777974 132
1673777974 158
1673777982 142
1673777983 109
1673777985 150
1673777985 121
1673777985 139
1673777987 135
1673777987 186
1673777987 101
1673777987 182
1673777988 178
1673777988 158
1673777997 189
1673777998 125
1673777999 185
1673777999 135
1673777999 168
1673778002 153
1673778003 168
1673778003 155
1673778009 162
1673778010 118
1673778010 162
1673778010 143
1673778012 144
1673778012 149
1673778012 136
1673778016 179
1673778016 142
1673778017 162
1673778017 153
1673778017 193
1673778017 105
1673778017 135
1673778017 182
1673778018 169
1673778019 200
1673778019 108
1673778026 145
1673778027 104
1673778027 188
1673778030 112
1673778030 196
1673778034 108
1673778034 107
1673778034 179
1673778038 163
1673778038 108
1673778043 168
1673778048 173
1673778048 180
1673778049 170
1673778049 167
1673778049 104
1673778050 116
1673778050 194
1673778057 148
1673778057 192
1673778067 112
1673778071 107
1673778072 196
1673778083 161
1673778083 182
1673778084 176
1673778086 123
1673778086 133
1673778094 157
1673778095 147
1673778099 145
1673778100 150
1673778101 142
1673778102 175
1673778102 122
1673778102 196
1673778107 194
1673778109 148
1673778109 177
1673778109 108
1673778122 164
1673778123 129
1673778124 174
1673778126 137
1673778127 174
1673778127 158
1673778129 145
1673778129 128
1673778130 170
1673778130 160
1673778131 106
1673778133 144
1673778133 187
1673778133 137
1673778137 190
1673778138 162
1673778139 158
1673778139 186
1673778143 114
1673778147 174
1673778147 155
1673778147 123
1673778147 179
1673778147 148
1673778147 175
1673778148 191
1673778155 125
1673778157 129
1673778157 189
1673778159 167
1673778159 123
1673778159 124
1673778160 119
1673778165 121
1673778165 160
1673778167 179
1673778167 148
1673778167 180
1673778169 187
1673778169 110
1673778170 199
1673778170 164
1673778171 136
1673778171 124
1673778171 163
1673778176 121
1673778177 112
1673778177 163
1673778180 184
1673778188 104
1673778192 117
1673778194 193
1673778196 175
1673778197 140
1673778197 129
1673778197 150
1673778198 116
1673778199 164
1673778200 124
1673778200 113
1673778200 125
1673778201 116
1673778201 184
1673778203 116
1673778203 195
1673778204 108
1673778204 166
1673778206 119
1673778206 150
1673778207 192
1673778208 103
1673778209 198
1673778210 116
1673778210 155
1673778211 126
1673778211 106
1673778213 117
1673778214 191
1673778214 105
1673778214 196
1673778215 147
1673778216 171
1673778216 136
1673778216 102
1673778216 148
1673778217 199
1673778217 145
1673778218 108
1673778218 182
1673778218 112
1673778219 123
1673778220 161
1673778220 116
1673778221 151
1673778221 171
1673778222 184
1673778223 127
1673778224 128
1673778224 173
1673778225 193
1673778227 149
1673778227 132
1673778228 134
1673778228 108
1673778228 152
1673778228 139
1673778230 122
1673778231 160
1673778231 136
1673778232 145
1673778233 181
1673778233 129
1673778234 134
1673778234 119
1673778236 119
1673778237 186
1673778237 194
1673778237 151
1673778237 181
1673778238 139
1673778238 195
1673778239 106
1673778239 112
1673778239 119
1673778240 193
1673778240 146
1673778241 121
1673778241 166
1673778241 114
1673778242 120
1673778242 144
1673778242 169
1673778242 197
1673778242 117
1673778243 123
1673778243 112
1673778244 200
1673778245 135
1673778245 147
1673778245 180
1673778245 105
1673778246 114
1673778247 138
1673778247 148
1673778247 155
1673778248 164
1673778248 174
1673778248 118
1673778248 149
1673778249 148
1673778249 148
1673778249 186
1673778249 183
1673778250 141
1673778250 120
1673778250 108
1673778250 139
1673778250 186
1673778251 131
1673778251 192
1673778252 155
1673778252 196
1673778252 163
1673778252 152
1673778252 164
1673778253 181
1673778255 160
1673778255 182
1673778255 141
1673778255 176
1673778255 151
1673778256 182
1673778257 104
1673778257 195
1673778257 143
1673778257 158
1673778257 125
1673778258 129
1673778258 101
1673778258 200
1673778259 140
1673778259 138
1673778259 140
1673778259 199
1673778260 108
1673778261 133
1673778261 104
1673778261 156
1673778262 146
1673778262 138
1673778263 183
1673778263 115
1673778264 158
1673778264 168
1673778264 116
1673778264 101
1673778264 127
1673778265 190
1673778265 123
1673778265 174
1673778266 126
1673778267 121
1673778267 134
1673778268 161
1673778268 199
1673778269 185
1673778269 167
1673778269 120
1673778269 109
1673778269 151
1673778270 161
1673778270 170
1673778270 185
1673778270 170
1673778271 162
1673778271 173
1673778271 154
1673778272 145
1673778272 123
1673778272 171
1673778272 113
1673778273 111
1673778273 110
1673778273 138
1673778273 156
1673778274 195
1673778274 150
1673778274 152
1673778275 138
1673778276 122
1673778276 155
1673778276 143
1673778277 192
1673778277 198
1673778277 144
1673778278 186
1673778278 197
1673778278 153
1673778278 122
1673778278 193
1673778278 199
1673778279 171
1673778279 174
1673778279 150
1673778279 135
1673778279 165
1673778279 156
1673778280 127
1673778280 198
1673778280 180
1673778280 118
1673778281 172
1673778282 154
1673778282 172
1673778284 185
1673778284 137
1673778285 134
1673778285 108
1673778286 173
1673778286 173
1673778287 113
1673778287 162
1673778288 168
1673778288 180
1673778288 142
1673778288 122
1673778289 107
1673778289 158
1673778289 131
1673778289 150
1673778289 113
1673778290 114
1673778291 157
1673778291 108
1673778293 119
1673778293 104
1673778293 184
1673778293 138
1673778293 160
1673778293 124
1673778294 128
1673778294 170
1673778294 138
1673778294 171
1673778294 177
1673778295 137
1673778295 133
1673778296 180
1673778296 129
1673778297 198
1673778297 181
1673778298 125
1673778298 114
1673778298 104
1673778298 188
1673778298 138
1673778299 165
1673778299 165
1673778300 105
1673778300 197
1673778300 180
1673778300 126
1673778301 149
1673778302 129
1673778303 126
1673778303 155
1673778304 114
1673778305 164
1673778305 148
1673778306 187
1673778306 164
1673778306 144
1673778306 168
1673778306 165
1673778306 126
1673778307 112
1673778308 176
1673778308 173
1673778309 131
1673778309 149
1673778309 156
1673778310 120
1673778310 156
1673778310 113
1673778310 157
1673778311 180
1673778312 114
1673778312 145
1673778312 136
1673778312 158
1673778312 142
1673778312 129
1673778313 144
1673778313 141
1673778313 144
1673778313 131
1673778313 176
1673778313 104
1673778314 198
1673778314 183
1673778314 175
1673778315 160
1673778315 175
1673778316 110
1673778316 158
1673778316 170
1673778317 171
1673778317 111
1673778317 167
1673778319 101
1673778319 130
1673778319 118
1673778319 191
1673778320 181
1673778320 185
1673778320 128
1673778320 101
1673778320 164
1673778323 137
1673778323 142
1673778323 140
1673778323 176
1673778323 108
1673778325 194
1673778325 124
1673778325 108
1673778326 101
1673778326 162
1673778326 165
1673778327 184
1673778327 110
1673778327 161
1673778327 170
1673778328 181
1673778328 139
1673778330 166
1673778330 106
1673778330 198
1673778331 109
1673778332 145
1673778333 137
1673778333 180
1673778334 139
1673778334 126
1673778334 134
1673778335 167
1673778336 193
1673778337 198
1673778337 173
1673778338 107
1673778338 169
1673778338 130
1673778338 122
1673778338 171
1673778339 162
1673778339 190
1673778339 124
1673778339 160
1673778340 188
1673778340 108
1673778340 161
1673778341 107
1673778341 177
1673778341 123
1673778342 104
1673778342 139
1673778342 119
1673778342 103
1673778342 200
1673778343 198
1673778343 150
1673778343 139
1673778343 192
1673778344 133
1673778344 194
1673778345 188
1673778345 170
1673778345 166
1673778345 169
1673778346 117
1673778346 127
1673778346 117
1673778346 157
1673778346 104
1673778347 107
1673778347 173
1673778347 190
1673778347 102
1673778347 155
1673778347 117
1673778348 175
1673778348 127
1673778348 107
1673778348 109
1673778348 102
1673778349 144
1673778350 184
1673778350 192
1673778350 163
1673778350 142
1673778351 182
1673778351 181
1673778351 124
1673778353 148
1673778353 122
1673778354 131
1673778355 157
1673778356 115
1673778356 107
1673778356 173
1673778357 138
1673778358 200
1673778358 167
1673778358 183
1673778359 186
1673778359 180
1673778359 164
1673778360 146
1673778360 123
1673778361 199
1673778361 172
1673778362 179
1673778362 103
1673778362 105
1673778363 113
1673778363 190
1673778363 184
1673778363 134
1673778365 169
1673778366 163
1673778367 165
1673778367 138
1673778367 199
1673778368 107
1673778368 134
1673778368 168
1673778368 198
1673778369 143
1673778369 198
1673778369 120
1673778370 165
1673778370 171
1673778370 197
1673778370 162
1673778371 124
1673778371 193
1673778372 133
1673778372 188
1673778372 117
1673778372 137
1673778373 148
1673778373 139
1673778374 192
1673778375 134
1673778375 153
1673778376 146
1673778377 135
1673778377 172
1673778377 182
1673778378 152
1673778378 180
1673778378 155
1673778378 105
1673778379 121
1673778379 143
1673778379 190
1673778379 109
1673778380 156
1673778380 164
1673778381 187
1673778381 198
1673778381 129
1673778381 171
1673778382 103
1673778382 187
1673778383 151
1673778383 106
1673778383 194
1673778383 200
1673778383 105
1673778383 142
1673778384 134
1673778384 161
1673778385 183
1673778385 111
1673778385 160
1673778385 104
1673778386 141
1673778386 163
1673778386 196
1673778387 185
1673778387 136
1673778388 107
1673778389 184
1673778389 140
1673778389 170
1673778389 109
1673778389 152
1673778390 169
1673778390 171
1673778391 129
1673778391 193
1673778391 126
1673778392 189
1673778392 184
1673778392 115
1673778392 178
1673778392 104
1673778392 175
1673778392 187
1673778393 168
1673778393 196
1673778393 133
1673778393 108
1673778393 157
1673778393 196
1673778393 161
1673778394 124
1673778394 124
1673778394 156
1673778394 136
1673778394 169
1673778395 115
1673778395 182
1673778395 107
1673778396 140
1673778396 145
1673778396 123
1673778396 196
1673778396 195
1673778397 126
1673778397 103
1673778397 142
1673778397 172
1673778398 171
1673778398 193
1673778398 153
1673778400 108
1673778400 145
1673778400 106
1673778400 123
1673778400 103
1673778400 133
1673778402 179
1673778403 103
1673778406 137
1673778406 139
1673778407 128
1673778407 108
1673778408 127
1673778408 117
1673778408 156
1673778409 153
1673778409 148
1673778409 112
1673778409 111
1673778409 140
1673778410 175
1673778410 151
1673778410 198
1673778411 121
1673778411 187
1673778412 165
1673778412 194
1673778412 185
1673778413 113
1673778413 185
1673778413 175
1673778414 190
1673778414 194
1673778414 151
1673778415 135
1673778415 121
1673778415 103
1673778416 124
1673778417 102
1673778417 136
1673778418 122
1673778418 132
1673778419 174
1673778420 116
1673778420 112
1673778420 199
1673778420 197
1673778421 149
1673778421 104
1673778421 186
1673778421 123
1673778422 104
1673778422 169
1673778422 198
1673778422 157
1673778423 146
1673778423 159
1673778423 198
1673778424 178
1673778425 111
1673778425 122
1673778425 153
1673778425 116
1673778426 163
1673778426 175
1673778427 198
1673778427 109
1673778428 124
1673778428 168
1673778431 122
1673778431 171
1673778431 132
1673778432 156
1673778433 138
1673778433 197
1673778433 177
1673778433 171
1673778434 173
1673778434 149
1673778434 161
1673778434 142
1673778436 131
1673778436 141
1673778437 114
1673778437 188
1673778438 156
1673778438 125
1673778438 119
1673778438 191
1673778438 174
1673778439 190
1673778439 101
1673778439 174
1673778440 177
1673778440 131
1673778440 102
1673778441 131
1673778441 112
1673778441 139
1673778441 176
1673778441 192
1673778442 176
1673778442 192
1673778442 194
1673778443 181
1673778443 199
1673778445 181
1673778445 117
1673778446 184
1673778446 150
1673778448 197
1673778448 139
1673778448 193
1673778448 195
1673778448 167
1673778449 148
1673778449 144
1673778449 195
1673778449 184
1673778450 112
1673778450 181
1673778451 185
1673778451 172
1673778451 117
1673778451 183
1673778451 136
1673778452 187
1673778452 122
1673778452 135
1673778452 101
1673778453 110
1673778453 113
1673778453 144
1673778453 151
1673778453 170
1673778454 185
1673778454 154
1673778454 124
1673778454 200
1673778454 171
1673778455 105
1673778456 176
1673778456 175
1673778456 145
1673778456 189
1673778457 140
1673778457 165
1673778458 106
1673778458 185
1673778458 108
1673778458 129
1673778458 147
1673778459 108
1673778460 185
1673778460 169
1673778461 134
1673778461 155
1673778462 110
1673778462 185
1673778462 131
1673778463 165
1673778464 170
1673778464 192
1673778464 182
1673778464 101
1673778465 111
1673778465 182
1673778465 112
1673778466 113
1673778466 195
1673778466 138
1673778466 158
1673778467 109
1673778467 158
1673778467 112
1673778468 110
1673778468 119
1673778468 129
1673778469 168
1673778469 199
1673778469 175
1673778470 108
1673778470 185
1673778470 124
1673778470 192
1673778470 144
1673778471 190
1673778471 172
1673778471 106
1673778472 137
1673778472 140
1673778473 126
1673778475 154
1673778475 122
1673778476 181
1673778477 161
1673778477 193
1673778477 193
1673778477 130
1673778478 174
1673778478 121
1673778479 149
1673778479 115
1673778479 148
1673778479 121
1673778480 147
1673778481 156
1673778481 116
1673778481 168
1673778481 140
1673778482 130
1673778482 124
1673778483 134
1673778483 179
1673778484 136
1673778484 178
1673778484 132
1673778485 115
1673778485 140
1673778485 165
1673778485 105
1673778485 110
1673778486 144
1673778486 111
1673778486 108
1673778487 149
1673778488 130
1673778489 104
1673778489 142
1673778489 198
1673778489 103
1673778490 181
1673778490 143
1673778491 151
1673778491 101
1673778492 113
1673778492 185
1673778492 106
1673778492 135
1673778492 148
1673778493 124
1673778493 127
1673778493 160
1673778493 158
1673778493 196
1673778493 125
1673778494 146
1673778494 196
1673778495 151
1673778495 115
1673778495 124
1673778496 188
1673778496 151
1673778496 157
1673778496 138
1673778497 188
1673778497 128
1673778497 136
1673778498 140
1673778498 194
1673778498 196
1673778498 142
1673778499 149
1673778499 120
1673778499 121
1673778499 159
1673778500 184
1673778500 112
1673778500 140
1673778501 193
1673778501 116
1673778501 154
1673778501 182
1673778501 110
1673778501 193
1673778501 151
1673778501 120
1673778503 116
1673778505 191
1673778505 135
1673778505 160
1673778506 178
1673778507 133
1673778507 123
1673778507 143
1673778507 177
1673778508 158
1673778508 166
1673778508 134
1673778508 198
1673778508 138
1673778509 189
1673778509 145
1673778509 168
1673778509 168
1673778509 168
1673778509 139
1673778509 111
1673778510 173
1673778510 149
1673778510 175
1673778511 139
1673778511 160
1673778512 182
1673778512 155
1673778512 175
1673778512 199
1673778512 162
1673778512 156
1673778513 152
1673778513 118
1673778513 119
1673778514 195
1673778515 123
1673778515 116
1673778517 133
1673778517 155
1673778517 135
1673778517 178
1673778518 186
1673778518 197
1673778519 193
1673778519 148
1673778519 191
1673778520 191
1673778520 139
1673778521 167
1673778521 150
1673778522 121
1673778522 142
1673778522 164
1673778523 107
1673778523 141
1673778524 137
1673778525 184
1673778525 176
1673778525 125
1673778525 160
1673778525 129
1673778526 124
1673778526 189
1673778527 176
1673778527 123
1673778528 123
1673778528 131
1673778528 109
1673778528 139
1673778528 160
1673778529 200
1673778529 172
1673778529 117
1673778529 124
1673778530 128
1673778530 181
1673778531 119
1673778531 138
1673778531 182
1673778532 143
1673778532 171
1673778532 194
1673778532 120
1673778532 160
1673778532 196
1673778533 111
1673778534 125
1673778534 178
1673778535 174
1673778535 139
1673778535 175
1673778535 175
1673778535 128
1673778536 146
1673778536 129
1673778536 133
1673778536 104
1673778536 113
1673778538 181
1673778538 121
1673778539 188
1673778539 146
1673778539 114
1673778540 129
1673778540 116
1673778540 107
1673778541 118
1673778541 141
1673778541 184
1673778541 193
1673778543 160
1673778544 189
1673778545 189
1673778545 188
1673778546 169
1673778546 138
1673778546 117
1673778546 174
1673778546 193
1673778547 193
1673778547 127
1673778548 176
1673778548 124
1673778549 112
1673778549 192
1673778550 176
1673778550 153
1673778550 189
1673778550 177
1673778551 129
1673778551 111
1673778552 130
1673778552 193
1673778552 186
1673778552 140
1673778553 139
1673778553 134
1673778553 120
1673778554 115
1673778554 173
1673778554 123
1673778554 194
1673778554 145
1673778555 163
1673778555 170
1673778556 101
1673778557 136
1673778557 102
1673778557 140
1673778558 106
1673778558 142
1673778558 196
1673778558 198
1673778559 103
1673778559 158
1673778560 131
1673778560 148
1673778560 118
1673778560 107
1673778561 168
1673778561 113
1673778561 140
1673778562 123
1673778562 187
1673778562 145
1673778562 185
1673778562 159
1673778563 152
1673778563 109
1673778563 136
1673778563 191
1673778564 139
1673778564 164
1673778565 170
1673778565 148
1673778565 159
1673778566 193
1673778566 101
1673778567 199
1673778567 176
1673778567 122
1673778567 163
1673778568 188
1673778568 132
1673778568 140
1673778568 195
1673778568 190
1673778569 125
1673778569 144
1673778570 135
1673778570 131
1673778570 180
1673778570 189
1673778571 101
1673778571 141
1673778571 187
1673778571 125
1673778572 182
1673778572 150
1673778573 105
1673778573 185
1673778574 108
1673778574 161
1673778574 102
1673778574 102
1673778574 121
1673778575 198
1673778575 101
1673778576 113
1673778577 134
1673778577 111
1673778578 194
1673778579 176
1673778579 163
1673778579 187
1673778580 198
1673778581 155
1673778581 183
1673778581 128
1673778581 195
1673778582 127
1673778582 193
1673778583 156
1673778583 183
1673778584 142
1673778584 138
1673778584 130
1673778584 105
1673778584 146
1673778585 160
1673778585 121
1673778585 165
1673778585 152
1673778585 102
1673778586 161
1673778587 145
1673778587 105
1673778587 190
1673778587 198
1673778588 119
1673778588 115
1673778589 143
1673778590 120
1673778590 164
1673778590 152
1673778590 187
1673778590 174
1673778590 110
1673778590 194
1673778591 105
1673778591 149
1673778591 195
1673778591 101
1673778591 191
1673778592 152
1673778592 162
1673778592 191
1673778592 110
1673778593 199
1673778593 136
1673778594 161
1673778594 171
1673778594 149
1673778594 170
1673778595 159
1673778595 160
1673778595 175
1673778596 143
1673778596 116
1673778596 102
1673778597 150
1673778597 150
1673778597 155
1673778598 123
1673778598 174
1673778598 145
1673778598 116
1673778599 144
1673778599 173
1673778599 143
1673778599 154
1673778599 128
1673778600 121
1673778600 105
1673778600 124
1673778601 112
1673778601 168
1673778602 194
1673778602 135
1673778602 161
1673778603 135
1673778604 196
1673778604 191
1673778604 102
1673778604 115
1673778605 177
1673778605 153
1673778605 187
1673778605 145
1673778605 137
1673778606 129
1673778606 191
1673778606 126
1673778606 168
1673778607 162
1673778608 199
1673778608 127
1673778609 163
1673778610 177
1673778610 197
1673778611 111
1673778611 135
1673778611 114
1673778611 193
1673778612 153
1673778612 200
1673778612 103
1673778614 152
1673778615 147
1673778616 145
1673778616 178
1673778617 168
1673778617 109
1673778617 163
1673778617 174
1673778618 133
1673778619 136
1673778619 141
1673778620 163
1673778620 138
1673778620 121
1673778621 129
1673778621 148
1673778621 124
1673778621 110
1673778621 184
1673778621 122
1673778622 149
1673778622 179
1673778623 149
1673778623 162
1673778624 160
1673778624 137
1673778624 184
1673778625 196
1673778626 159
1673778626 107
1673778626 167
1673778626 141
1673778627 131
1673778627 145
1673778627 142
1673778627 101
1673778628 196
1673778628 165
1673778629 178
1673778629 116
1673778629 101
1673778629 153
1673778630 131
1673778631 181
1673778631 103
1673778632 187
1673778633 194
1673778633 131
1673778633 151
1673778633 112
1673778634 118
1673778636 116
1673778637 112
1673778637 144
1673778637 154
1673778638 199
1673778638 146
1673778639 108
1673778639 200
1673778639 143
1673778639 149
1673778639 104
1673778639 173
1673778640 114
1673778640 173
1673778640 195
1673778640 123
1673778640 193
1673778641 181
1673778641 104
1673778641 151
1673778641 113
1673778641 126
1673778642 194
1673778642 110
1673778642 139
1673778642 119
1673778642 125
1673778643 143
1673778643 131
1673778643 154
1673778643 153
1673778644 194
1673778644 127
1673778644 168
1673778644 170
1673778645 179
1673778645 147
1673778645 172
1673778646 200
1673778646 199
1673778647 136
1673778647 121
1673778647 162
1673778648 198
1673778649 169
1673778649 164
1673778650 164
1673778650 123
1673778650 119
1673778651 118
1673778651 116
1673778652 114
1673778652 189
1673778653 132
1673778654 185
1673778654 116
1673778655 161
1673778655 130
1673778655 102
1673778655 185
1673778655 149
1673778655 140
1673778656 140
1673778656 147
1673778658 181
1673778658 191
1673778659 158
1673778659 193
1673778660 110
1673778660 181
1673778661 121
1673778661 144
1673778661 176
1673778662 200
1673778662 191
1673778662 104
1673778663 137
1673778663 179
1673778663 200
1673778664 104
1673778664 137
1673778664 174
1673778664 130
1673778665 154
1673778665 147
1673778666 182
1673778666 177
1673778666 101
1673778666 143
1673778667 196
1673778667 104
1673778667 137
1673778667 125
1673778667 155
1673778667 106
1673778668 162
1673778668 199
1673778668 136
1673778669 153
1673778669 127
1673778669 126
1673778669 113
1673778670 185
1673778670 179
1673778670 179
1673778670 114
1673778670 161
1673778671 116
1673778671 170
1673778671 182
1673778672 129
1673778672 178
1673778672 179
1673778673 104
1673778673 101
1673778673 143
1673778673 117
1673778674 196
1673778674 117
1673778674 178
1673778675 180
1673778675 161
1673778675 179
1673778676 139
1673778676 137
1673778676 140
1673778676 167
1673778677 158
1673778677 108
1673778677 107
1673778677 170
1673778677 129
1673778677 102
1673778678 162
1673778678 176
1673778678 149
1673778679 165
1673778679 112
1673778679 138
1673778680 108
1673778681 150
1673778681 165
1673778682 178
1673778683 169
1673778683 161
1673778683 103
1673778684 144
1673778684 164
1673778684 196
1673778684 149
1673778685 118
1673778685 188
1673778685 133
1673778685 113
1673778686 172
1673778686 169
1673778689 116
1673778689 182
1673778690 133
1673778690 138
1673778691 115
1673778691 101
1673778691 175
1673778691 197
1673778692 171
1673778692 191
1673778693 114
1673778693 172
1673778693 134
1673778694 167
1673778694 186
1673778695 169
1673778695 151
1673778695 168
1673778695 141
1673778696 130
1673778697 178
1673778697 106
1673778698 195
1673778699 112
1673778699 130
1673778699 163
1673778700 134
1673778700 193
1673778701 147
1673778701 168
1673778702 171
1673778702 147
1673778703 145
1673778703 131
1673778703 168
1673778703 157
1673778704 140
1673778704 135
1673778704 139
1673778704 151
1673778705 174
1673778705 104
1673778705 184
1673778706 200
1673778706 155
1673778706 151
1673778707 117
1673778707 198
1673778707 144
1673778708 166
1673778708 162
1673778709 185
1673778709 119
1673778709 192
1673778709 144
1673778710 121
1673778710 109
1673778711 154
1673778712 196
1673778713 140
1673778713 111
1673778713 183
1673778714 106
1673778714 169
1673778715 141
1673778715 111
1673778715 200
1673778715 135
1673778717 192
1673778718 134
1673778718 198
1673778718 193
1673778719 168
1673778719 151
1673778720 152
1673778720 104
1673778720 179
1673778721 194
1673778721 161
1673778721 161
1673778721 142
1673778722 106
1673778722 151
1673778723 174
1673778723 107
1673778723 120
1673778723 167
1673778723 135
1673778724 157
1673778724 123
1673778724 164
1673778724 172
1673778725 171
1673778725 143
1673778725 106
1673778725 182
1673778725 107
1673778725 192
1673778726 121
1673778726 143
1673778726 181
1673778726 106
1673778726 182
1673778728 143
1673778728 187
1673778728 127
1673778729 101
1673778730 152
1673778730 107
1673778730 119
1673778730 185
1673778731 101
1673778731 177
1673778731 156
1673778731 192
1673778732 190
1673778732 108
1673778732 159
1673778732 192
1673778733 135
1673778733 106
1673778733 167
1673778733 144
1673778734 153
1673778734 114
1673778734 106
1673778734 144
1673778734 109
1673778735 159
1673778735 174
1673778735 190
1673778735 136
1673778735 146
1673778736 148
1673778736 106
1673778737 183
1673778737 140
1673778738 121
1673778738 174
1673778738 137
1673778739 196
1673778739 176
1673778740 198
1673778741 142
1673778741 123
1673778741 149
1673778743 133
1673778743 169
1673778743 137
1673778744 176
1673778744 164
1673778744 116
1673778744 196
1673778744 131
1673778745 107
1673778746 168
1673778746 196
1673778746 187
1673778747 189
1673778747 154
1673778747 189
1673778747 104
1673778748 150
1673778748 173
1673778748 161
1673778748 105
1673778748 117
1673778749 133
1673778751 139
1673778751 155
1673778751 174
1673778752 124
1673778752 157
1673778753 145
1673778753 146
1673778753 197
1673778754 115
1673778755 190
1673778755 196
1673778756 169
1673778756 170
1673778757 175
1673778757 187
1673778757 136
1673778757 127
1673778758 116
1673778758 152
1673778758 134
1673778758 194
1673778758 144
1673778758 148
1673778759 143
1673778759 160
1673778759 120
1673778760 179
1673778761 156
1673778761 157
1673778762 152
1673778762 133
1673778762 128
1673778762 183
1673778762 141
1673778762 104
1673778764 136
1673778764 156
1673778764 118
1673778764 118
1673778765 133
1673778765 180
1673778765 120
1673778766 147
1673778766 130
1673778766 139
1673778767 190
1673778767 103
1673778767 140
1673778767 116
1673778768 199
1673778768 127
1673778768 133
1673778769 167
1673778770 116
1673778770 184
1673778771 198
1673778771 132
1673778771 159
1673778771 175
1673778772 171
1673778772 169
1673778772 124
1673778773 106
1673778773 183
1673778774 144
1673778775 129
1673778776 146
1673778777 165
1673778777 186
1673778778 134
1673778778 185
1673778778 181
1673778778 179
1673778778 112
1673778778 159
1673778779 188
1673778779 170
1673778779 115
1673778780 113
1673778780 108
1673778780 151
1673778780 119
1673778781 143
1673778781 114
1673778781 151
1673778782 161
1673778782 180
1673778783 192
1673778783 179
1673778783 198
1673778783 182
1673778783 153
1673778783 116
1673778784 134
1673778784 173
1673778784 142
1673778785 102
1673778785 196
1673778785 191
1673778787 178
1673778787 105
1673778787 194
1673778787 138
1673778788 198
1673778788 147
1673778788 134
1673778789 176
1673778789 140
1673778789 157
1673778790 138
1673778790 111
1673778790 145
1673778791 115
1673778792 142
1673778792 137
1673778792 197
1673778793 150
1673778793 175
1673778793 134
1673778793 108
1673778794 101
1673778794 120
1673778794 116
1673778794 198
1673778796 155
1673778797 164
1673778797 131
1673778797 123
1673778797 125
1673778798 146
1673778798 122
1673778798 134
1673778798 178
1673778799 125
1673778799 169
1673778799 172
1673778799 103
1673778799 110
1673778799 108
1673778800 147
1673778800 189
1673778800 196
1673778800 183
1673778801 169
1673778802 181
1673778803 179
1673778803 153
1673778803 182
1673778803 178
1673778804 166
1673778804 102
1673778804 124
1673778804 152
1673778805 172
1673778805 108
1673778805 143
1673778806 185
1673778806 165
1673778806 154
1673778806 160
1673778806 113
1673778807 150
1673778807 142
1673778808 156
1673778808 200
1673778808 113
1673778808 180
1673778808 103
1673778808 178
1673778808 145
1673778808 123
1673778808 181
1673778808 107
1673778809 125
1673778809 129
1673778810 169
1673778810 190
1673778810 146
1673778810 119
1673778811 191
1673778811 106
1673778811 115
1673778813 121
1673778813 116
1673778814 132
1673778814 105
1673778814 193
1673778814 142
1673778814 135
1673778814 164
1673778814 138
1673778815 186
1673778815 200
1673778815 107
1673778815 127
1673778815 186
1673778815 110
1673778816 134
1673778816 185
1673778816 158
1673778817 180
1673778817 118
1673778817 167
1673778818 183
1673778818 108
1673778819 119
1673778819 114
1673778820 135
1673778820 182
1673778821 106
1673778822 195
1673778822 171
1673778822 198
1673778822 125
1673778823 125
1673778823 138
1673778823 170
1673778824 179
1673778825 122
1673778825 128
1673778826 161
1673778826 113
1673778827 148
1673778827 111
1673778827 147
1673778828 138
1673778828 179
1673778829 140
1673778829 161
1673778829 115
1673778830 120
1673778831 138
1673778832 118
1673778832 150
1673778832 102
1673778833 158
1673778833 140
1673778833 165
1673778833 128
1673778834 182
1673778834 200
1673778835 137
1673778835 170
1673778835 196
1673778835 102
1673778836 171
1673778837 121
1673778837 151
1673778837 199
1673778837 140
1673778837 138
1673778838 175
1673778838 104
1673778838 149
1673778838 129
1673778839 193
1673778841 159
1673778841 132
1673778841 166
1673778841 198
1673778842 180
1673778842 108
1673778842 106
1673778842 148
1673778843 161
1673778843 163
1673778843 143
1673778844 103
1673778844 125
1673778846 169
1673778846 133
1673778846 158
1673778847 193
1673778847 108
1673778847 125
1673778847 140
1673778847 137
1673778848 121
1673778848 120
1673778848 181
1673778848 114
1673778848 107
1673778849 170
1673778849 165
1673778849 175
1673778849 165
1673778849 120
1673778849 139
1673778849 144
1673778850 129
1673778850 176
1673778851 156
1673778851 117
1673778854 165
1673778854 150
1673778855 103
1673778856 135
1673778856 189
1673778856 103
1673778857 183
1673778857 147
1673778857 148
1673778857 106
1673778858 184
1673778858 109
1673778858 174
1673778859 147
1673778859 153
1673778860 156
1673778860 145
1673778861 129
1673778861 185
1673778862 133
1673778862 169
1673778863 200
1673778863 118
1673778863 175
1673778864 123
1673778865 196
1673778865 119
1673778865 129
1673778866 140
1673778866 185
1673778866 113
1673778866 109
1673778866 134
1673778867 196
1673778867 170
1673778867 189
1673778867 175
1673778867 126
1673778868 151
1673778868 167
1673778868 197
1673778869 167
1673778870 142
1673778871 166
1673778871 121
1673778871 191
1673778871 188
1673778871 122
1673778872 170
1673778872 108
1673778872 190
1673778872 146
1673778872 153
1673778872 126
1673778873 146
1673778873 146
1673778874 105
1673778874 139
1673778874 105
1673778874 143
1673778875 114
1673778875 190
1673778876 110
1673778876 153
1673778876 173
1673778876 127
1673778877 191
1673778877 101
1673778877 179
1673778878 133
1673778878 184
1673778878 132
1673778879 172
1673778880 156
1673778880 182
1673778881 148
1673778881 165
1673778881 149
1673778882 146
1673778882 149
1673778883 160
1673778883 166
1673778883 164
1673778883 153
1673778884 154
1673778884 105
1673778884 127
1673778885 141
1673778885 177
1673778885 185
1673778885 198
1673778886 120
1673778886 151
1673778886 143
1673778886 173
1673778887 131
1673778887 187
1673778887 110
1673778888 103
1673778888 176
1673778888 186
1673778889 189
1673778890 186
1673778890 169
1673778890 189
1673778890 107
1673778890 150
1673778890 188
1673778890 164
1673778890 153
1673778891 169
1673778891 191
1673778892 167
1673778892 181
1673778893 162
1673778893 132
1673778893 152
1673778894 110
1673778894 108
1673778895 159
1673778895 158
1673778896 170
1673778896 183
1673778897 151
1673778897 122
1673778898 146
1673778898 157
1673778898 136
1673778899 159
1673778899 178
1673778899 180
1673778899 199
1673778899 134
1673778900 177
1673778900 192
1673778900 168
1673778901 151
1673778901 159
1673778901 126
1673778901 144
1673778901 187
1673778902 138
1673778902 188
1673778902 180
1673778903 146
1673778903 120
1673778903 178
1673778903 119
1673778904 176
1673778904 116
1673778904 126
1673778905 172
1673778905 136
1673778905 193
1673778905 151
1673778905 108
1673778906 140
1673778906 103
1673778906 153
1673778907 152
1673778907 158
1673778907 115
1673778908 135
1673778908 132
1673778909 111
1673778909 198
1673778909 180
1673778909 172
1673778909 163
1673778911 108
1673778912 156
1673778912 180
1673778912 172
1673778913 149
1673778913 132
1673778913 126
1673778913 190
1673778913 139
1673778914 144
1673778914 111
1673778915 118
1673778915 175
1673778915 188
1673778915 133
1673778915 197
1673778916 124
1673778916 189
1673778916 199
1673778916 133
1673778916 109
1673778916 123
1673778917 160
1673778917 116
1673778917 196
1673778917 175
1673778917 185
1673778918 155
1673778918 135
1673778918 172
1673778918 160
1673778919 147
1673778919 149
1673778919 196
1673778920 188
1673778920 198
1673778921 194
1673778921 120
1673778922 183
1673778923 168
1673778923 134
1673778924 129
1673778924 162
1673778925 136
1673778925 172
1673778925 141
1673778926 177
1673778926 123
1673778926 120
1673778927 150
1673778927 114
1673778927 112
1673778927 166
1673778928 153
1673778928 105
1673778928 104
1673778928 129
1673778928 196
1673778929 172
1673778929 166
1673778929 151
1673778929 173
1673778929 164
1673778929 138
1673778930 159
1673778930 198
1673778930 142
1673778930 113
1673778931 141
1673778931 119
1673778932 185
1673778932 104
1673778932 138
1673778933 131
1673778933 138
1673778933 172
1673778934 165
1673778934 190
1673778935 194
1673778936 168
1673778937 140
1673778937 143
1673778937 192
1673778937 163
1673778937 117
1673778937 171
1673778937 105
1673778937 136
1673778938 115
1673778938 158
1673778938 145
1673778939 143
1673778940 169
1673778940 177
1673778941 131
1673778941 151
1673778942 149
1673778942 148
1673778943 158
1673778944 138
1673778945 199
1673778945 135
1673778948 142
1673778948 147
1673778949 186
1673778949 105
1673778949 158
1673778949 119
1673778949 190
1673778950 148
1673778950 157
1673778950 135
1673778950 198
1673778951 185
1673778951 115
1673778951 181
1673778952 161
1673778953 101
1673778953 196
1673778953 166
1673778953 193
1673778953 195
1673778954 103
1673778954 119
1673778955 102
1673778955 139
1673778955 193
1673778955 186
1673778956 149
1673778957 199
1673778957 136
1673778958 130
1673778958 117
1673778958 161
1673778958 166
1673778959 137
1673778960 154
1673778960 113
1673778960 104
1673778961 140
1673778961 119
1673778961 131
1673778961 116
1673778962 172
1673778962 156
1673778962 184
1673778963 190
1673778963 195
1673778963 170
1673778964 148
1673778964 175
1673778965 165
1673778965 198
1673778965 148
1673778965 101
1673778966 150
1673778966 134
1673778966 200
1673778967 198
1673778967 189
1673778968 124
1673778969 126
1673778969 143
1673778969 127
1673778969 174
1673778970 104
1673778970 135
1673778970 173
1673778971 113
1673778971 166
1673778971 122
1673778971 105
1673778972 181
1673778972 172
1673778972 135
1673778973 106
1673778973 169
1673778973 105
1673778974 192
1673778974 168
1673778974 144
1673778975 165
1673778975 129
1673778977 166
1673778977 183
1673778977 193
1673778977 191
1673778977 104
1673778978 117
1673778978 139
1673778979 191
1673778979 166
1673778980 179
1673778981 181
1673778981 115
1673778981 177
1673778982 145
1673778982 152
1673778983 162
1673778983 197
1673778984 193
1673778984 102
1673778985 199
1673778985 126
1673778986 158
1673778986 135
1673778987 153
1673778987 156
1673778987 165
1673778987 124
1673778987 125
1673778988 109
1673778989 116
1673778989 197
1673778989 141
1673778989 129
1673778990 183
1673778991 176
1673778991 146
1673778991 169
1673778991 126
1673778991 151
1673778992 112
1673778992 180
1673778993 147
1673778993 197
1673778993 112
1673778994 122
1673778994 187
1673778994 112
1673778995 167
1673778995 176
1673778995 186
1673778995 181
1673778995 112
1673778996 145
1673778996 187
1673778996 129
1673778997 160
1673778997 120
1673778998 101
1673778998 155
1673778998 112
1673778999 117
1673778999 177
1673779000 131
1673779001 139
1673779001 112
1673779002 179
1673779002 128
1673779004 167
1673779004 173
1673779004 125
1673779005 161
1673779005 156
1673779005 104
1673779005 175
1673779005 183
1673779005 180
1673779005 141
1673779005 137
1673779006 164
1673779007 152
1673779008 200
1673779008 122
1673779008 132
1673779008 160
1673779008 147
1673779009 132
1673779009 116
1673779009 180
1673779009 184
1673779009 114
1673779009 170
1673779010 145
1673779010 110
1673779010 147
1673779010 196
1673779011 135
1673779011 169
1673779011 144
1673779012 117
1673779013 184
1673779014 145
1673779014 126
1673779014 186
1673779015 160
1673779015 140
1673779016 108
1673779016 186
1673779016 160
1673779016 136
1673779016 160
1673779017 165
1673779017 102
1673779018 129
1673779018 156
1673779018 200
1673779019 138
1673779020 118
1673779020 180
1673779020 150
1673779021 121
1673779021 188
1673779021 189
1673779022 104
1673779022 166
1673779023 155
1673779024 184
1673779024 184
1673779024 162
1673779024 168
1673779024 148
1673779026 174
1673779026 124
1673779026 192
1673779026 197
1673779026 177
1673779027 103
1673779027 172
1673779027 130
1673779028 170
1673779028 103
1673779028 182
1673779028 103
1673779028 182
1673779029 110
1673779030 123
1673779031 128
1673779032 116
1673779032 117
1673779033 190
1673779034 121
1673779034 125
1673779034 105
1673779035 127
1673779035 119
1673779035 150
1673779036 124
1673779036 177
1673779036 144
1673779037 152
1673779037 145
1673779037 187
1673779037 120
1673779037 144
1673779038 172
1673779038 113
1673779038 145
1673779039 107
1673779040 172
1673779041 108
1673779041 120
1673779041 125
1673779041 194
1673779042 124
1673779042 159
1673779042 115
1673779042 132
1673779043 199
1673779043 180
1673779043 142
1673779044 121
1673779044 132
1673779046 166
1673779046 193
1673779046 152
1673779046 179
1673779046 149
1673779046 111
1673779047 171
1673779047 185
1673779047 138
1673779048 162
1673779048 185
1673779049 131
1673779049 181
1673779049 175
1673779050 147
1673779050 134
1673779050 155
1673779050 166
1673779050 142
1673779051 167
1673779051 199
1673779052 133
1673779052 141
1673779053 177
1673779053 147
1673779053 127
1673779053 158
1673779053 168
1673779053 125
1673779054 101
1673779054 112
1673779054 115
1673779054 198
1673779054 184
1673779055 164
1673779055 164
1673779055 130
1673779056 165
1673779056 182
1673779057 123
1673779057 153
1673779058 171
1673779058 180
1673779058 159
1673779058 119
1673779058 113
1673779058 154
1673779059 140
1673779059 118
1673779059 184
1673779059 114
1673779059 187
1673779059 169
1673779059 175
1673779060 188
1673779060 123
1673779060 157
1673779061 129
1673779062 108
1673779063 180
1673779063 187
1673779064 116
1673779064 149
1673779065 189
1673779065 145
1673779066 131
1673779066 123
1673779067 103
1673779067 149
1673779067 172
1673779067 162
1673779068 106
1673779069 163
1673779069 109
1673779069 104
1673779070 156
1673779070 142
1673779071 126
1673779072 183
1673779072 167
1673779072 134
1673779072 169
1673779072 198
1673779072 152
1673779073 172
1673779073 107
1673779073 116
1673779073 137
1673779073 108
1673779073 125
1673779073 107
1673779074 167
1673779074 183
1673779075 132
1673779075 195
1673779076 189
1673779076 140
1673779077 121
1673779077 162
1673779077 102
1673779077 163
1673779078 167
1673779078 172
1673779078 193
1673779078 181
1673779079 110
1673779079 168
1673779079 194
1673779079 115
1673779080 109
1673779081 125
1673779081 115
1673779081 174
1673779081 172
1673779081 190
1673779082 167
1673779082 126
1673779082 188
1673779084 129
1673779084 165
1673779084 180
1673779085 169
1673779085 115
1673779085 147
1673779085 104
1673779085 101
1673779086 163
1673779086 135
1673779086 181
1673779086 172
1673779086 102
1673779086 180
1673779087 123
1673779087 157
1673779087 148
1673779087 125
1673779088 186
1673779088 199
1673779089 190
1673779089 165
1673779089 186
1673779090 188
1673779090 166
1673779090 184
1673779091 145
1673779091 167
1673779091 128
1673779091 163
1673779091 163
1673779092 173
1673779092 112
1673779092 146
1673779092 115
1673779093 198
1673779093 148
1673779093 200
1673779094 114
1673779094 137
1673779095 113
1673779096 180
1673779096 179
1673779096 172
1673779096 144
1673779096 132
1673779096 130
1673779097 115
1673779097 174
1673779097 171
1673779098 145
1673779098 113
1673779099 144
1673779099 171
1673779099 191
1673779099 139
1673779100 165
1673779100 183
1673779101 153
1673779101 168
1673779101 114
1673779101 198
1673779101 113
1673779103 158
1673779103 121
1673779104 164
1673779104 123
1673779104 106
1673779105 152
1673779105 170
1673779105 190
1673779105 164
1673779107 103
1673779107 190
1673779107 154
1673779107 184
1673779108 159
1673779109 120
1673779110 173
1673779110 143
1673779110 176
1673779110 200
1673779110 137
1673779111 191
1673779111 160
1673779112 172
1673779112 198
1673779114 173
1673779114 119
1673779114 107
1673779115 101
1673779115 154
1673779116 147
1673779117 171
1673779117 121
1673779117 126
1673779118 157
1673779118 154
1673779118 193
1673779119 117
1673779119 162
1673779119 148
1673779120 168
1673779120 119
1673779120 197
1673779121 183
1673779121 183
1673779121 144
1673779122 143
1673779123 181
1673779123 149
1673779123 148
1673779123 197
1673779124 159
1673779124 155
1673779124 110
1673779125 143
1673779125 104
1673779127 176
1673779127 152
1673779127 105
1673779128 158
1673779128 154
1673779128 137
1673779128 185
1673779129 155
1673779129 197
1673779130 171
1673779131 144
1673779131 173
1673779131 178
1673779132 129
1673779132 163
1673779132 101
1673779133 141
1673779134 149
1673779134 154
1673779134 116
1673779134 107
1673779134 110
1673779135 158
1673779135 189
1673779135 165
1673779135 184
1673779135 176
1673779135 150
1673779135 167
1673779136 144
1673779136 160
1673779136 111
1673779137 104
1673779137 140
1673779138 189
1673779138 192
1673779139 110
1673779139 177
1673779140 163
1673779140 114
1673779140 199
1673779140 166
1673779140 159
1673779141 169
1673779141 185
1673779141 157
1673779141 189
1673779142 187
1673779142 145
1673779142 138
1673779142 183
1673779142 124
1673779143 126
1673779143 127
1673779143 138
1673779143 101
1673779144 116
1673779145 150
1673779145 125
1673779145 191
1673779145 146
1673779145 129
1673779146 117
1673779146 111
1673779147 178
1673779147 157
1673779148 141
1673779148 108
1673779148 195
1673779149 112
1673779149 114
1673779149 186
1673779149 122
1673779150 102
1673779150 109
1673779150 154
1673779150 160
1673779152 168
1673779152 192
1673779152 191
1673779152 189
1673779153 109
1673779153 119
1673779153 153
1673779154 184
1673779154 120
1673779155 188
1673779155 102
1673779156 157
1673779156 123
1673779156 138
1673779156 112
1673779157 161
1673779157 197
1673779159 132
1673779159 114
1673779160 104
1673779160 112
1673779160 118
1673779161 143
1673779161 113
1673779161 168
1673779162 200
1673779162 167
1673779162 166
1673779163 150
1673779163 195
1673779164 128
1673779164 137
1673779165 172
1673779165 131
1673779165 104
1673779165 195
1673779165 189
1673779166 149
1673779166 194
1673779167 142
1673779167 194
1673779168 121
1673779168 195
1673779168 107
1673779168 162
1673779169 158
1673779170 111
1673779170 158
1673779170 130
1673779170 106
1673779171 160
1673779171 162
1673779171 171
1673779171 109
1673779172 183
1673779172 177
1673779172 120
1673779173 144
1673779173 192
1673779173 188
1673779174 111
1673779174 105
1673779174 127
1673779174 120
1673779174 136
1673779175 150
1673779175 139
1673779175 157
1673779175 130
1673779176 160
1673779176 152
1673779177 116
1673779177 195
1673779178 198
1673779178 142
1673779178 175
1673779178 187
1673779179 138
1673779179 108
1673779179 143
1673779179 166
1673779180 172
1673779180 140
1673779180 107
1673779181 170
1673779181 198
1673779181 124
1673779181 137
1673779181 114
1673779181 127
1673779182 121
1673779182 180
1673779183 109
1673779183 149
1673779183 153
1673779183 124
1673779183 197
1673779184 184
1673779184 151
1673779184 109
1673779184 187
1673779184 179
1673779184 136
1673779185 120
1673779185 184
1673779186 159
1673779186 122
1673779187 196
1673779187 153
1673779187 191
1673779187 149
1673779188 127
1673779188 111
1673779188 115
1673779188 161
1673779189 164
1673779189 184
1673779189 122
1673779190 159
1673779191 174
1673779191 161
1673779192 125
1673779193 118
1673779194 155
1673779194 140
1673779194 199
1673779194 135
1673779195 140
1673779195 198
1673779196 193
1673779196 183
1673779196 171
1673779197 123
1673779198 191
1673779199 134
1673779199 140
1673779199 141
1673779200 165
1673779200 151
1673779201 142
1673779201 149
1673779201 141
1673779201 150
1673779202 166
1673779202 136
1673779202 176
1673779202 176
1673779202 142
1673779203 176
1673779203 140
1673779203 121
1673779204 185
1673779204 166
1673779204 151
1673779205 177
1673779205 136
1673779206 151
1673779206 178
1673779207 127
1673779208 145
1673779208 198
1673779208 111
1673779209 107
1673779209 185
1673779209 156
1673779209 160
1673779210 167
1673779210 168
1673779210 162
1673779211 181
1673779211 145
1673779211 181
1673779211 166
1673779211 164
1673779213 196
1673779213 107
1673779214 173
1673779214 140
1673779215 135
1673779215 132
1673779215 129
1673779215 165
1673779216 174
1673779216 115
1673779216 195
1673779217 112
1673779217 155
1673779217 181
1673779217 165
1673779217 157
1673779217 196
1673779218 177
1673779218 152
1673779219 160
1673779219 174
1673779220 149
1673779220 143
1673779220 197
1673779220 137
1673779221 110
1673779221 195
1673779222 183
1673779222 146
1673779223 125
1673779223 136
1673779223 132
1673779224 132
1673779224 165
1673779224 107
1673779224 151
1673779224 149
1673779224 161
1673779225 135
1673779226 117
1673779226 172
1673779227 144
1673779227 178
1673779227 107
1673779228 159
1673779229 144
1673779229 110
1673779229 107
1673779229 116
1673779231 142
1673779231 190
1673779233 148
1673779233 164
1673779233 143
1673779234 176
1673779234 139
1673779234 121
1673779235 158
1673779235 119
1673779236 108
1673779237 107
1673779237 108
1673779238 168
1673779238 107
1673779238 145
1673779238 197
1673779239 110
1673779239 104
1673779240 174
1673779240 197
1673779240 134
1673779240 183
1673779241 102
1673779241 116
1673779241 143
1673779242 104
1673779243 121
1673779243 151
1673779243 147
1673779244 171
1673779244 128
1673779244 119
1673779244 177
1673779244 132
1673779244 142
1673779244 139
1673779245 172
1673779245 145
1673779246 190
1673779246 164
1673779246 152
1673779246 177
1673779247 190
1673779247 139
1673779247 137
1673779247 137
1673779248 197
1673779248 162
1673779248 103
1673779248 124
1673779249 130
1673779250 186
1673779250 132
1673779250 163
1673779251 192
1673779251 181
1673779251 127
1673779252 155
1673779252 163
1673779253 128
1673779253 185
1673779254 103
1673779254 171
1673779254 181
1673779255 165
1673779256 181
1673779257 113
1673779257 160
1673779257 175
1673779258 131
1673779259 183
1673779259 170
1673779259 134
1673779259 171
1673779260 177
1673779260 169
1673779260 111
1673779261 106
1673779261 181
1673779261 129
1673779261 144
1673779262 186
1673779262 134
1673779262 172
1673779263 168
1673779263 188
1673779263 136
1673779264 117
1673779264 179
1673779265 116
1673779266 196
1673779266 118
1673779267 117
1673779267 190
1673779267 121
1673779267 197
1673779267 116
1673779268 196
1673779268 171
1673779269 110
1673779269 170
1673779269 188
1673779269 119
1673779269 192
1673779270 142
1673779271 133
1673779271 180
1673779271 144
1673779272 161
1673779272 144
1673779273 104
1673779274 170
1673779274 166
1673779275 197
1673779275 187
1673779275 142
1673779275 142
1673779276 165
1673779276 170
1673779276 177
1673779276 130
1673779276 170
1673779276 156
1673779276 164
1673779277 146
1673779277 109
1673779277 190
1673779278 141
1673779279 161
1673779279 104
1673779280 114
1673779280 111
1673779281 169
1673779281 194
1673779282 104
1673779282 102
1673779283 127
1673779283 135
1673779283 169
1673779283 123
1673779283 133
1673779284 142
1673779284 129
1673779284 146
1673779284 115
1673779285 140
1673779285 151
1673779285 176
1673779287 194
1673779288 159
1673779288 199
1673779288 116
1673779288 101
1673779288 153
1673779290 129
1673779290 200
1673779290 101
