1673776802 184
1673776804 129
1673776805 140
1673776805 180
1673776806 106
1673776806 156
1673776807 116
1673776807 155
1673776808 136
1673776808 118
1673776809 115
1673776809 163
1673776810 107
1673776810 127
1673776811 109
1673776812 105
1673776812 155
1673776813 200
1673776813 101
1673776814 146
1673776814 142
1673776816 107
1673776817 135
1673776818 160
1673776818 181
1673776821 190
1673776821 150
1673776822 162
1673776822 132
1673776823 149
1673776823 132
1673776824 165
1673776824 107
1673776824 167
1673776826 168
1673776827 104
1673776829 164
1673776830 156
1673776830 156
1673776830 180
1673776832 165
1673776833 105
1673776833 166
1673776833 158
1673776833 138
1673776835 139
1673776836 171
1673776836 125
1673776836 180
1673776837 199
1673776838 131
1673776838 192
1673776839 165
1673776839 129
1673776840 136
1673776842 142
1673776844 154
1673776848 145
1673776849 108
1673776849 182
1673776850 142
1673776851 199
1673776856 160
1673776859 121
1673776860 143
1673776861 141
1673776861 158
1673776861 179
1673776863 154
1673776864 131
1673776864 130
1673776864 112
1673776867 147
1673776870 160
1673776871 143
1673776871 196
1673776871 162
1673776872 133
1673776872 198
1673776873 157
1673776876 178
1673776877 171
1673776877 122
1673776878 122
1673776878 133
1673776882 107
1673776883 132
1673776883 186
1673776883 125
1673776883 190
1673776883 152
1673776884 169
1673776884 102
1673776885 149
1673776885 166
1673776886 124
1673776886 144
1673776886 123
1673776888 194
1673776888 109
1673776889 114
1673776890 105
1673776892 152
1673776895 193
1673776895 134
1673776896 126
1673776896 108
1673776898 191
1673776898 191
1673776899 195
1673776901 140
1673776901 130
1673776901 186
1673776902 199
1673776902 117
1673776904 145
1673776904 189
1673776904 136
1673776905 105
1673776906 176
1673776906 198
1673776907 199
1673776907 186
1673776907 148
1673776907 198
1673776921 172
1673776922 161
1673776923 155
1673776924 200
1673776924 182
1673776925 126
1673776926 179
1673776926 101
1673776926 192
1673776926 111
1673776926 127
1673776927 188
1673776927 184
1673776928 136
1673776928 107
1673776928 121
1673776928 171
1673776928 159
1673776929 138
1673776929 156
1673776929 164
1673776930 124
1673776931 122
1673776931 177
1673776932 198
1673776933 175
1673776933 155
1673776934 173
1673776934 162
1673776934 156
1673776935 115
1673776935 197
1673776935 126
1673776935 108
1673776935 147
1673776936 148
1673776936 195
1673776936 191
1673776936 110
1673776936 183
1673776936 200
1673776937 114
1673776937 128
1673776937 134
1673776937 184
1673776938 123
1673776938 180
1673776938 121
1673776938 111
1673776939 196
1673776939 186
1673776939 105
1673776940 162
1673776940 126
1673776941 173
1673776941 119
1673776941 116
1673776942 112
1673776942 105
1673776942 192
1673776942 144
1673776943 183
1673776944 169
1673776944 131
1673776944 157
1673776944 139
1673776945 114
1673776945 116
1673776945 114
1673776946 105
1673776946 176
1673776946 151
1673776947 110
1673776947 105
1673776947 104
1673776949 174
1673776950 185
1673776950 142
1673776950 142
1673776951 111
1673776951 108
1673776952 168
1673776953 169
1673776953 121
1673776953 175
1673776954 190
1673776954 193
1673776954 126
1673776954 137
1673776954 111
1673776955 171
1673776955 156
1673776955 154
1673776956 154
1673776957 162
1673776957 163
1673776957 188
1673776957 173
1673776957 200
1673776957 102
1673776957 190
1673776958 157
1673776958 130
1673776958 135
1673776959 200
1673776959 106
1673776959 144
1673776959 144
1673776959 179
1673776959 129
1673776960 124
1673776960 157
1673776960 185
1673776961 186
1673776961 131
1673776962 105
1673776962 124
1673776962 162
1673776962 187
1673776962 117
1673776963 102
1673776964 117
1673776964 136
1673776965 114
1673776965 166
1673776966 113
1673776966 114
1673776966 138
1673776968 119
1673776969 188
1673776969 180
1673776970 179
1673776970 106
1673776970 189
1673776971 129
1673776971 169
1673776971 126
1673776971 164
1673776973 105
1673776973 186
1673776973 173
1673776974 167
1673776975 191
1673776975 136
1673776976 131
1673776977 165
1673776977 196
1673776978 158
1673776978 174
1673776979 200
1673776980 137
1673776980 197
1673776981 175
1673776981 138
1673776982 152
1673776982 118
1673776982 199
1673776982 109
1673776982 152
1673776983 107
1673776983 127
1673776983 139
1673776984 154
1673776984 163
1673776985 168
1673776985 108
1673776985 117
1673776985 108
1673776986 177
1673776987 196
1673776989 136
1673776990 185
1673776991 114
1673776991 172
1673776992 187
1673776992 153
1673776996 142
1673776997 130
1673776997 111
1673776998 156
1673776999 192
1673776999 145
1673777000 128
1673777001 152
1673777001 179
1673777002 117
1673777002 153
1673777002 200
1673777002 185
1673777002 123
1673777003 188
1673777003 188
1673777004 117
1673777004 138
1673777004 107
1673777006 151
1673777007 157
1673777007 162
1673777008 145
1673777008 101
1673777009 148
1673777009 113
1673777010 170
1673777011 110
1673777011 136
1673777012 113
1673777012 152
1673777013 150
1673777014 182
1673777014 182
1673777016 108
1673777016 177
1673777016 153
1673777017 111
1673777017 142
1673777017 126
1673777020 117
1673777020 158
1673777020 144
1673777020 184
1673777020 200
1673777022 123
1673777022 122
1673777023 196
1673777023 131
1673777023 189
1673777023 140
1673777024 156
1673777024 116
1673777024 106
1673777024 180
1673777024 148
1673777024 173
1673777024 168
1673777025 187
1673777026 137
1673777026 128
1673777027 195
1673777027 145
1673777027 178
1673777027 181
1673777028 181
1673777029 170
1673777029 101
1673777029 182
1673777029 122
1673777030 132
1673777030 116
1673777030 195
1673777030 143
1673777031 163
1673777031 184
1673777031 144
1673777032 178
1673777032 124
1673777032 160
1673777032 143
1673777033 152
1673777033 165
1673777033 169
1673777034 150
1673777034 125
1673777034 150
1673777034 187
1673777034 115
1673777034 187
1673777035 108
1673777036 147
1673777036 191
1673777037 171
1673777037 146
1673777037 191
1673777037 196
1673777038 200
1673777038 171
1673777038 167
1673777038 175
1673777039 188
1673777039 154
1673777039 144
1673777039 136
1673777039 156
1673777039 175
1673777039 134
1673777040 106
1673777040 143
1673777040 113
1673777041 146
1673777041 193
1673777042 129
1673777042 171
1673777042 179
1673777043 121
1673777043 193
1673777043 191
1673777043 137
1673777044 166
1673777044 173
1673777044 151
1673777045 129
1673777045 102
1673777045 181
1673777046 117
1673777046 148
1673777046 190
1673777047 116
1673777047 181
1673777048 175
1673777048 190
1673777048 191
1673777048 137
1673777048 122
1673777048 125
1673777048 175
1673777049 132
1673777049 144
1673777049 114
1673777049 168
1673777050 157
1673777052 152
1673777052 125
1673777052 184
1673777052 123
1673777052 123
1673777054 135
1673777054 102
1673777054 192
1673777055 101
1673777055 169
1673777055 197
1673777055 151
1673777056 115
1673777056 198
1673777056 162
1673777057 157
1673777057 161
1673777059 108
1673777059 158
1673777059 178
1673777059 199
1673777060 172
1673777060 196
1673777060 112
1673777060 107
1673777061 180
1673777061 191
1673777062 151
1673777062 112
1673777062 142
1673777063 121
1673777064 125
1673777064 146
1673777064 188
1673777065 133
1673777065 161
1673777065 157
1673777066 194
1673777066 133
1673777067 156
1673777067 179
1673777068 132
1673777068 184
1673777069 171
1673777069 184
1673777070 198
1673777070 126
1673777070 198
1673777070 144
1673777070 153
1673777071 113
1673777071 151
1673777073 142
1673777073 103
1673777073 153
1673777074 121
1673777074 169
1673777074 153
1673777074 110
1673777075 188
1673777075 154
1673777075 158
1673777076 151
1673777076 184
1673777076 113
1673777076 136
1673777077 184
1673777077 114
1673777077 111
1673777077 136
1673777078 126
1673777078 122
1673777078 159
1673777079 149
1673777079 155
1673777080 131
1673777080 151
1673777080 186
1673777081 198
1673777081 115
1673777081 182
1673777082 118
1673777082 167
1673777083 199
1673777083 138
1673777083 136
1673777084 149
1673777084 114
1673777084 117
1673777085 155
1673777085 187
1673777087 167
1673777087 186
1673777088 118
1673777088 144
1673777088 120
1673777088 155
1673777088 194
1673777088 179
1673777089 185
1673777090 103
1673777090 151
1673777090 149
1673777090 182
1673777090 126
1673777091 178
1673777091 137
1673777092 118
1673777092 124
1673777092 166
1673777092 198
1673777093 107
1673777093 130
1673777093 194
1673777093 200
1673777093 114
1673777093 154
1673777093 150
1673777093 133
1673777094 128
1673777095 170
1673777095 130
1673777096 110
1673777097 105
1673777097 120
1673777098 181
1673777098 111
1673777098 177
1673777098 173
1673777099 126
1673777099 117
1673777099 103
1673777099 140
1673777099 192
1673777100 116
1673777100 141
1673777100 175
1673777101 157
1673777101 198
1673777102 124
1673777102 188
1673777103 130
1673777103 189
1673777103 112
1673777103 158
1673777103 186
1673777103 116
1673777103 171
1673777104 132
1673777104 147
1673777105 139
1673777105 181
1673777105 122
1673777105 169
1673777105 197
1673777105 137
1673777105 108
1673777106 172
1673777107 110
1673777108 180
1673777109 146
1673777110 159
1673777110 139
1673777110 190
1673777112 172
1673777112 188
1673777112 113
1673777112 102
1673777112 161
1673777112 195
1673777114 124
1673777115 138
1673777115 159
1673777115 164
1673777116 139
1673777116 179
1673777116 149
1673777116 119
1673777116 153
1673777116 110
1673777117 134
1673777117 129
1673777117 190
1673777118 196
1673777119 127
1673777120 194
1673777120 160
1673777121 119
1673777121 118
1673777121 117
1673777122 153
1673777122 195
1673777122 169
1673777122 167
1673777123 181
1673777123 169
1673777123 125
1673777123 152
1673777124 165
1673777124 178
1673777124 157
1673777125 151
1673777125 155
1673777126 156
1673777127 195
1673777127 128
1673777127 124
1673777128 119
1673777129 184
1673777129 197
1673777129 142
1673777129 183
1673777129 156
1673777129 167
1673777129 165
1673777129 162
1673777129 103
1673777131 144
1673777131 179
1673777132 158
1673777132 103
1673777132 197
1673777132 173
1673777133 139
1673777133 198
1673777134 165
1673777134 176
1673777134 150
1673777134 106
1673777134 161
1673777134 102
1673777135 109
1673777135 169
1673777135 164
1673777136 152
1673777136 198
1673777136 154
1673777137 157
1673777137 199
1673777137 181
1673777138 170
1673777138 156
1673777138 182
1673777138 111
1673777138 153
1673777138 145
1673777139 200
1673777139 170
1673777139 184
1673777140 163
1673777140 149
1673777140 170
1673777140 108
1673777141 118
1673777141 128
1673777141 154
1673777141 197
1673777142 109
1673777143 185
1673777143 193
1673777143 183
1673777144 114
1673777144 159
1673777144 124
1673777144 179
1673777145 166
1673777145 152
1673777146 149
1673777146 119
1673777146 172
1673777148 181
1673777148 180
1673777148 116
1673777148 127
1673777148 115
1673777148 109
1673777148 123
1673777148 154
1673777149 130
1673777150 162
1673777150 102
1673777150 152
1673777151 200
1673777151 144
1673777151 123
1673777152 164
1673777152 195
1673777152 117
1673777152 149
1673777153 135
1673777153 152
1673777153 169
1673777154 185
1673777154 158
1673777154 112
1673777155 125
1673777155 117
1673777155 159
1673777156 131
1673777156 104
1673777157 182
1673777157 199
1673777157 187
1673777157 141
1673777158 187
1673777158 129
1673777159 159
1673777159 178
1673777159 149
1673777160 149
1673777160 119
1673777161 141
1673777161 176
1673777161 192
1673777162 138
1673777162 128
1673777162 168
1673777162 198
1673777163 152
1673777163 129
1673777163 142
1673777163 137
1673777164 115
1673777164 189
1673777164 140
1673777164 128
1673777165 111
1673777165 147
1673777165 150
1673777166 158
1673777166 177
1673777166 182
1673777166 114
1673777168 190
1673777168 180
1673777168 174
1673777169 150
1673777169 184
1673777169 187
1673777169 151
1673777169 108
1673777170 192
1673777170 156
1673777170 181
1673777171 176
1673777171 189
1673777171 109
1673777171 137
1673777173 180
1673777173 177
1673777174 103
1673777174 121
1673777175 105
1673777175 193
1673777175 108
1673777176 139
1673777176 150
1673777177 169
1673777177 112
1673777178 134
1673777178 160
1673777178 171
1673777179 174
1673777179 149
1673777179 107
1673777179 159
1673777180 108
1673777180 172
1673777180 130
1673777180 114
1673777180 146
1673777181 171
1673777181 163
1673777182 148
1673777182 155
1673777182 159
1673777182 177
1673777184 194
1673777185 118
1673777185 149
1673777185 126
1673777185 173
1673777185 149
1673777185 184
1673777186 186
1673777186 151
1673777186 159
1673777187 102
1673777189 171
1673777190 138
1673777190 132
1673777190 142
1673777191 144
1673777191 167
1673777191 185
1673777191 131
1673777191 184
1673777192 101
1673777193 142
1673777193 107
1673777193 159
1673777193 113
1673777193 116
1673777193 171
1673777194 108
1673777194 199
1673777195 163
1673777195 168
1673777195 193
1673777196 168
1673777196 181
1673777197 153
1673777197 173
1673777198 158
1673777198 154
1673777199 192
1673777199 125
1673777200 157
1673777200 112
1673777201 128
1673777201 174
1673777201 173
1673777201 143
1673777201 147
1673777202 137
1673777202 135
1673777202 131
1673777203 181
1673777204 125
1673777204 135
1673777205 119
1673777205 120
1673777205 114
1673777206 149
1673777206 180
1673777206 172
1673777207 110
1673777207 144
1673777207 149
1673777207 101
1673777207 198
1673777208 149
1673777208 111
1673777208 192
1673777208 135
1673777209 120
1673777211 142
1673777211 189
1673777211 116
1673777212 126
1673777212 168
1673777212 121
1673777212 199
1673777213 192
1673777213 172
1673777213 156
1673777214 200
1673777215 161
1673777216 197
1673777217 120
1673777217 124
1673777217 162
1673777217 148
1673777218 133
1673777218 158
1673777218 196
1673777219 197
1673777220 198
1673777220 196
1673777221 126
1673777221 160
1673777221 154
1673777221 103
1673777221 136
1673777221 114
1673777221 195
1673777222 166
1673777223 138
1673777223 121
1673777224 120
1673777224 167
1673777224 111
1673777225 145
1673777228 151
1673777229 110
1673777229 194
1673777232 120
1673777233 101
1673777233 114
1673777234 144
1673777234 188
1673777234 143
1673777236 120
1673777236 179
1673777237 105
1673777237 182
1673777238 170
1673777238 108
1673777239 172
1673777239 195
1673777240 104
1673777240 141
1673777241 159
1673777241 145
1673777242 126
1673777243 124
1673777243 102
1673777243 113
1673777244 155
1673777247 181
1673777247 137
1673777248 101
1673777248 155
1673777250 170
1673777251 157
1673777251 116
1673777251 168
1673777251 111
1673777251 166
1673777251 199
1673777251 194
1673777251 145
1673777252 124
1673777252 178
1673777252 151
1673777252 197
1673777252 118
1673777252 106
1673777253 159
1673777253 115
1673777253 126
1673777254 121
1673777254 193
1673777254 132
1673777254 184
1673777254 179
1673777254 170
1673777255 170
1673777255 118
1673777256 151
1673777256 152
1673777256 101
1673777256 134
1673777257 139
1673777257 187
1673777257 132
1673777257 187
1673777257 106
1673777258 198
1673777258 171
1673777258 122
1673777258 107
1673777259 176
1673777259 120
1673777259 146
1673777259 181
1673777259 136
1673777260 115
1673777260 184
1673777261 180
1673777262 165
1673777263 145
1673777263 144
1673777264 169
1673777264 135
1673777266 167
1673777267 147
1673777267 122
1673777267 122
1673777267 129
1673777267 131
1673777268 162
1673777269 183
1673777270 171
1673777270 142
1673777270 149
1673777270 195
1673777271 131
1673777271 170
1673777271 102
1673777272 195
1673777272 143
1673777272 104
1673777272 173
1673777273 155
1673777273 123
1673777273 165
1673777273 155
1673777274 147
1673777274 159
1673777274 171
1673777274 188
1673777274 118
1673777275 135
1673777275 197
1673777275 146
1673777275 124
1673777275 172
1673777276 112
1673777276 124
1673777276 178
1673777276 127
1673777277 144
1673777277 130
1673777277 141
1673777278 187
1673777278 112
1673777279 123
1673777279 119
1673777279 195
1673777280 197
1673777280 121
1673777280 198
1673777280 107
1673777280 148
1673777280 172
1673777280 161
1673777282 116
1673777282 165
1673777282 123
1673777283 199
1673777284 170
1673777284 149
1673777285 153
1673777285 164
1673777286 189
1673777286 105
1673777286 189
1673777286 118
1673777287 160
1673777288 119
1673777288 109
1673777288 110
1673777288 158
1673777289 157
1673777290 135
1673777290 120
1673777290 132
1673777290 136
1673777291 127
1673777291 177
1673777291 174
1673777292 161
1673777292 106
1673777292 109
1673777293 187
1673777293 116
1673777293 132
1673777293 106
1673777294 133
1673777294 172
1673777295 188
1673777295 179
1673777295 107
1673777295 110
1673777295 123
1673777296 163
1673777296 138
1673777296 135
1673777296 141
1673777296 153
1673777297 103
1673777297 167
1673777298 132
1673777299 199
1673777300 132
1673777300 123
1673777300 176
1673777301 115
1673777301 169
1673777301 141
1673777301 187
1673777302 160
1673777302 141
1673777303 140
1673777303 144
1673777303 126
1673777303 138
1673777304 167
1673777304 165
1673777305 128
1673777305 183
1673777305 126
1673777306 161
1673777306 195
1673777307 115
1673777307 193
1673777308 122
1673777308 165
1673777308 164
1673777308 176
1673777309 111
1673777309 189
1673777310 190
1673777310 117
1673777310 182
1673777311 119
1673777311 127
1673777312 101
1673777312 112
1673777312 108
1673777312 115
1673777313 144
1673777313 159
1673777313 101
1673777313 102
1673777313 136
1673777314 117
1673777315 144
1673777315 134
1673777315 116
1673777316 133
1673777316 105
1673777316 171
1673777317 167
1673777318 200
1673777318 130
1673777318 178
1673777320 179
1673777320 123
1673777321 173
1673777323 124
1673777323 145
1673777323 154
1673777323 128
1673777324 121
1673777324 168
1673777324 159
1673777324 167
1673777324 153
1673777325 110
1673777326 189
1673777326 104
1673777326 113
1673777326 195
1673777326 138
1673777327 164
1673777328 107
1673777328 150
1673777329 192
1673777329 175
1673777329 183
1673777330 188
1673777330 184
1673777330 150
1673777331 183
1673777332 112
1673777332 129
1673777332 164
1673777332 178
1673777332 124
1673777333 102
1673777333 162
1673777334 114
1673777334 121
1673777335 102
1673777335 165
1673777335 155
1673777336 120
1673777336 162
1673777336 158
1673777337 167
1673777338 137
1673777338 117
1673777338 197
1673777338 194
1673777339 125
1673777339 180
1673777339 105
1673777340 150
1673777340 160
1673777340 177
1673777341 128
1673777341 170
1673777341 193
1673777341 135
1673777342 186
1673777342 169
1673777342 194
1673777342 174
1673777343 133
1673777344 158
1673777344 192
1673777347 187
1673777347 123
1673777347 192
1673777361 145
1673777361 143
1673777361 196
1673777362 161
1673777362 195
1673777362 128
1673777363 115
1673777363 102
1673777363 118
1673777363 161
1673777364 138
1673777364 188
1673777364 137
1673777365 178
1673777365 191
1673777365 128
1673777366 146
1673777367 163
1673777367 107
1673777367 133
1673777367 145
1673777368 168
1673777368 192
1673777368 106
1673777368 108
1673777368 165
1673777369 169
1673777370 157
1673777370 113
1673777370 191
1673777370 143
1673777372 103
1673777372 177
1673777372 182
1673777373 141
1673777374 106
1673777374 198
1673777374 124
1673777375 125
1673777375 139
1673777375 170
1673777375 159
1673777376 172
1673777376 133
1673777376 165
1673777376 174
1673777377 196
1673777377 105
1673777377 115
1673777377 151
1673777378 109
1673777378 183
1673777378 166
1673777378 144
1673777379 115
1673777379 164
1673777379 122
1673777380 189
1673777380 127
1673777380 196
1673777380 195
1673777380 136
1673777381 110
1673777381 166
1673777382 140
1673777382 176
1673777382 152
1673777382 166
1673777382 197
1673777382 183
1673777382 179
1673777383 112
1673777384 186
1673777384 192
1673777384 132
1673777384 124
1673777384 197
1673777385 145
1673777385 140
1673777386 128
1673777386 115
1673777386 178
1673777387 109
1673777387 118
1673777387 124
1673777387 127
1673777387 171
1673777388 142
1673777388 181
1673777388 119
1673777388 146
1673777389 111
1673777389 176
1673777390 123
1673777391 144
1673777391 171
1673777391 106
1673777391 159
1673777392 117
1673777392 126
1673777392 161
1673777392 125
1673777393 189
1673777393 187
1673777393 121
1673777394 165
1673777394 159
1673777395 148
1673777395 144
1673777395 192
1673777395 151
1673777396 110
1673777399 178
1673777399 162
1673777400 185
1673777400 163
1673777401 110
1673777401 159
1673777402 182
1673777402 111
1673777402 168
1673777404 117
1673777404 153
1673777405 139
1673777405 169
1673777406 148
1673777406 127
1673777406 165
1673777406 128
1673777407 149
1673777407 119
1673777409 189
1673777409 138
1673777409 105
1673777409 106
1673777409 176
1673777410 138
1673777410 139
1673777410 194
1673777410 173
1673777410 116
1673777411 142
1673777411 188
1673777412 180
1673777412 149
1673777412 156
1673777413 116
1673777413 109
1673777414 191
1673777414 166
1673777414 123
1673777415 139
1673777416 183
1673777417 162
1673777417 174
1673777417 166
1673777418 128
1673777419 192
1673777419 109
1673777419 168
1673777419 157
1673777420 186
1673777420 124
1673777420 182
1673777421 114
1673777421 192
1673777421 130
1673777422 153
1673777422 169
1673777424 115
1673777424 182
1673777424 157
1673777426 194
1673777426 175
1673777426 186
1673777426 157
1673777427 117
1673777427 180
1673777427 174
1673777427 142
1673777428 129
1673777428 141
1673777429 162
1673777429 135
1673777429 200
1673777430 167
1673777431 150
1673777431 188
1673777432 160
1673777432 194
1673777432 149
1673777432 183
1673777433 125
1673777434 182
1673777434 191
1673777435 161
1673777435 179
1673777435 176
1673777437 152
1673777438 191
1673777438 164
1673777439 158
1673777439 111
1673777439 107
1673777439 159
1673777440 123
1673777440 117
1673777440 154
1673777441 116
1673777441 168
1673777441 186
1673777441 154
1673777441 145
1673777442 163
1673777442 191
1673777442 142
1673777442 109
1673777443 136
1673777443 169
1673777444 178
1673777444 144
1673777445 187
1673777445 103
1673777447 172
1673777447 144
1673777447 118
1673777447 113
1673777448 116
1673777449 185
1673777449 199
1673777449 144
1673777449 153
1673777449 135
1673777449 110
1673777450 139
1673777450 188
1673777451 184
1673777451 154
1673777452 111
1673777452 198
1673777452 197
1673777453 141
1673777454 190
1673777454 149
1673777455 192
1673777455 170
1673777456 129
1673777457 154
1673777457 128
1673777457 175
1673777457 178
1673777458 180
1673777459 162
1673777459 115
1673777459 105
1673777459 161
1673777459 118
1673777459 165
1673777459 170
1673777460 123
1673777461 181
1673777462 162
1673777462 134
1673777463 186
1673777463 194
1673777463 188
1673777463 111
1673777464 181
1673777465 145
1673777465 128
1673777466 112
1673777466 160
1673777466 199
1673777466 136
1673777466 118
1673777466 123
1673777467 195
1673777467 143
1673777467 154
1673777467 153
1673777467 187
1673777467 184
1673777467 117
1673777468 163
1673777468 163
1673777468 141
1673777468 179
1673777469 121
1673777469 154
1673777470 140
1673777471 110
1673777471 173
1673777472 198
1673777472 123
1673777472 116
1673777473 104
1673777473 145
1673777474 180
1673777474 118
1673777474 161
1673777476 127
1673777476 142
1673777476 132
1673777477 179
1673777477 141
1673777477 197
1673777477 176
1673777478 190
1673777478 166
1673777478 121
1673777478 130
1673777479 155
1673777479 171
1673777479 197
1673777479 128
1673777480 195
1673777480 116
1673777481 106
1673777481 164
1673777481 135
1673777481 195
1673777482 187
1673777482 171
1673777482 153
1673777483 128
1673777483 127
1673777483 121
1673777484 197
1673777484 168
1673777484 104
1673777484 158
1673777485 129
1673777486 161
1673777486 109
1673777487 127
1673777487 113
1673777487 178
1673777487 199
1673777487 106
1673777487 169
1673777488 148
1673777488 123
1673777488 125
1673777489 110
1673777490 170
1673777490 150
1673777490 189
1673777491 189
1673777493 151
1673777493 116
1673777493 148
1673777493 102
1673777494 192
1673777494 115
1673777494 179
1673777496 176
1673777496 196
1673777496 182
1673777497 135
1673777497 118
1673777497 167
1673777498 108
1673777498 158
1673777498 128
1673777498 102
1673777498 139
1673777499 194
1673777499 104
1673777499 174
1673777499 137
1673777500 140
1673777500 123
1673777500 170
1673777500 137
1673777500 178
1673777500 186
1673777501 131
1673777501 172
1673777501 125
1673777501 176
1673777501 161
1673777502 199
1673777502 101
1673777502 118
1673777502 134
1673777503 183
1673777503 174
1673777504 101
1673777504 103
1673777504 170
1673777504 124
1673777504 103
1673777505 126
1673777505 125
1673777505 187
1673777507 113
1673777508 120
1673777508 105
1673777508 149
1673777509 140
1673777509 127
1673777509 157
1673777509 166
1673777509 132
1673777510 166
1673777510 180
1673777511 172
1673777511 101
1673777511 127
1673777511 198
1673777511 119
1673777512 115
1673777513 185
1673777513 136
1673777513 128
1673777513 104
1673777514 175
1673777514 127
1673777514 126
1673777515 196
1673777515 200
1673777515 102
1673777516 126
1673777516 188
1673777516 188
1673777516 136
1673777516 196
1673777517 183
1673777518 144
1673777518 188
1673777518 165
1673777519 169
1673777519 162
1673777519 112
1673777519 128
1673777519 129
1673777520 164
1673777520 114
1673777521 145
1673777522 138
1673777522 148
1673777523 171
1673777523 181
1673777523 131
1673777524 189
1673777524 165
1673777525 194
1673777525 118
1673777525 182
1673777525 140
1673777526 182
1673777526 142
1673777526 188
1673777527 153
1673777527 143
1673777528 133
1673777528 127
1673777528 139
1673777528 141
1673777529 123
1673777530 131
1673777530 118
1673777530 173
1673777531 174
1673777531 132
1673777531 174
1673777531 123
1673777532 183
1673777533 165
1673777533 121
1673777534 127
1673777535 118
1673777535 154
1673777536 103
1673777536 131
1673777536 104
1673777536 146
1673777536 123
1673777536 154
1673777537 128
1673777538 178
1673777538 119
1673777539 127
1673777539 168
1673777539 154
1673777540 130
1673777540 135
1673777540 130
1673777541 159
1673777541 119
1673777541 129
1673777542 140
1673777543 170
1673777543 177
1673777544 117
1673777544 174
1673777544 188
1673777544 134
1673777544 184
1673777544 151
1673777545 147
1673777545 195
1673777545 116
1673777546 163
1673777546 125
1673777546 108
1673777548 189
1673777549 182
1673777549 182
1673777549 114
1673777550 176
1673777550 128
1673777550 157
1673777551 191
1673777551 148
1673777551 148
1673777551 189
1673777551 102
1673777551 157
1673777552 104
1673777553 189
1673777553 146
1673777554 175
1673777554 127
1673777554 151
1673777554 160
1673777555 200
1673777555 185
1673777555 154
1673777556 171
1673777558 108
1673777558 123
1673777559 170
1673777559 133
1673777559 198
1673777559 108
1673777559 129
1673777560 129
1673777560 159
1673777560 134
1673777560 184
1673777561 141
1673777562 168
1673777562 159
1673777562 128
1673777562 166
1673777564 171
1673777564 108
1673777564 170
1673777564 134
1673777565 160
1673777565 173
1673777565 171
1673777566 169
1673777566 152
1673777566 198
1673777566 140
1673777566 197
1673777567 173
1673777567 128
1673777567 194
1673777568 176
1673777569 125
1673777570 163
1673777571 174
1673777571 121
1673777571 193
1673777572 116
1673777572 111
1673777572 126
1673777573 156
1673777574 126
1673777574 149
1673777574 144
1673777574 104
1673777574 176
1673777575 188
1673777575 127
1673777576 161
1673777576 125
1673777576 142
1673777577 179
1673777578 178
1673777578 103
1673777578 188
1673777578 120
1673777578 147
1673777578 147
1673777579 123
1673777579 102
1673777580 123
1673777581 104
1673777582 122
1673777584 118
1673777584 154
1673777585 142
1673777585 117
1673777585 148
1673777585 198
1673777586 140
1673777586 110
1673777586 184
1673777586 168
1673777586 103
1673777586 193
1673777587 152
1673777587 113
1673777587 199
1673777587 163
1673777588 196
1673777588 158
1673777588 102
1673777589 170
1673777590 173
1673777591 116
1673777591 163
1673777591 167
1673777591 133
1673777592 147
1673777592 146
1673777592 147
1673777592 149
1673777593 186
1673777594 193
1673777594 166
1673777595 131
1673777595 110
1673777595 110
1673777595 139
1673777596 131
1673777596 101
1673777596 115
1673777597 187
1673777597 123
1673777597 115
1673777597 106
1673777597 108
1673777597 105
1673777597 188
1673777598 192
1673777599 142
1673777599 186
1673777599 181
1673777599 103
1673777600 123
1673777600 119
1673777600 116
1673777600 173
1673777600 121
1673777601 105
1673777601 197
1673777601 165
1673777602 172
1673777602 180
1673777602 138
1673777603 163
1673777604 180
1673777604 154
1673777605 139
1673777605 116
1673777606 158
1673777607 141
1673777608 188
1673777608 193
1673777608 125
1673777608 162
1673777609 165
1673777609 151
1673777609 158
1673777609 157
1673777610 156
1673777610 117
1673777611 192
1673777611 188
1673777611 151
1673777611 139
1673777612 161
1673777614 109
1673777614 176
1673777614 190
1673777614 104
1673777615 146
1673777616 140
1673777616 199
1673777616 187
1673777616 152
1673777616 189
1673777616 148
1673777616 136
1673777617 159
1673777617 129
1673777617 152
1673777617 171
1673777617 170
1673777618 158
1673777618 139
1673777619 144
1673777619 108
1673777620 142
1673777620 168
1673777621 105
1673777621 145
1673777622 182
1673777623 168
1673777624 114
1673777624 124
1673777625 102
1673777625 194
1673777626 108
1673777626 198
1673777626 127
1673777626 146
1673777626 185
1673777626 167
1673777627 159
1673777627 196
1673777627 140
1673777627 193
1673777628 152
1673777628 173
1673777628 147
1673777629 126
1673777629 108
1673777629 103
1673777630 186
1673777630 143
1673777631 120
1673777631 194
1673777632 103
1673777632 188
1673777633 167
1673777633 186
1673777633 178
1673777633 152
1673777634 188
1673777634 118
1673777634 113
1673777635 200
1673777635 170
1673777636 124
1673777636 110
1673777636 159
1673777637 135
1673777637 169
1673777637 154
1673777637 188
1673777638 195
1673777638 177
1673777639 198
1673777639 102
1673777640 158
1673777640 108
1673777640 124
1673777640 162
1673777641 129
1673777641 197
1673777641 129
1673777642 199
1673777643 150
1673777643 128
1673777644 121
1673777644 189
1673777645 112
1673777645 129
1673777647 140
1673777647 178
1673777647 176
1673777648 119
1673777652 188
1673777652 148
1673777652 183
1673777654 160
1673777657 199
1673777658 141
1673777658 165
1673777659 189
1673777659 188
1673777660 134
1673777661 123
1673777661 140
1673777663 192
1673777663 149
1673777665 118
1673777668 161
1673777669 196
1673777671 127
1673777672 171
1673777672 157
1673777673 184
1673777673 197
1673777673 183
1673777674 142
1673777674 102
1673777674 165
1673777675 148
1673777675 180
1673777677 174
1673777678 117
1673777678 109
1673777678 164
1673777679 189
1673777681 121
1673777681 188
1673777682 118
1673777683 109
1673777683 191
1673777683 186
1673777685 153
1673777685 102
1673777685 130
1673777687 153
1673777687 115
1673777687 162
1673777688 106
1673777688 173
1673777688 137
1673777689 123
1673777689 177
1673777689 122
1673777690 190
1673777690 193
1673777690 109
1673777690 196
1673777692 118
1673777692 187
1673777693 157
1673777693 158
1673777693 191
1673777693 124
1673777694 191
1673777696 165
1673777697 177
1673777697 142
1673777698 103
1673777698 185
1673777699 167
1673777699 152
1673777699 102
1673777699 176
1673777699 111
1673777699 170
1673777699 119
1673777699 118
1673777700 171
1673777700 143
1673777701 125
1673777701 190
1673777701 104
1673777701 118
1673777701 124
1673777701 175
1673777702 146
1673777703 151
1673777703 167
1673777703 192
1673777704 103
1673777705 105
1673777707 154
1673777707 188
1673777708 102
1673777716 113
1673777717 169
1673777717 152
1673777718 122
1673777718 174
1673777718 124
1673777719 140
1673777719 157
1673777719 178
1673777720 163
1673777720 175
1673777720 165
1673777720 112
1673777720 174
1673777721 141
1673777721 156
1673777721 111
1673777722 194
1673777722 163
1673777723 178
1673777723 143
1673777723 161
1673777724 165
1673777725 145
1673777725 133
1673777726 119
1673777726 111
1673777726 171
1673777726 110
1673777727 187
1673777728 184
1673777728 111
1673777729 196
1673777729 163
1673777730 121
1673777730 186
1673777730 153
1673777730 133
1673777731 168
1673777731 153
1673777731 150
1673777731 180
1673777732 102
1673777732 167
1673777732 122
1673777733 113
1673777734 165
1673777734 128
1673777736 161
1673777736 155
1673777738 174
1673777738 161
1673777738 142
1673777739 133
1673777740 179
1673777740 121
1673777741 147
1673777741 168
1673777741 155
1673777741 154
1673777741 161
1673777741 129
1673777741 146
1673777742 115
1673777743 188
1673777743 141
1673777743 114
1673777743 181
1673777743 157
1673777743 185
1673777744 122
1673777744 123
1673777746 195
1673777746 139
1673777746 135
1673777747 120
1673777747 199
1673777747 103
1673777748 123
1673777748 115
1673777748 158
1673777748 173
1673777748 161
1673777748 141
1673777749 104
1673777749 136
1673777749 132
1673777749 104
1673777750 123
1673777750 167
1673777750 185
1673777751 121
1673777751 160
1673777752 103
1673777752 186
1673777752 126
1673777753 113
1673777754 144
1673777754 143
1673777754 127
1673777754 193
1673777755 112
1673777755 168
1673777756 159
1673777756 113
1673777757 126
1673777758 157
1673777758 178
1673777758 118
1673777758 121
1673777758 127
1673777759 147
1673777759 177
1673777759 164
1673777759 182
1673777760 193
1673777760 128
1673777760 116
1673777761 128
1673777761 189
1673777762 113
1673777762 187
1673777762 162
1673777763 164
1673777763 139
1673777766 141
1673777775 171
1673777775 186
1673777775 127
1673777776 110
1673777776 166
1673777776 101
1673777777 181
1673777778 147
1673777779 194
1673777781 112
1673777783 171
1673777786 138
1673777786 167
1673777787 171
1673777798 146
1673777802 106
1673777804 122
1673777806 103
1673777806 140
1673777806 191
1673777807 139
1673777808 131
1673777811 183
1673777812 199
1673777812 110
1673777813 112
1673777815 105
1673777816 111
1673777817 108
1673777818 157
1673777820 139
1673777821 139
1673777821 126
1673777822 139
1673777833 140
1673777834 145
1673777834 197
1673777837 180
1673777838 134
1673777839 148
1673777844 150
1673777844 158
1673777844 176
1673777846 164
1673777848 187
1673777849 128
1673777849 153
1673777850 117
1673777851 155
1673777851 112
1673777851 157
1673777853 155
1673777855 127
1673777856 164
1673777857 115
1673777857 158
1673777857 104
1673777860 103
1673777860 113
1673777860 107
1673777867 102
1673777868 102
1673777868 129
1673777868 197
1673777871 141
1673777872 182
1673777873 160
1673777874 120
1673777876 163
1673777876 148
1673777883 116
1673777886 150
1673777891 106
1673777891 158
1673777902 119
1673777902 103
1673777902 105
1673777904 164
1673777904 145
1673777905 142
1673777905 115
1673777908 141
1673777908 159
1673777909 111
1673777910 163
1673777913 116
1673777913 178
1673777913 103
1673777914 147
1673777914 134
1673777914 173
1673777915 108
1673777917 196
1673777917 186
1673777922 156
1673777924 147
1673777924 168
1673777925 177
1673777925 139
1673777925 125
1673777928 196
1673777928 166
1673777934 124
1673777935 194
1673777936 166
1673777938 126
1673777938 115
1673777939 140
1673777939 196
1673777941 110
1673777944 113
1673777944 162
1673777944 145
1673777946 162
1673777946 123
1673777946 126
1673777948 118
1673777948 137
1673777948 164
1673777950 129
1673777953 153
1673777954 184
1673777954 151
1673777954 109
1673777954 199
1673777955 169
1673777955 156
1673777957 190
1673777958 113
1673777959 159
1673777959 194
1673777960 117
1673777961 132
1673777961 198
1673777963 119
1673777963 170
1673777963 157
1673777963 166
1673777963 108
1673777963 116
1673777967 140
1673777967 119
1673777967 126
1673777968 170
1673777968 158
1673777968 109
1673777968 177
1673777968 121
1673777970 111
1673777971 115
1673777971 178
1673777971 181
1673777972 113
1673777972 191
1673777973 115
1673777973 189
1673777978 166
1673777982 126
1673777984 126
1673777985 183
1673777985 120
1673777986 173
1673777987 200
1673777988 168
1673777991 163
1673777994 187
1673777996 123
1673777998 186
1673777998 177
1673777999 141
1673778000 123
1673778002 170
1673778003 194
1673778003 200
1673778004 102
1673778004 142
1673778004 152
1673778005 137
1673778005 154
1673778007 126
1673778008 158
1673778011 163
1673778011 145
1673778012 192
1673778012 166
1673778012 165
1673778013 157
1673778013 117
1673778016 179
1673778017 105
1673778017 193
1673778017 175
1673778017 165
1673778018 125
1673778018 169
1673778019 186
1673778019 152
1673778026 167
1673778027 125
1673778027 199
1673778027 176
1673778030 140
1673778034 192
1673778037 107
1673778037 194
1673778037 197
1673778049 152
1673778049 127
1673778049 146
1673778050 129
1673778056 180
1673778056 153
1673778057 155
1673778057 134
1673778065 101
1673778067 171
1673778067 173
1673778068 101
1673778071 132
1673778072 195
1673778072 144
1673778072 139
1673778073 195
1673778074 200
1673778076 121
1673778078 187
1673778079 136
1673778084 159
1673778084 113
1673778084 178
1673778086 117
1673778100 175
1673778101 184
1673778101 197
1673778105 194
1673778105 184
1673778107 145
1673778107 149
1673778109 182
1673778120 102
1673778120 151
1673778122 163
1673778123 138
1673778124 161
1673778124 120
1673778129 107
1673778129 189
1673778130 142
1673778130 147
1673778130 183
1673778130 156
1673778131 111
1673778133 129
1673778133 109
1673778139 110
1673778140 155
1673778144 179
1673778147 164
1673778147 153
1673778147 102
1673778149 167
1673778149 148
1673778158 103
1673778159 172
1673778160 128
1673778161 114
1673778161 181
1673778164 115
1673778164 144
1673778164 103
1673778165 176
1673778168 108
1673778168 187
1673778169 184
1673778171 148
1673778176 114
1673778176 187
1673778176 188
1673778177 141
1673778177 112
1673778177 189
1673778177 116
1673778189 162
1673778189 113
1673778190 109
1673778190 195
1673778190 109
1673778190 177
1673778194 189
1673778194 195
1673778194 171
1673778196 182
1673778196 195
1673778197 169
1673778197 145
1673778197 111
1673778197 175
1673778199 113
1673778199 167
1673778199 139
1673778200 178
1673778200 118
1673778201 149
1673778201 116
1673778201 134
1673778201 130
1673778201 122
1673778204 159
1673778204 173
1673778204 195
1673778205 137
1673778207 103
1673778207 193
1673778207 160
1673778208 161
1673778208 153
1673778209 176
1673778209 197
1673778209 196
1673778211 104
1673778211 171
1673778212 124
1673778212 177
1673778212 138
1673778212 120
1673778213 104
1673778214 129
1673778214 144
1673778214 181
1673778214 169
1673778214 168
1673778215 153
1673778215 156
1673778216 160
1673778216 163
1673778216 137
1673778216 107
1673778216 146
1673778216 140
1673778216 101
1673778216 119
1673778216 192
1673778216 192
1673778217 135
1673778217 146
1673778217 151
1673778218 115
1673778219 102
1673778220 103
1673778221 182
1673778221 177
1673778221 133
1673778221 180
1673778222 167
1673778222 124
1673778222 111
1673778222 155
1673778223 155
1673778225 192
1673778225 146
1673778226 105
1673778226 155
1673778226 149
1673778226 134
1673778227 102
1673778227 175
1673778227 138
1673778228 162
1673778228 129
1673778228 106
1673778228 136
1673778228 184
1673778229 196
1673778229 164
1673778229 196
1673778230 126
1673778230 200
1673778231 126
1673778232 139
1673778232 110
1673778233 198
1673778233 148
1673778233 134
1673778233 122
1673778233 107
1673778234 190
1673778234 142
1673778235 172
1673778235 164
1673778235 145
1673778236 145
1673778236 137
1673778236 111
1673778236 118
1673778237 136
1673778237 194
1673778237 152
1673778237 120
1673778238 129
1673778238 118
1673778238 132
1673778239 194
1673778239 178
1673778239 112
1673778239 132
1673778239 113
1673778240 108
1673778240 112
1673778240 135
1673778240 168
1673778240 137
1673778241 190
1673778241 154
1673778241 145
1673778241 124
1673778241 199
1673778242 199
1673778242 195
1673778242 107
1673778243 180
1673778244 177
1673778244 120
1673778244 116
1673778244 188
1673778244 106
1673778244 195
1673778245 157
1673778245 158
1673778245 127
1673778245 146
1673778246 180
1673778247 115
1673778248 136
1673778248 149
1673778248 127
1673778248 114
1673778249 185
1673778249 106
1673778250 192
1673778250 114
1673778250 184
1673778251 190
1673778251 189
1673778253 136
1673778253 186
1673778253 131
1673778253 148
1673778253 190
1673778254 169
1673778254 156
1673778254 179
1673778254 156
1673778254 110
1673778255 197
1673778255 165
1673778255 102
1673778256 103
1673778256 132
1673778256 171
1673778256 143
1673778256 187
1673778256 173
1673778256 193
1673778256 129
1673778258 113
1673778258 191
1673778259 125
1673778259 174
1673778259 161
1673778259 115
1673778260 135
1673778260 174
1673778260 173
1673778260 163
1673778261 177
1673778261 108
1673778261 127
1673778261 145
1673778261 155
1673778262 124
1673778262 172
1673778262 134
1673778262 164
1673778263 159
1673778263 140
1673778263 113
1673778264 133
1673778264 137
1673778264 137
1673778264 126
1673778265 172
1673778265 185
1673778266 162
1673778266 126
1673778267 159
1673778267 124
1673778267 149
1673778268 103
1673778268 175
1673778269 173
1673778269 168
1673778270 118
1673778270 165
1673778270 104
1673778270 136
1673778270 103
1673778272 151
1673778272 159
1673778274 155
1673778274 165
1673778275 187
1673778275 190
1673778275 127
1673778276 110
1673778277 120
1673778277 174
1673778277 161
1673778277 193
1673778278 163
1673778278 169
1673778279 180
1673778279 168
1673778279 147
1673778280 170
1673778280 145
1673778281 178
1673778282 190
1673778282 153
1673778283 127
1673778283 126
1673778283 182
1673778284 175
1673778284 179
1673778285 138
1673778285 166
1673778285 158
1673778285 162
1673778286 153
1673778286 194
1673778287 174
1673778287 184
1673778287 114
1673778287 191
1673778288 136
1673778288 168
1673778288 149
1673778288 177
1673778289 175
1673778289 119
1673778290 117
1673778290 124
1673778290 184
1673778290 132
1673778290 189
1673778291 107
1673778291 129
1673778291 146
1673778291 154
1673778292 101
1673778292 113
1673778293 196
1673778293 192
1673778293 144
1673778294 142
1673778294 196
1673778294 120
1673778294 168
1673778294 176
1673778295 161
1673778296 192
1673778297 176
1673778299 164
1673778299 126
1673778299 112
1673778300 185
1673778301 144
1673778301 131
1673778301 192
1673778301 173
1673778302 140
1673778302 101
1673778303 179
1673778304 165
1673778304 197
1673778304 122
1673778305 172
1673778305 183
1673778305 192
1673778305 200
1673778306 115
1673778306 185
1673778306 186
1673778306 163
1673778307 194
1673778307 130
1673778307 124
1673778307 200
1673778308 123
1673778309 153
1673778309 183
1673778310 153
1673778310 160
1673778310 150
1673778310 198
1673778310 103
1673778310 174
1673778311 197
1673778312 193
1673778313 121
1673778313 157
1673778314 189
1673778314 112
1673778314 181
1673778314 164
1673778315 142
1673778315 116
1673778315 158
1673778315 149
1673778316 181
1673778316 107
1673778316 109
1673778317 114
1673778317 168
1673778318 168
1673778318 141
1673778319 101
1673778320 134
1673778320 149
1673778321 184
1673778321 178
1673778321 168
1673778322 119
1673778322 183
1673778322 136
1673778323 111
1673778323 145
1673778323 187
1673778323 122
1673778323 170
1673778323 164
1673778324 193
1673778324 150
1673778324 119
1673778324 145
1673778324 188
1673778325 198
1673778325 123
1673778325 122
1673778325 152
1673778326 159
1673778326 199
1673778326 184
1673778327 149
1673778327 151
1673778327 122
1673778329 183
1673778329 172
1673778329 130
1673778329 105
1673778330 187
1673778330 146
1673778331 155
1673778331 108
1673778331 124
1673778332 179
1673778332 173
1673778332 177
1673778332 133
1673778333 125
1673778333 176
1673778334 122
1673778334 109
1673778334 129
1673778335 200
1673778335 152
1673778335 134
1673778335 169
1673778336 168
1673778336 105
1673778336 158
1673778337 154
1673778337 105
1673778338 103
1673778338 130
1673778338 176
1673778338 193
1673778339 152
1673778339 118
1673778339 137
1673778339 155
1673778340 182
1673778340 169
1673778340 121
1673778340 131
1673778341 117
1673778341 161
1673778341 194
1673778342 140
1673778343 148
1673778343 116
1673778343 161
1673778343 136
1673778343 138
1673778343 199
1673778343 164
1673778343 139
1673778344 153
1673778344 127
1673778344 117
1673778344 148
1673778345 108
1673778345 102
1673778346 112
1673778346 157
1673778346 171
1673778346 121
1673778346 104
1673778347 193
1673778348 139
1673778348 107
1673778348 149
1673778348 133
1673778348 151
1673778349 128
1673778350 117
1673778350 114
1673778350 197
1673778351 175
1673778351 130
1673778351 193
1673778352 185
1673778352 176
1673778353 185
1673778353 156
1673778353 172
1673778353 155
1673778353 151
1673778353 182
1673778353 146
1673778354 133
1673778354 101
1673778354 166
1673778355 158
1673778355 154
1673778356 146
1673778356 152
1673778356 146
1673778356 180
1673778357 173
1673778357 191
1673778357 193
1673778357 180
1673778357 179
1673778358 115
1673778358 108
1673778358 199
1673778358 120
1673778358 153
1673778358 184
1673778358 131
1673778359 121
1673778359 186
1673778359 145
1673778360 121
1673778360 136
1673778360 102
1673778360 153
1673778361 101
1673778363 139
1673778363 139
1673778363 151
1673778363 146
1673778364 117
1673778364 116
1673778364 168
1673778365 107
1673778365 184
1673778365 161
1673778366 144
1673778366 200
1673778367 179
1673778367 183
1673778367 191
1673778369 171
1673778369 137
1673778369 177
1673778369 192
1673778370 151
1673778370 170
1673778370 195
1673778371 142
1673778371 125
1673778372 158
1673778372 179
1673778372 141
1673778372 150
1673778372 193
1673778372 196
1673778372 114
1673778373 197
1673778373 134
1673778373 196
1673778374 149
1673778374 183
1673778374 104
1673778374 198
1673778374 175
1673778375 170
1673778375 133
1673778376 114
1673778376 159
1673778376 148
1673778376 139
1673778376 147
1673778376 198
1673778376 133
1673778377 170
1673778377 101
1673778377 150
1673778378 143
1673778378 111
1673778378 136
1673778378 135
1673778379 112
1673778379 141
1673778380 123
1673778380 177
1673778380 107
1673778380 125
1673778380 137
1673778380 111
1673778380 193
1673778381 136
1673778382 105
1673778382 194
1673778383 117
1673778384 169
1673778384 131
1673778384 111
1673778384 102
1673778384 126
1673778384 152
1673778385 123
1673778385 154
1673778386 190
1673778387 104
1673778387 140
1673778388 133
1673778388 144
1673778388 178
1673778389 167
1673778389 143
1673778389 146
1673778390 111
1673778390 127
1673778391 187
1673778391 136
1673778391 167
1673778391 133
1673778391 152
1673778392 196
1673778393 161
1673778394 125
1673778394 148
1673778395 143
1673778395 170
1673778396 145
1673778396 184
1673778396 148
1673778396 125
1673778396 183
1673778397 141
1673778397 192
1673778398 175
1673778399 198
1673778399 176
1673778399 111
1673778399 186
1673778400 144
1673778401 127
1673778401 167
1673778401 116
1673778402 107
1673778402 144
1673778402 167
1673778403 171
1673778403 139
1673778404 177
1673778404 107
1673778405 138
1673778406 149
1673778406 128
1673778406 135
1673778406 168
1673778406 147
1673778406 144
1673778406 147
1673778407 168
1673778408 114
1673778408 126
1673778408 198
1673778408 130
1673778408 107
1673778408 151
1673778408 115
1673778409 168
1673778409 196
1673778409 178
1673778410 188
1673778410 120
1673778410 143
1673778411 191
1673778412 146
1673778412 158
1673778413 190
1673778413 147
1673778413 190
1673778413 138
1673778413 157
1673778414 126
1673778414 173
1673778414 158
1673778415 197
1673778415 189
1673778415 199
1673778415 106
1673778415 152
1673778416 120
1673778416 174
1673778416 193
1673778417 165
1673778418 143
1673778419 163
1673778419 113
1673778419 199
1673778419 109
1673778420 132
1673778420 121
1673778421 175
1673778421 172
1673778422 145
1673778422 144
1673778422 113
1673778422 180
1673778422 105
1673778422 103
1673778422 130
1673778423 140
1673778423 146
1673778424 145
1673778425 181
1673778425 159
1673778426 195
1673778426 134
1673778426 127
1673778426 131
1673778426 175
1673778426 176
1673778427 170
1673778428 151
1673778428 101
1673778428 154
1673778428 185
1673778428 172
1673778429 179
1673778430 167
1673778430 144
1673778431 127
1673778431 158
1673778431 124
1673778432 119
1673778432 103
1673778432 196
1673778434 160
1673778434 111
1673778434 118
1673778434 154
1673778434 162
1673778435 195
1673778435 163
1673778435 187
1673778435 186
1673778435 150
1673778436 106
1673778436 107
1673778437 138
1673778437 107
1673778438 131
1673778438 130
1673778439 104
1673778440 193
1673778440 174
1673778441 148
1673778441 130
1673778441 173
1673778441 172
1673778443 173
1673778443 115
1673778443 172
1673778445 191
1673778445 139
1673778446 186
1673778446 104
1673778446 189
1673778446 136
1673778447 196
1673778447 193
1673778447 151
1673778447 113
1673778447 191
1673778447 119
1673778448 142
1673778448 159
1673778448 111
1673778449 172
1673778449 123
1673778449 128
1673778450 151
1673778450 124
1673778451 144
1673778451 119
1673778451 148
1673778452 111
1673778452 187
1673778452 112
1673778452 146
1673778452 196
1673778453 131
1673778453 135
1673778453 200
1673778454 109
1673778454 172
1673778454 117
1673778454 192
1673778455 177
1673778456 179
1673778456 149
1673778456 157
1673778456 140
1673778457 141
1673778457 162
1673778457 180
1673778458 141
1673778458 158
1673778458 148
1673778458 175
1673778458 134
1673778458 166
1673778458 180
1673778459 135
1673778460 195
1673778460 169
1673778460 140
1673778460 175
1673778460 118
1673778461 196
1673778461 181
1673778461 147
1673778462 158
1673778462 173
1673778462 113
1673778463 125
1673778463 179
1673778463 189
1673778464 117
1673778464 174
1673778465 199
1673778465 199
1673778465 130
1673778466 112
1673778466 114
1673778466 127
1673778466 164
1673778466 179
1673778467 159
1673778467 198
1673778467 192
1673778467 162
1673778467 108
1673778467 176
1673778468 176
1673778468 140
1673778468 179
1673778468 166
1673778469 111
1673778469 106
1673778469 108
1673778470 117
1673778470 125
1673778470 101
1673778470 159
1673778470 152
1673778471 107
1673778471 123
1673778471 191
1673778472 118
1673778472 186
1673778472 101
1673778472 160
1673778473 120
1673778474 125
1673778474 161
1673778474 138
1673778474 181
1673778475 173
1673778475 179
1673778475 147
1673778476 138
1673778476 102
1673778477 123
1673778478 160
1673778478 186
1673778479 178
1673778479 174
1673778480 175
1673778480 137
1673778481 127
1673778481 119
1673778481 136
1673778481 162
1673778482 136
1673778483 127
1673778483 183
1673778483 113
1673778484 145
1673778484 103
1673778485 162
1673778485 104
1673778485 108
1673778485 132
1673778486 183
1673778486 129
1673778486 193
1673778487 191
1673778487 117
1673778487 134
1673778487 174
1673778487 175
1673778488 110
1673778488 131
1673778489 194
1673778489 159
1673778489 162
1673778489 173
1673778490 102
1673778490 196
1673778490 161
1673778491 108
1673778491 156
1673778492 173
1673778492 102
1673778492 191
1673778492 105
1673778492 116
1673778492 175
1673778492 142
1673778493 187
1673778493 150
1673778493 159
1673778494 149
1673778494 129
1673778494 119
1673778495 119
1673778496 166
1673778496 106
1673778497 102
1673778497 112
1673778497 138
1673778498 121
1673778498 131
1673778498 107
1673778498 175
1673778498 130
1673778499 194
1673778499 131
1673778501 162
1673778501 152
1673778501 161
1673778502 160
1673778502 165
1673778503 125
1673778503 196
1673778503 196
1673778503 194
1673778504 171
1673778504 130
1673778505 151
1673778505 137
1673778505 110
1673778505 153
1673778506 198
1673778506 175
1673778506 165
1673778507 160
1673778507 119
1673778508 168
1673778508 142
1673778508 159
1673778509 129
1673778509 174
1673778509 118
1673778510 128
1673778510 158
1673778510 194
1673778511 144
1673778511 198
1673778511 165
1673778512 125
1673778512 101
1673778513 140
1673778513 111
1673778513 157
1673778514 166
1673778514 191
1673778514 150
1673778515 188
1673778515 103
1673778516 167
1673778517 115
1673778517 160
1673778518 170
1673778518 164
1673778519 155
1673778519 170
1673778519 152
1673778519 119
1673778519 148
1673778519 154
1673778520 185
1673778520 148
1673778520 122
1673778521 172
1673778521 200
1673778521 124
1673778522 182
1673778522 162
1673778522 182
1673778522 116
1673778523 136
1673778524 108
1673778524 132
1673778525 188
1673778526 198
1673778526 171
1673778526 175
1673778526 133
1673778527 182
1673778527 138
1673778527 129
1673778527 179
1673778528 169
1673778529 198
1673778529 119
1673778530 196
1673778531 105
1673778531 155
1673778532 142
1673778533 157
1673778533 111
1673778534 175
1673778535 148
1673778535 142
1673778535 186
1673778535 189
1673778536 166
1673778536 130
1673778538 138
1673778538 140
1673778538 154
1673778538 126
1673778538 190
1673778538 189
1673778538 120
1673778539 144
1673778539 194
1673778539 151
1673778540 148
1673778541 136
1673778542 154
1673778542 167
1673778542 132
1673778542 171
1673778542 124
1673778543 107
1673778543 142
1673778543 171
1673778544 102
1673778544 170
1673778545 196
1673778545 106
1673778545 153
1673778547 125
1673778547 181
1673778547 155
1673778548 180
1673778548 199
1673778548 145
1673778548 103
1673778549 121
1673778549 114
1673778549 148
1673778550 194
1673778550 156
1673778550 162
1673778550 182
1673778551 176
1673778551 137
1673778552 118
1673778552 135
1673778553 187
1673778553 170
1673778553 192
1673778554 178
1673778554 150
1673778555 143
1673778556 131
1673778556 139
1673778557 117
1673778560 173
1673778560 139
1673778560 139
1673778560 188
1673778561 128
1673778561 107
1673778561 124
1673778561 126
1673778561 152
1673778561 186
1673778562 101
1673778562 191
1673778563 195
1673778564 145
1673778564 172
1673778564 191
1673778564 153
1673778565 195
1673778565 138
1673778565 191
1673778566 131
1673778566 104
1673778567 176
1673778567 141
1673778568 197
1673778568 113
1673778569 129
1673778570 104
1673778570 154
1673778570 136
1673778570 179
1673778571 130
1673778571 113
1673778571 198
1673778572 122
1673778572 101
1673778572 128
1673778572 145
1673778573 112
1673778573 119
1673778573 180
1673778574 157
1673778575 160
1673778575 153
1673778575 164
1673778575 113
1673778576 106
1673778576 192
1673778576 164
1673778576 172
1673778576 152
1673778577 137
1673778577 144
1673778577 151
1673778577 171
1673778577 105
1673778577 160
1673778578 121
1673778578 134
1673778578 122
1673778578 103
1673778580 178
1673778580 193
1673778580 147
1673778581 175
1673778581 150
1673778581 183
1673778581 181
1673778582 189
1673778582 132
1673778582 193
1673778583 127
1673778583 165
1673778583 102
1673778583 140
1673778584 109
1673778584 117
1673778584 104
1673778585 192
1673778585 142
1673778585 165
1673778586 109
1673778586 144
1673778587 121
1673778589 113
1673778589 165
1673778590 103
1673778591 160
1673778591 137
1673778591 159
1673778592 184
1673778593 192
1673778593 188
1673778594 198
1673778594 192
1673778594 143
1673778595 131
1673778595 122
1673778595 118
1673778595 127
1673778595 190
1673778595 136
1673778596 149
1673778596 129
1673778597 151
1673778597 110
1673778598 165
1673778598 143
1673778598 198
1673778598 177
1673778598 113
1673778599 196
1673778599 161
1673778600 194
1673778600 195
1673778601 159
1673778601 188
1673778601 108
1673778601 154
1673778601 178
1673778601 197
1673778602 120
1673778602 116
1673778602 157
1673778602 133
1673778602 185
1673778602 159
1673778603 106
1673778603 148
1673778603 199
1673778603 118
1673778603 174
1673778604 157
1673778604 157
1673778604 127
1673778604 104
1673778605 162
1673778605 145
1673778605 140
1673778606 190
1673778607 109
1673778607 145
1673778607 145
1673778607 118
1673778609 111
1673778610 154
1673778610 191
1673778610 133
1673778611 177
1673778612 146
1673778612 183
1673778612 160
1673778612 147
1673778613 113
1673778613 134
1673778613 198
1673778613 158
1673778614 182
1673778614 108
1673778614 175
1673778616 179
1673778616 112
1673778616 199
1673778616 159
1673778616 156
1673778617 129
1673778617 164
1673778618 165
1673778618 111
1673778618 103
1673778619 108
1673778619 129
1673778620 131
1673778620 151
1673778620 155
1673778620 102
1673778621 118
1673778621 149
1673778621 164
1673778622 135
1673778623 156
1673778623 136
1673778623 153
1673778624 101
1673778624 171
1673778624 130
1673778624 126
1673778624 116
1673778625 108
1673778625 185
1673778625 151
1673778625 120
1673778625 104
1673778625 111
1673778626 112
1673778626 151
1673778626 156
1673778626 170
1673778626 172
1673778626 121
1673778627 128
1673778627 123
1673778627 140
1673778627 134
1673778628 120
1673778628 170
1673778628 154
1673778628 128
1673778629 155
1673778629 164
1673778629 175
1673778629 113
1673778629 200
1673778630 151
1673778630 191
1673778630 200
1673778630 135
1673778630 148
1673778631 187
1673778631 108
1673778632 107
1673778632 176
1673778633 194
1673778634 153
1673778636 185
1673778636 200
1673778636 189
1673778637 199
1673778637 148
1673778637 140
1673778637 150
1673778637 137
1673778638 135
1673778638 177
1673778638 147
1673778638 158
1673778639 138
1673778639 115
1673778639 179
1673778639 200
1673778641 129
1673778641 159
1673778642 107
1673778642 137
1673778642 155
1673778642 154
1673778642 192
1673778642 121
1673778642 172
1673778642 101
1673778642 148
1673778643 117
1673778643 185
1673778643 128
1673778643 194
1673778643 120
1673778644 190
1673778644 131
1673778644 184
1673778644 114
1673778644 161
1673778645 161
1673778645 180
1673778645 134
1673778645 105
1673778646 186
1673778646 107
1673778646 108
1673778646 132
1673778646 116
1673778647 102
1673778647 128
1673778648 121
1673778648 170
1673778648 101
1673778649 139
1673778649 114
1673778649 151
1673778650 131
1673778650 146
1673778650 118
1673778651 165
1673778651 154
1673778652 176
1673778652 181
1673778652 149
1673778653 137
1673778654 113
1673778656 153
1673778656 158
1673778656 172
1673778656 170
1673778658 196
1673778659 190
1673778659 128
1673778660 110
1673778660 200
1673778660 120
1673778661 186
1673778662 115
1673778663 144
1673778663 160
1673778663 163
1673778663 174
1673778663 190
1673778664 195
1673778665 127
1673778665 133
1673778665 155
1673778666 129
1673778666 147
1673778666 157
1673778667 181
1673778667 173
1673778667 154
1673778667 138
1673778668 161
1673778669 125
1673778670 184
1673778670 143
1673778670 177
1673778671 101
1673778671 158
1673778672 113
1673778672 114
1673778673 148
1673778673 198
1673778673 136
1673778673 125
1673778674 162
1673778674 108
1673778674 181
1673778674 194
1673778675 161
1673778675 170
1673778676 143
1673778676 129
1673778676 111
1673778677 109
1673778677 160
1673778678 105
1673778678 154
1673778678 176
1673778678 128
1673778678 199
1673778678 176
1673778678 139
1673778679 105
1673778679 133
1673778680 157
1673778680 132
1673778680 127
1673778680 147
1673778681 174
1673778682 130
1673778682 150
1673778682 160
1673778683 160
1673778683 105
1673778683 181
1673778683 166
1673778683 154
1673778685 116
1673778685 129
1673778685 179
1673778685 184
1673778686 162
1673778686 126
1673778686 192
1673778686 155
1673778686 130
1673778686 184
1673778687 146
1673778687 104
1673778687 125
1673778687 196
1673778688 132
1673778688 183
1673778688 191
1673778688 198
1673778689 159
1673778690 171
1673778690 117
1673778690 191
1673778690 110
1673778691 137
1673778691 149
1673778692 125
1673778692 122
1673778693 193
1673778693 198
1673778693 128
1673778694 135
1673778694 144
1673778694 112
1673778694 174
1673778695 166
1673778695 161
1673778695 169
1673778696 178
1673778696 125
1673778696 181
1673778697 141
1673778698 146
1673778698 113
1673778698 187
1673778699 194
1673778699 184
1673778700 157
1673778700 195
1673778700 192
1673778701 133
1673778701 182
1673778702 164
1673778702 125
1673778703 124
1673778703 131
1673778704 151
1673778704 137
1673778705 170
1673778705 160
1673778706 131
1673778706 152
1673778707 156
1673778707 168
1673778707 134
1673778708 189
1673778709 129
1673778709 166
1673778710 125
1673778710 140
1673778710 145
1673778710 105
1673778710 116
1673778711 147
1673778711 171
1673778712 124
1673778712 157
1673778712 138
1673778712 115
1673778713 196
1673778713 154
1673778714 102
1673778714 194
1673778714 195
1673778715 101
1673778716 200
1673778716 155
1673778716 142
1673778716 199
1673778716 169
1673778717 127
1673778717 165
1673778717 101
1673778717 194
1673778717 190
1673778717 160
1673778718 133
1673778718 143
1673778718 126
1673778718 159
1673778719 137
1673778719 109
1673778719 184
1673778720 169
1673778720 118
1673778721 151
1673778721 146
1673778721 116
1673778722 199
1673778722 140
1673778723 104
1673778723 135
1673778723 110
1673778724 119
1673778725 153
1673778726 171
1673778726 162
1673778726 129
1673778726 104
1673778727 199
1673778728 188
1673778729 128
1673778729 189
1673778730 106
1673778730 109
1673778730 156
1673778730 132
1673778732 102
1673778732 136
1673778732 107
1673778732 107
1673778733 114
1673778733 122
1673778734 198
1673778734 118
1673778734 117
1673778734 134
1673778734 122
1673778734 128
1673778735 174
1673778736 104
1673778736 114
1673778736 151
1673778736 154
1673778736 102
1673778736 115
1673778736 186
1673778736 125
1673778737 137
1673778737 142
1673778738 138
1673778738 191
1673778738 190
1673778738 146
1673778738 197
1673778739 142
1673778739 147
1673778739 166
1673778741 156
1673778741 116
1673778742 124
1673778742 168
1673778743 196
1673778743 145
1673778743 192
1673778743 193
1673778743 150
1673778744 156
1673778744 193
1673778745 129
1673778745 146
1673778746 197
1673778747 153
1673778747 173
1673778748 140
1673778748 128
1673778748 124
1673778749 178
1673778750 143
1673778750 112
1673778751 106
1673778751 195
1673778751 112
1673778752 193
1673778753 177
1673778753 130
1673778754 103
1673778754 186
1673778754 149
1673778754 131
1673778755 158
1673778755 121
1673778755 165
1673778755 126
1673778755 116
1673778755 139
1673778756 181
1673778756 143
1673778756 187
1673778756 184
1673778756 198
1673778757 114
1673778757 166
1673778757 189
1673778758 106
1673778758 179
1673778759 164
1673778759 185
1673778759 134
1673778760 142
1673778760 164
1673778761 185
1673778761 151
1673778762 154
1673778762 164
1673778763 126
1673778763 135
1673778764 175
1673778764 135
1673778764 191
1673778764 112
1673778764 120
1673778764 118
1673778765 138
1673778765 139
1673778765 106
1673778766 116
1673778766 175
1673778766 116
1673778766 200
1673778767 110
1673778767 135
1673778767 178
1673778768 102
1673778768 151
1673778769 126
1673778769 159
1673778770 148
1673778770 125
1673778770 112
1673778771 164
1673778772 155
1673778772 180
1673778772 161
1673778772 151
1673778772 118
1673778772 105
1673778774 139
1673778775 110
1673778775 178
1673778775 129
1673778775 104
1673778776 199
1673778776 182
1673778777 171
1673778777 105
1673778777 126
1673778779 191
1673778780 133
1673778780 166
1673778780 150
1673778780 112
1673778780 160
1673778780 169
1673778781 117
1673778781 198
1673778781 140
1673778782 135
1673778782 167
1673778782 145
1673778783 110
1673778783 125
1673778783 101
1673778783 111
1673778783 138
1673778783 172
1673778784 175
1673778785 104
1673778785 183
1673778785 161
1673778785 127
1673778785 109
1673778785 192
1673778786 118
1673778786 147
1673778786 175
1673778787 183
1673778788 171
1673778788 198
1673778788 130
1673778789 143
1673778789 148
1673778790 179
1673778790 190
1673778790 110
1673778790 137
1673778791 198
1673778792 136
1673778792 184
1673778793 177
1673778794 140
1673778794 122
1673778794 121
1673778795 167
1673778795 116
1673778796 161
1673778796 184
1673778797 162
1673778797 118
1673778797 141
1673778798 119
1673778798 120
1673778799 110
1673778799 142
1673778800 163
1673778800 123
1673778800 137
1673778801 160
1673778802 106
1673778802 175
1673778802 112
1673778802 134
1673778803 123
1673778803 182
1673778804 190
1673778804 155
1673778804 197
1673778804 135
1673778804 121
1673778805 101
1673778805 176
1673778806 192
1673778807 135
1673778807 103
1673778807 174
1673778807 150
1673778808 147
1673778808 101
1673778808 185
1673778809 175
1673778810 114
1673778810 124
1673778810 114
1673778810 104
1673778810 186
1673778810 109
1673778811 119
1673778811 128
1673778811 156
1673778811 127
1673778812 136
1673778812 186
1673778813 197
1673778814 157
1673778814 179
1673778814 176
1673778815 143
1673778816 171
1673778816 176
1673778817 166
1673778817 154
1673778817 191
1673778817 112
1673778818 168
1673778818 138
1673778818 109
1673778819 181
1673778819 111
1673778819 136
1673778819 127
1673778819 104
1673778819 153
1673778820 124
1673778820 166
1673778820 146
1673778820 130
1673778821 141
1673778822 177
1673778823 121
1673778823 124
1673778824 176
1673778824 111
1673778824 107
1673778824 187
1673778825 178
1673778826 153
1673778826 110
1673778827 115
1673778827 143
1673778827 121
1673778827 140
1673778828 111
1673778828 122
1673778828 122
1673778829 116
1673778829 178
1673778829 176
1673778829 149
1673778830 182
1673778830 166
1673778830 139
1673778831 115
1673778831 132
1673778831 166
1673778831 113
1673778831 117
1673778832 193
1673778832 183
1673778833 123
1673778833 110
1673778833 138
1673778834 131
1673778834 161
1673778834 127
1673778835 134
1673778835 156
1673778835 145
1673778836 191
1673778837 114
1673778837 196
1673778838 149
1673778838 108
1673778838 153
1673778840 130
1673778840 158
1673778840 160
1673778840 186
1673778840 115
1673778841 162
1673778841 110
1673778841 146
1673778842 181
1673778842 160
1673778843 110
1673778843 119
1673778843 105
1673778843 119
1673778844 124
1673778844 183
1673778844 162
1673778844 133
1673778845 199
1673778846 126
1673778847 124
1673778847 106
1673778849 127
1673778849 113
1673778849 148
1673778849 135
1673778850 149
1673778850 186
1673778850 159
1673778850 108
1673778851 200
1673778851 158
1673778851 101
1673778851 149
1673778852 135
1673778852 137
1673778853 183
1673778853 181
1673778853 172
1673778853 115
1673778854 126
1673778854 123
1673778855 107
1673778855 136
1673778855 158
1673778856 117
1673778856 132
1673778856 193
1673778857 115
1673778857 123
1673778858 135
1673778858 162
1673778858 103
1673778859 181
1673778859 165
1673778860 183
1673778861 155
1673778861 137
1673778862 138
1673778862 200
1673778862 181
1673778862 131
1673778862 111
1673778863 160
1673778863 122
1673778863 101
1673778864 129
1673778864 174
1673778864 113
1673778865 167
1673778865 135
1673778866 147
1673778866 141
1673778866 179
1673778868 194
1673778868 191
1673778869 108
1673778870 167
1673778871 160
1673778871 113
1673778871 162
1673778872 165
1673778872 150
1673778872 106
1673778872 117
1673778874 198
1673778874 129
1673778874 172
1673778876 152
1673778876 184
1673778877 107
1673778878 135
1673778878 162
1673778878 109
1673778879 158
1673778880 186
1673778880 144
1673778880 140
1673778880 120
1673778880 134
1673778881 187
1673778881 154
1673778881 145
1673778882 129
1673778882 105
1673778882 111
1673778883 198
1673778883 167
1673778883 200
1673778884 114
1673778884 102
1673778884 175
1673778884 134
1673778885 175
1673778886 135
1673778887 133
1673778887 164
1673778888 178
1673778888 183
1673778888 180
1673778889 159
1673778889 149
1673778889 173
1673778889 158
1673778890 129
1673778890 153
1673778890 132
1673778890 152
1673778890 112
1673778891 153
1673778892 109
1673778893 105
1673778893 172
1673778893 161
1673778894 153
1673778894 199
1673778894 125
1673778894 121
1673778895 172
1673778895 142
1673778896 105
1673778896 144
1673778896 166
1673778897 120
1673778898 108
1673778898 125
1673778898 121
1673778899 123
1673778900 167
1673778900 131
1673778900 142
1673778902 200
1673778902 151
1673778902 146
1673778902 154
1673778903 140
1673778903 116
1673778906 154
1673778906 171
1673778906 116
1673778906 180
1673778907 121
1673778907 192
1673778907 181
1673778907 122
1673778907 185
1673778908 102
1673778908 128
1673778908 170
1673778908 129
1673778909 165
1673778909 117
1673778909 199
1673778909 102
1673778910 194
1673778911 178
1673778911 104
1673778911 182
1673778911 181
1673778911 126
1673778911 154
1673778912 192
1673778912 199
1673778913 126
1673778913 151
1673778914 118
1673778914 198
1673778914 161
1673778914 150
1673778914 125
1673778915 164
1673778917 105
1673778917 111
1673778917 134
1673778918 129
1673778918 156
1673778918 130
1673778918 198
1673778918 121
1673778919 116
1673778919 112
1673778919 198
1673778919 144
1673778920 144
1673778920 154
1673778920 156
1673778920 113
1673778920 136
1673778921 104
1673778921 186
1673778921 126
1673778921 178
1673778922 127
1673778923 187
1673778923 158
1673778924 158
1673778925 185
1673778926 188
1673778926 170
1673778926 128
1673778926 182
1673778927 156
1673778927 199
1673778928 172
1673778928 111
1673778929 168
1673778929 118
1673778929 174
1673778929 101
1673778930 187
1673778930 189
1673778931 196
1673778931 114
1673778931 109
1673778931 154
1673778932 136
1673778932 109
1673778933 135
1673778933 141
1673778933 148
1673778933 166
1673778933 199
1673778933 134
1673778934 148
1673778934 105
1673778935 181
1673778935 118
1673778935 164
1673778936 161
1673778936 176
1673778936 181
1673778937 185
1673778937 156
1673778937 184
1673778937 184
1673778938 140
1673778938 144
1673778939 136
1673778940 140
1673778941 153
1673778941 156
1673778942 139
1673778943 134
1673778943 158
1673778943 160
1673778943 103
1673778944 142
1673778944 165
1673778945 192
1673778945 124
1673778945 138
1673778946 138
1673778946 141
1673778946 187
1673778946 113
1673778947 106
1673778947 135
1673778947 111
1673778948 128
1673778948 117
1673778948 123
1673778949 174
1673778949 186
1673778949 119
1673778949 126
1673778949 130
1673778949 129
1673778950 155
1673778950 158
1673778950 185
1673778950 137
1673778950 128
1673778951 178
1673778951 181
1673778951 141
1673778951 149
1673778951 102
1673778952 164
1673778952 107
1673778952 128
1673778952 168
1673778952 110
1673778953 162
1673778953 167
1673778953 135
1673778953 115
1673778954 188
1673778954 170
1673778956 162
1673778957 163
1673778957 180
1673778957 151
1673778958 195
1673778959 121
1673778960 184
1673778960 132
1673778960 199
1673778960 128
1673778960 138
1673778961 130
1673778961 170
1673778961 157
1673778961 120
1673778962 122
1673778962 146
1673778963 184
1673778963 133
1673778963 151
1673778964 157
1673778964 195
1673778965 126
1673778965 180
1673778965 130
1673778966 178
1673778968 170
1673778968 195
1673778969 131
1673778969 101
1673778970 106
1673778970 151
1673778971 189
1673778971 145
1673778971 143
1673778971 176
1673778971 162
1673778972 131
1673778972 107
1673778972 182
1673778973 157
1673778973 120
1673778973 131
1673778973 155
1673778973 104
1673778973 122
1673778974 190
1673778975 185
1673778975 200
1673778975 143
1673778975 113
1673778975 143
1673778975 184
1673778976 115
1673778976 195
1673778976 134
1673778977 198
1673778977 141
1673778977 165
1673778977 140
1673778977 125
1673778977 129
1673778978 190
1673778978 199
1673778978 180
1673778978 114
1673778978 198
1673778979 127
1673778979 152
1673778979 152
1673778980 123
1673778981 200
1673778981 159
1673778981 129
1673778981 123
1673778981 127
1673778981 134
1673778981 135
1673778981 186
1673778982 107
1673778982 184
1673778982 157
1673778982 140
1673778982 166
1673778982 193
1673778983 172
1673778983 109
1673778983 173
1673778983 152
1673778983 159
1673778983 145
1673778983 199
1673778984 158
1673778985 139
1673778985 123
1673778985 110
1673778985 105
1673778985 161
1673778986 115
1673778986 144
1673778986 166
1673778987 144
1673778988 183
1673778989 138
1673778990 172
1673778991 120
1673778992 161
1673778992 125
1673778992 129
1673778992 110
1673778992 122
1673778993 102
1673778994 105
1673778995 111
1673778996 146
1673778996 187
1673778997 198
1673778998 179
1673778998 139
1673778998 163
1673778998 108
1673778998 163
1673778998 187
1673778999 147
1673778999 150
1673778999 120
1673778999 132
1673779000 191
1673779000 185
1673779000 162
1673779001 155
1673779001 185
1673779001 196
1673779002 141
1673779002 193
1673779002 108
1673779002 173
1673779002 114
1673779002 124
1673779002 199
1673779003 135
1673779003 136
1673779003 110
1673779003 193
1673779004 119
1673779004 196
1673779005 113
1673779005 126
1673779005 175
1673779005 101
1673779006 110
1673779006 182
1673779007 122
1673779008 120
1673779008 142
1673779008 178
1673779009 149
1673779009 129
1673779009 134
1673779009 166
1673779010 129
1673779010 149
1673779010 142
1673779011 155
1673779011 177
1673779011 176
1673779011 106
1673779011 194
1673779011 112
1673779011 169
1673779012 135
1673779012 146
1673779012 181
1673779013 164
1673779013 155
1673779014 110
1673779014 126
1673779015 195
1673779015 125
1673779016 141
1673779016 182
1673779016 162
1673779017 125
1673779017 153
1673779018 185
1673779018 159
1673779019 178
1673779019 187
1673779019 137
1673779020 145
1673779020 115
1673779020 120
1673779020 196
1673779021 111
1673779021 165
1673779022 132
1673779022 157
1673779022 180
1673779023 116
1673779024 165
1673779024 159
1673779025 137
1673779025 133
1673779025 123
1673779025 136
1673779025 148
1673779026 197
1673779027 169
1673779027 104
1673779029 116
1673779029 101
1673779029 132
1673779030 163
1673779030 189
1673779030 196
1673779030 110
1673779030 136
1673779031 113
1673779032 186
1673779032 200
1673779032 175
1673779032 132
1673779033 199
1673779033 196
1673779033 107
1673779034 163
1673779034 128
1673779035 118
1673779036 186
1673779036 162
1673779036 128
1673779037 101
1673779037 170
1673779037 121
1673779037 148
1673779038 166
1673779038 144
1673779038 173
1673779038 148
1673779038 176
1673779039 192
1673779039 107
1673779039 107
1673779039 189
1673779040 186
1673779040 107
1673779040 183
1673779040 188
1673779040 199
1673779040 174
1673779041 155
1673779041 150
1673779042 166
1673779042 124
1673779042 114
1673779043 123
1673779044 173
1673779044 164
1673779044 159
1673779045 173
1673779046 176
1673779046 163
1673779047 135
1673779048 156
1673779048 193
1673779049 127
1673779049 152
1673779049 110
1673779050 159
1673779050 180
1673779050 155
1673779050 129
1673779051 171
1673779051 144
1673779051 133
1673779051 175
1673779051 140
1673779052 177
1673779052 184
1673779053 179
1673779053 116
1673779054 120
1673779054 167
1673779054 154
1673779054 137
1673779054 182
1673779055 145
1673779055 111
1673779055 194
1673779056 141
1673779056 161
1673779056 160
1673779056 161
1673779056 145
1673779056 157
1673779057 119
1673779057 163
1673779058 145
1673779058 109
1673779058 122
1673779059 161
1673779059 110
1673779061 143
1673779061 191
1673779061 155
1673779061 108
1673779061 136
1673779062 164
1673779062 180
1673779062 184
1673779062 129
1673779063 106
1673779063 198
1673779063 115
1673779064 117
1673779064 154
1673779064 163
1673779064 118
1673779067 134
1673779067 114
1673779067 137
1673779068 133
1673779068 124
1673779069 165
1673779069 170
1673779069 135
1673779070 198
1673779070 160
1673779071 145
1673779071 128
1673779071 143
1673779072 130
1673779072 137
1673779072 137
1673779072 166
1673779072 179
1673779073 164
1673779074 117
1673779074 118
1673779075 162
1673779075 127
1673779075 164
1673779076 191
1673779076 125
1673779076 158
1673779077 139
1673779077 140
1673779077 166
1673779079 182
1673779080 177
1673779081 168
1673779081 141
1673779082 160
1673779082 147
1673779082 119
1673779082 134
1673779083 118
1673779084 120
1673779084 149
1673779085 121
1673779085 146
1673779085 111
1673779085 170
1673779086 107
1673779086 192
1673779086 176
1673779086 109
1673779086 191
1673779087 130
1673779087 159
1673779087 133
1673779087 140
1673779088 174
1673779088 146
1673779088 109
1673779088 190
1673779088 130
1673779089 150
1673779089 106
1673779090 196
1673779090 150
1673779090 123
1673779090 162
1673779091 177
1673779091 102
1673779091 198
1673779091 122
1673779092 167
1673779092 114
1673779092 196
1673779093 108
1673779093 121
1673779093 128
1673779094 137
1673779094 109
1673779094 152
1673779094 128
1673779095 146
1673779095 135
1673779095 153
1673779096 123
1673779096 120
1673779096 185
1673779096 169
1673779097 178
1673779098 140
1673779098 142
1673779098 164
1673779099 110
1673779099 162
1673779099 127
1673779100 187
1673779100 102
1673779100 142
1673779101 137
1673779101 113
1673779101 161
1673779101 148
1673779101 177
1673779102 107
1673779102 103
1673779103 171
1673779103 165
1673779103 142
1673779103 197
1673779104 192
1673779104 135
1673779104 150
1673779104 111
1673779105 185
1673779105 178
1673779106 178
1673779106 192
1673779106 198
1673779107 133
1673779107 162
1673779108 186
1673779109 132
1673779110 111
1673779110 146
1673779112 163
1673779112 104
1673779112 187
1673779112 157
1673779112 189
1673779113 124
1673779114 111
1673779114 143
1673779114 196
1673779115 104
1673779115 196
1673779116 143
1673779116 101
1673779116 164
1673779117 197
1673779117 116
1673779117 104
1673779117 105
1673779117 124
1673779118 122
1673779118 190
1673779118 160
1673779118 120
1673779119 111
1673779120 172
1673779120 159
1673779120 113
1673779120 199
1673779121 133
1673779122 101
1673779122 164
1673779122 119
1673779122 198
1673779122 164
1673779122 175
1673779123 128
1673779123 167
1673779123 143
1673779124 196
1673779124 180
1673779125 161
1673779125 172
1673779126 187
1673779126 114
1673779126 123
1673779126 178
1673779126 176
1673779126 120
1673779127 152
1673779127 183
1673779127 149
1673779127 102
1673779128 119
1673779128 127
1673779129 153
1673779129 135
1673779129 115
1673779130 155
1673779131 108
1673779131 168
1673779132 114
1673779132 173
1673779132 113
1673779132 161
1673779133 118
1673779133 171
1673779133 120
1673779133 128
1673779134 147
1673779134 197
1673779135 113
1673779135 102
1673779135 185
1673779135 174
1673779136 136
1673779136 154
1673779136 191
1673779136 179
1673779136 115
1673779137 187
1673779137 150
1673779137 136
1673779137 159
1673779137 160
1673779137 137
1673779138 103
1673779138 103
1673779138 129
1673779138 193
1673779139 166
1673779139 195
1673779140 161
1673779141 167
1673779143 128
1673779143 133
1673779144 123
1673779144 158
1673779144 170
1673779145 129
1673779145 174
1673779145 151
1673779145 107
1673779145 117
1673779145 140
1673779146 106
1673779146 123
1673779146 177
1673779147 174
1673779147 149
1673779147 149
1673779147 103
1673779148 187
1673779149 135
1673779149 151
1673779149 188
1673779150 139
1673779150 156
1673779150 157
1673779150 148
1673779150 149
1673779150 171
1673779151 177
1673779151 187
1673779152 148
1673779152 172
1673779152 200
1673779152 107
1673779152 169
1673779153 172
1673779153 200
1673779153 183
1673779154 129
1673779155 189
1673779155 154
1673779155 192
1673779155 183
1673779155 119
1673779156 173
1673779156 198
1673779156 141
1673779156 161
1673779157 152
1673779157 131
1673779157 191
1673779158 187
1673779158 176
1673779158 142
1673779158 168
1673779158 106
1673779159 148
1673779159 174
1673779159 101
1673779161 146
1673779162 167
1673779162 145
1673779162 192
1673779162 143
1673779162 188
1673779162 116
1673779162 102
1673779163 111
1673779164 130
1673779164 158
1673779164 122
1673779164 112
1673779165 148
1673779165 153
1673779166 183
1673779166 125
1673779166 128
1673779166 198
1673779167 121
1673779167 142
1673779167 134
1673779167 144
1673779168 165
1673779169 194
1673779169 184
1673779169 160
1673779170 107
1673779173 125
1673779173 131
1673779173 165
1673779173 129
1673779173 188
1673779173 184
1673779173 118
1673779173 120
1673779174 116
1673779174 147
1673779174 162
1673779174 174
1673779174 109
1673779175 186
1673779176 141
1673779177 187
1673779177 196
1673779177 122
1673779177 141
1673779177 187
1673779178 200
1673779178 109
1673779178 180
1673779179 153
1673779179 156
1673779179 184
1673779179 194
1673779179 136
1673779179 158
1673779179 147
1673779180 181
1673779181 128
1673779181 192
1673779181 119
1673779181 186
1673779182 187
1673779182 190
1673779183 143
1673779183 101
1673779184 137
1673779184 125
1673779185 127
1673779185 172
1673779185 104
1673779186 144
1673779186 126
1673779186 109
1673779186 189
1673779187 146
1673779188 186
1673779188 141
1673779188 151
1673779189 150
1673779189 162
1673779189 135
1673779189 118
1673779190 121
1673779190 111
1673779190 176
1673779190 105
1673779191 188
1673779193 148
1673779193 137
1673779193 133
1673779193 111
1673779194 122
1673779194 184
1673779194 130
1673779195 109
1673779195 185
1673779195 105
1673779195 158
1673779195 115
1673779196 166
1673779197 140
1673779197 190
1673779197 162
1673779198 176
1673779198 128
1673779199 194
1673779199 114
1673779199 130
1673779200 187
1673779200 138
1673779200 106
1673779200 179
1673779200 151
1673779201 126
1673779201 184
1673779201 143
1673779201 171
1673779202 159
1673779203 112
1673779203 187
1673779203 104
1673779203 116
1673779204 190
1673779205 143
1673779205 148
1673779206 143
1673779206 120
1673779206 139
1673779206 122
1673779207 106
1673779207 200
1673779208 106
1673779209 115
1673779210 176
1673779212 189
1673779212 167
1673779212 190
1673779212 160
1673779212 133
1673779214 137
1673779214 138
1673779215 167
1673779215 181
1673779215 183
1673779215 144
1673779216 108
1673779216 160
1673779216 144
1673779216 170
1673779216 110
1673779217 169
1673779217 132
1673779217 130
1673779218 112
1673779218 185
1673779218 157
1673779218 106
1673779218 104
1673779218 139
1673779220 134
1673779221 186
1673779222 111
1673779222 177
1673779223 119
1673779223 177
1673779224 111
1673779224 101
1673779225 123
1673779226 155
1673779226 144
1673779227 111
1673779227 189
1673779227 145
1673779228 148
1673779228 139
1673779228 148
1673779229 164
1673779230 102
1673779230 189
1673779231 149
1673779231 152
1673779231 129
1673779231 167
1673779232 156
1673779232 155
1673779233 104
1673779233 107
1673779233 138
1673779233 123
1673779234 171
1673779234 143
1673779234 161
1673779234 143
1673779235 200
1673779235 142
1673779236 198
1673779236 146
1673779236 132
1673779237 199
1673779237 156
1673779237 182
1673779238 149
1673779238 132
1673779239 141
1673779239 165
1673779240 156
1673779240 136
1673779240 125
1673779240 185
1673779241 110
1673779241 193
1673779242 128
1673779243 115
1673779243 179
1673779243 199
1673779244 164
1673779244 200
1673779245 158
1673779246 141
1673779246 136
1673779246 183
1673779247 194
1673779247 132
1673779247 146
1673779248 152
1673779248 173
1673779249 171
1673779250 199
1673779250 175
1673779250 153
1673779250 127
1673779251 174
1673779251 143
1673779251 140
1673779251 165
1673779252 120
1673779252 121
1673779252 159
1673779252 162
1673779252 194
1673779254 183
1673779254 166
1673779254 162
1673779255 125
1673779256 122
1673779256 112
1673779256 103
1673779256 152
1673779257 134
1673779257 181
1673779257 194
1673779257 139
1673779257 171
1673779258 188
1673779258 165
1673779258 121
1673779258 136
1673779259 115
1673779260 191
1673779260 156
1673779261 187
1673779261 191
1673779261 149
1673779261 122
1673779263 171
1673779263 110
1673779263 179
1673779264 171
1673779264 114
1673779264 170
1673779264 161
1673779265 169
1673779265 172
1673779265 114
1673779266 166
1673779266 181
1673779266 102
1673779266 177
1673779267 162
1673779267 167
1673779267 118
1673779267 176
1673779267 180
1673779268 187
1673779269 122
1673779269 181
1673779270 180
1673779270 106
1673779271 134
1673779271 175
1673779272 153
1673779273 135
1673779273 144
1673779273 134
1673779273 166
1673779273 152
1673779274 162
1673779274 152
1673779274 119
1673779275 107
1673779275 188
1673779275 186
1673779275 163
1673779275 111
1673779275 159
1673779275 192
1673779275 185
1673779276 103
1673779276 182
1673779276 191
1673779277 180
1673779277 179
1673779277 200
1673779277 169
1673779278 108
1673779278 106
1673779279 144
1673779279 149
1673779280 167
1673779280 192
1673779280 105
1673779281 158
1673779281 145
1673779281 130
1673779282 183
1673779282 147
1673779282 171
1673779283 119
1673779283 171
1673779283 145
1673779285 185
1673779285 122
1673779286 159
1673779286 139
1673779286 197
1673779286 194
1673779287 139
1673779287 101
1673779287 107
1673779288 125
1673779288 141
1673779288 157
1673779289 155
1673779289 194
1673779289 117
1673779290 171
1673779290 154
1673779290 158
