1673776803 126
1673776804 173
1673776807 102
1673776807 105
1673776810 155
1673776810 189
1673776811 120
1673776811 114
1673776812 127
1673776813 132
1673776814 137
1673776814 199
1673776814 145
1673776816 196
1673776816 152
1673776816 122
1673776816 198
1673776817 184
1673776818 154
1673776820 148
1673776821 193
1673776822 116
1673776824 151
1673776825 141
1673776827 116
1673776827 125
1673776828 164
1673776828 121
1673776829 110
1673776829 185
1673776829 195
1673776830 107
1673776830 147
1673776832 102
1673776833 173
1673776833 105
1673776833 152
1673776833 124
1673776833 191
1673776835 152
1673776836 178
1673776836 184
1673776838 171
1673776839 107
1673776842 110
1673776842 118
1673776842 133
1673776842 108
1673776842 124
1673776842 105
1673776848 105
1673776848 195
1673776849 117
1673776853 116
1673776853 184
1673776853 185
1673776853 175
1673776856 123
1673776856 121
1673776858 195
1673776860 129
1673776861 113
1673776862 126
1673776862 103
1673776863 199
1673776863 144
1673776867 122
1673776869 148
1673776870 132
1673776871 133
1673776871 152
1673776871 133
1673776873 123
1673776873 192
1673776874 126
1673776876 115
1673776876 126
1673776876 166
1673776876 190
1673776879 146
1673776879 124
1673776879 139
1673776879 139
1673776880 113
1673776880 183
1673776882 109
1673776883 175
1673776886 145
1673776887 111
1673776887 129
1673776887 172
1673776888 174
1673776888 190
1673776889 195
1673776889 164
1673776890 152
1673776890 106
1673776890 144
1673776892 181
1673776895 103
1673776895 187
1673776895 157
1673776895 144
1673776896 130
1673776897 159
1673776898 188
1673776898 136
1673776898 198
1673776898 197
1673776900 145
1673776901 164
1673776901 163
1673776903 165
1673776903 104
1673776903 156
1673776903 190
1673776904 143
1673776904 155
1673776905 159
1673776907 123
1673776907 126
1673776909 189
1673776911 165
1673776912 139
1673776915 196
1673776917 131
1673776921 133
1673776922 137
1673776922 163
1673776923 118
1673776923 118
1673776924 113
1673776924 138
1673776924 178
1673776924 199
1673776924 155
1673776924 174
1673776925 144
1673776926 193
1673776926 191
1673776927 135
1673776927 190
1673776927 143
1673776927 156
1673776928 136
1673776928 199
1673776928 193
1673776928 149
1673776928 174
1673776930 137
1673776932 138
1673776932 106
1673776933 105
1673776935 139
1673776935 128
1673776936 143
1673776937 101
1673776937 197
1673776938 140
1673776939 157
1673776939 132
1673776939 174
1673776939 187
1673776939 157
1673776939 143
1673776940 173
1673776940 128
1673776940 157
1673776940 145
1673776940 176
1673776940 129
1673776940 160
1673776941 120
1673776941 157
1673776942 200
1673776943 123
1673776944 183
1673776944 125
1673776948 107
1673776948 109
1673776948 144
1673776948 153
1673776948 117
1673776948 111
1673776949 141
1673776949 149
1673776949 128
1673776950 143
1673776951 177
1673776951 179
1673776951 126
1673776952 194
1673776953 135
1673776954 147
1673776955 129
1673776955 153
1673776956 177
1673776956 189
1673776956 160
1673776956 182
1673776957 123
1673776957 147
1673776957 173
1673776957 123
1673776957 141
1673776957 141
1673776958 149
1673776958 166
1673776958 102
1673776958 144
1673776958 111
1673776958 150
1673776958 175
1673776958 173
1673776959 132
1673776959 151
1673776960 173
1673776960 143
1673776961 150
1673776961 107
1673776963 120
1673776963 147
1673776963 149
1673776963 125
1673776964 118
1673776965 119
1673776965 162
1673776965 136
1673776965 120
1673776966 111
1673776966 174
1673776966 146
1673776966 188
1673776966 185
1673776967 135
1673776967 151
1673776968 107
1673776968 163
1673776969 112
1673776969 120
1673776969 183
1673776970 125
1673776970 113
1673776972 118
1673776973 137
1673776973 138
1673776973 121
1673776973 102
1673776973 179
1673776974 139
1673776974 189
1673776974 186
1673776974 112
1673776975 153
1673776975 191
1673776975 160
1673776975 146
1673776975 109
1673776975 181
1673776976 135
1673776977 135
1673776977 176
1673776977 169
1673776977 195
1673776977 154
1673776977 130
1673776977 118
1673776978 152
1673776978 163
1673776979 110
1673776979 115
1673776980 179
1673776980 139
1673776980 118
1673776980 107
1673776981 177
1673776981 102
1673776981 102
1673776982 131
1673776982 111
1673776982 105
1673776983 189
1673776983 122
1673776984 169
1673776984 109
1673776985 112
1673776986 147
1673776986 154
1673776988 181
1673776989 162
1673776989 152
1673776990 192
1673776991 115
1673776991 177
1673776995 161
1673776996 157
1673776997 138
1673776997 185
1673776998 200
1673776999 194
1673776999 199
1673776999 138
1673777000 162
1673777001 193
1673777001 183
1673777001 160
1673777002 179
1673777002 196
1673777002 170
1673777003 188
1673777003 197
1673777006 139
1673777007 114
1673777008 163
1673777008 109
1673777008 196
1673777009 160
1673777009 131
1673777009 153
1673777010 147
1673777012 142
1673777012 198
1673777012 103
1673777012 130
1673777013 166
1673777014 108
1673777014 161
1673777015 184
1673777016 159
1673777016 132
1673777016 180
1673777017 122
1673777017 122
1673777018 165
1673777020 133
1673777022 167
1673777022 192
1673777023 137
1673777023 185
1673777024 195
1673777024 197
1673777024 103
1673777024 187
1673777025 161
1673777025 129
1673777025 142
1673777025 107
1673777026 123
1673777026 189
1673777027 143
1673777027 193
1673777027 124
1673777027 171
1673777027 173
1673777028 122
1673777029 174
1673777029 200
1673777029 166
1673777029 188
1673777030 138
1673777030 161
1673777030 129
1673777030 200
1673777031 157
1673777031 143
1673777032 168
1673777032 173
1673777032 155
1673777032 121
1673777032 150
1673777033 173
1673777033 114
1673777034 188
1673777034 183
1673777034 132
1673777035 138
1673777035 148
1673777035 181
1673777035 109
1673777036 166
1673777037 137
1673777037 145
1673777037 176
1673777038 153
1673777038 160
1673777039 122
1673777040 153
1673777040 179
1673777040 105
1673777041 171
1673777041 199
1673777042 105
1673777042 138
1673777043 131
1673777043 147
1673777043 182
1673777043 116
1673777044 190
1673777044 111
1673777044 166
1673777044 138
1673777045 154
1673777046 170
1673777046 185
1673777046 109
1673777046 154
1673777046 108
1673777046 170
1673777048 177
1673777049 106
1673777049 105
1673777051 191
1673777051 166
1673777052 200
1673777052 121
1673777052 178
1673777053 185
1673777053 193
1673777053 119
1673777054 187
1673777054 117
1673777054 145
1673777054 175
1673777054 151
1673777055 109
1673777055 189
1673777055 125
1673777056 103
1673777056 126
1673777056 189
1673777057 197
1673777058 179
1673777058 197
1673777058 118
1673777060 147
1673777060 105
1673777060 163
1673777060 143
1673777061 131
1673777061 192
1673777061 150
1673777061 101
1673777061 108
1673777062 118
1673777062 182
1673777062 123
1673777063 195
1673777063 189
1673777065 188
1673777065 110
1673777065 104
1673777065 195
1673777065 123
1673777066 167
1673777068 187
1673777069 160
1673777069 195
1673777070 143
1673777070 165
1673777070 183
1673777070 171
1673777070 151
1673777071 131
1673777071 107
1673777071 152
1673777072 132
1673777072 196
1673777072 115
1673777072 185
1673777072 138
1673777072 116
1673777072 148
1673777073 103
1673777073 109
1673777073 128
1673777073 171
1673777073 106
1673777073 159
1673777074 168
1673777074 179
1673777074 175
1673777075 159
1673777075 172
1673777075 151
1673777076 127
1673777076 133
1673777077 126
1673777077 138
1673777077 184
1673777077 189
1673777078 186
1673777078 103
1673777078 181
1673777078 194
1673777078 163
1673777079 169
1673777079 184
1673777080 192
1673777080 173
1673777080 143
1673777080 127
1673777081 187
1673777081 179
1673777081 173
1673777082 170
1673777082 126
1673777082 190
1673777082 178
1673777082 178
1673777082 112
1673777082 163
1673777084 112
1673777084 130
1673777085 147
1673777086 173
1673777086 150
1673777087 146
1673777087 101
1673777087 159
1673777089 110
1673777089 193
1673777089 138
1673777089 133
1673777090 183
1673777091 105
1673777091 132
1673777091 158
1673777092 125
1673777092 155
1673777093 188
1673777094 190
1673777094 107
1673777094 101
1673777095 160
1673777095 112
1673777095 147
1673777095 141
1673777095 163
1673777096 193
1673777096 200
1673777096 102
1673777096 171
1673777096 158
1673777097 124
1673777097 157
1673777097 166
1673777098 182
1673777098 117
1673777098 141
1673777099 199
1673777100 172
1673777100 195
1673777100 167
1673777100 155
1673777100 136
1673777101 115
1673777101 111
1673777102 140
1673777102 104
1673777102 199
1673777103 106
1673777104 156
1673777105 196
1673777105 151
1673777105 172
1673777105 116
1673777105 143
1673777105 178
1673777106 155
1673777106 131
1673777107 164
1673777107 142
1673777107 161
1673777108 137
1673777108 125
1673777108 126
1673777108 149
1673777108 161
1673777109 111
1673777109 122
1673777109 140
1673777110 196
1673777110 164
1673777111 147
1673777113 138
1673777113 183
1673777113 160
1673777113 170
1673777114 148
1673777114 179
1673777114 117
1673777115 142
1673777115 152
1673777115 118
1673777116 160
1673777116 178
1673777117 162
1673777117 184
1673777117 195
1673777118 146
1673777118 119
1673777118 114
1673777118 172
1673777118 118
1673777118 160
1673777119 161
1673777119 178
1673777119 166
1673777120 117
1673777120 154
1673777121 109
1673777121 118
1673777121 150
1673777121 171
1673777121 101
1673777123 111
1673777123 176
1673777124 170
1673777124 199
1673777124 147
1673777125 162
1673777125 132
1673777125 187
1673777125 103
1673777126 153
1673777126 128
1673777127 139
1673777127 123
1673777128 112
1673777128 149
1673777129 127
1673777130 151
1673777131 112
1673777131 141
1673777131 195
1673777132 174
1673777132 179
1673777132 166
1673777133 188
1673777133 113
1673777133 168
1673777134 106
1673777134 173
1673777135 139
1673777135 136
1673777135 102
1673777135 121
1673777135 161
1673777136 161
1673777136 159
1673777136 148
1673777137 122
1673777138 110
1673777138 163
1673777138 112
1673777139 119
1673777140 172
1673777140 143
1673777141 144
1673777143 190
1673777143 146
1673777144 186
1673777144 118
1673777144 200
1673777145 169
1673777145 183
1673777146 174
1673777146 123
1673777146 171
1673777147 130
1673777148 134
1673777148 185
1673777149 196
1673777149 150
1673777149 166
1673777149 197
1673777149 118
1673777150 157
1673777150 198
1673777150 158
1673777151 115
1673777151 119
1673777151 111
1673777152 197
1673777152 108
1673777152 161
1673777153 159
1673777153 102
1673777153 120
1673777153 176
1673777153 175
1673777154 127
1673777154 178
1673777155 122
1673777155 165
1673777156 116
1673777156 111
1673777157 183
1673777157 159
1673777157 159
1673777157 135
1673777157 173
1673777159 146
1673777159 183
1673777159 119
1673777160 160
1673777161 120
1673777161 154
1673777163 198
1673777164 188
1673777164 158
1673777165 185
1673777165 173
1673777165 172
1673777165 160
1673777165 157
1673777166 181
1673777167 138
1673777167 163
1673777167 102
1673777168 136
1673777168 178
1673777169 107
1673777169 192
1673777169 120
1673777169 180
1673777170 120
1673777171 126
1673777171 165
1673777171 156
1673777171 132
1673777171 159
1673777172 109
1673777172 113
1673777172 114
1673777172 171
1673777172 115
1673777172 157
1673777172 183
1673777173 129
1673777173 132
1673777175 142
1673777175 132
1673777175 148
1673777175 175
1673777175 175
1673777175 118
1673777176 121
1673777177 182
1673777177 112
1673777177 113
1673777177 195
1673777179 171
1673777179 136
1673777180 184
1673777180 111
1673777181 153
1673777181 104
1673777181 164
1673777182 200
1673777182 125
1673777182 139
1673777182 138
1673777182 135
1673777182 142
1673777183 194
1673777183 124
1673777184 157
1673777184 170
1673777184 129
1673777185 151
1673777185 184
1673777185 151
1673777185 134
1673777186 136
1673777186 101
1673777187 118
1673777187 110
1673777187 159
1673777187 131
1673777188 150
1673777188 124
1673777188 196
1673777188 101
1673777188 103
1673777189 179
1673777189 184
1673777190 110
1673777190 107
1673777191 116
1673777191 139
1673777191 176
1673777191 166
1673777192 135
1673777192 186
1673777193 140
1673777193 160
1673777194 144
1673777194 197
1673777194 187
1673777195 136
1673777196 125
1673777196 106
1673777196 104
1673777196 161
1673777197 168
1673777197 186
1673777197 146
1673777198 177
1673777199 161
1673777199 185
1673777199 106
1673777199 134
1673777200 166
1673777200 158
1673777200 129
1673777200 155
1673777201 124
1673777201 152
1673777201 112
1673777201 156
1673777201 104
1673777202 120
1673777203 177
1673777204 145
1673777204 174
1673777204 145
1673777204 162
1673777204 183
1673777205 117
1673777205 133
1673777206 152
1673777207 125
1673777208 115
1673777208 142
1673777209 187
1673777209 147
1673777210 142
1673777210 145
1673777210 196
1673777210 104
1673777211 116
1673777211 164
1673777211 190
1673777212 103
1673777212 147
1673777212 112
1673777212 126
1673777213 182
1673777213 166
1673777213 126
1673777213 192
1673777214 138
1673777214 145
1673777214 140
1673777214 131
1673777214 126
1673777214 115
1673777215 118
1673777215 118
1673777215 166
1673777215 170
1673777215 144
1673777216 105
1673777217 145
1673777218 143
1673777218 160
1673777218 157
1673777218 152
1673777218 106
1673777219 134
1673777219 115
1673777220 122
1673777220 164
1673777221 161
1673777221 150
1673777221 147
1673777222 105
1673777222 131
1673777223 164
1673777224 137
1673777225 172
1673777226 171
1673777226 193
1673777226 133
1673777226 166
1673777227 154
1673777229 195
1673777230 188
1673777232 154
1673777234 192
1673777235 185
1673777235 197
1673777235 127
1673777236 141
1673777236 197
1673777236 165
1673777237 121
1673777237 116
1673777238 181
1673777240 133
1673777241 171
1673777242 165
1673777243 127
1673777243 171
1673777243 112
1673777247 138
1673777248 137
1673777249 142
1673777250 137
1673777250 150
1673777250 190
1673777251 148
1673777251 137
1673777252 150
1673777252 165
1673777252 165
1673777252 137
1673777253 113
1673777253 125
1673777253 139
1673777253 163
1673777254 167
1673777254 102
1673777254 130
1673777255 155
1673777255 184
1673777255 191
1673777255 175
1673777255 185
1673777256 163
1673777257 196
1673777257 195
1673777257 138
1673777257 152
1673777258 124
1673777258 167
1673777259 114
1673777259 192
1673777259 126
1673777260 181
1673777261 152
1673777261 192
1673777262 148
1673777263 199
1673777263 194
1673777263 108
1673777263 179
1673777264 168
1673777264 197
1673777264 174
1673777265 151
1673777265 132
1673777265 182
1673777266 200
1673777266 161
1673777266 134
1673777267 185
1673777267 108
1673777267 173
1673777268 125
1673777268 173
1673777269 124
1673777269 176
1673777269 168
1673777269 170
1673777270 192
1673777271 178
1673777271 155
1673777271 121
1673777271 167
1673777271 110
1673777271 183
1673777271 173
1673777271 123
1673777272 154
1673777272 115
1673777272 158
1673777274 130
1673777274 194
1673777274 104
1673777274 150
1673777274 162
1673777275 115
1673777275 182
1673777276 152
1673777276 104
1673777276 139
1673777276 108
1673777277 175
1673777277 165
1673777277 198
1673777278 197
1673777278 137
1673777278 153
1673777279 190
1673777279 160
1673777280 197
1673777280 112
1673777281 195
1673777281 133
1673777281 159
1673777281 144
1673777281 101
1673777281 178
1673777281 147
1673777281 138
1673777282 167
1673777283 105
1673777284 114
1673777284 153
1673777285 151
1673777285 108
1673777285 164
1673777285 112
1673777285 108
1673777286 119
1673777286 184
1673777286 138
1673777286 128
1673777287 172
1673777287 136
1673777287 193
1673777288 133
1673777288 109
1673777288 148
1673777289 190
1673777289 116
1673777290 119
1673777290 193
1673777290 124
1673777290 111
1673777290 174
1673777290 146
1673777290 190
1673777291 168
1673777291 187
1673777292 158
1673777292 161
1673777292 130
1673777293 173
1673777293 195
1673777293 190
1673777294 159
1673777295 102
1673777295 126
1673777296 143
1673777296 153
1673777297 110
1673777297 106
1673777297 160
1673777298 167
1673777298 123
1673777299 114
1673777300 183
1673777300 120
1673777300 173
1673777300 136
1673777300 148
1673777301 101
1673777302 171
1673777302 160
1673777303 168
1673777303 124
1673777303 124
1673777303 179
1673777303 179
1673777303 161
1673777304 188
1673777305 182
1673777305 183
1673777305 134
1673777306 102
1673777306 119
1673777306 199
1673777307 132
1673777307 156
1673777307 165
1673777307 194
1673777307 108
1673777308 124
1673777309 175
1673777309 141
1673777309 104
1673777309 161
1673777309 175
1673777309 166
1673777309 199
1673777309 175
1673777310 194
1673777310 198
1673777310 103
1673777310 109
1673777311 111
1673777311 149
1673777311 198
1673777312 170
1673777312 191
1673777312 192
1673777313 152
1673777313 182
1673777313 125
1673777314 158
1673777314 141
1673777314 122
1673777314 191
1673777314 131
1673777315 183
1673777315 123
1673777315 117
1673777315 173
1673777316 144
1673777316 192
1673777316 140
1673777316 121
1673777316 114
1673777317 145
1673777318 101
1673777318 130
1673777318 128
1673777318 176
1673777319 190
1673777319 128
1673777319 136
1673777320 192
1673777320 110
1673777320 118
1673777321 179
1673777321 147
1673777321 140
1673777322 153
1673777322 175
1673777323 175
1673777324 123
1673777325 123
1673777325 117
1673777325 186
1673777325 139
1673777326 146
1673777326 139
1673777326 137
1673777326 128
1673777327 166
1673777327 102
1673777328 176
1673777328 133
1673777328 145
1673777329 108
1673777329 148
1673777329 186
1673777329 166
1673777330 142
1673777330 150
1673777330 198
1673777331 188
1673777331 157
1673777332 159
1673777332 152
1673777333 137
1673777335 189
1673777335 154
1673777337 136
1673777338 167
1673777338 161
1673777338 157
1673777338 194
1673777338 174
1673777339 175
1673777339 127
1673777340 189
1673777341 109
1673777342 121
1673777342 186
1673777342 199
1673777342 107
1673777342 189
1673777342 178
1673777343 144
1673777344 193
1673777360 130
1673777361 140
1673777361 165
1673777362 124
1673777362 149
1673777362 168
1673777362 144
1673777363 155
1673777364 163
1673777364 130
1673777365 167
1673777366 183
1673777366 107
1673777367 126
1673777367 127
1673777368 185
1673777368 142
1673777368 115
1673777368 122
1673777368 151
1673777368 114
1673777369 195
1673777369 143
1673777370 189
1673777370 119
1673777370 132
1673777371 172
1673777371 186
1673777371 160
1673777372 117
1673777372 114
1673777372 159
1673777373 153
1673777373 130
1673777373 170
1673777374 183
1673777374 182
1673777374 149
1673777375 176
1673777376 168
1673777376 190
1673777376 178
1673777376 129
1673777377 122
1673777377 142
1673777377 110
1673777378 129
1673777378 186
1673777379 154
1673777379 165
1673777379 116
1673777380 159
1673777380 139
1673777381 139
1673777381 124
1673777381 167
1673777382 129
1673777382 106
1673777382 119
1673777382 149
1673777382 110
1673777382 192
1673777383 128
1673777384 107
1673777384 168
1673777384 154
1673777384 168
1673777384 186
1673777385 121
1673777385 120
1673777385 131
1673777385 107
1673777385 151
1673777386 189
1673777386 107
1673777386 124
1673777386 151
1673777387 136
1673777387 156
1673777387 141
1673777387 124
1673777388 190
1673777388 170
1673777390 102
1673777390 165
1673777391 108
1673777391 165
1673777391 107
1673777391 135
1673777391 104
1673777392 167
1673777392 197
1673777392 161
1673777393 136
1673777393 190
1673777393 140
1673777393 149
1673777394 111
1673777395 178
1673777395 132
1673777395 192
1673777395 170
1673777395 198
1673777396 193
1673777396 104
1673777396 153
1673777396 183
1673777396 150
1673777396 123
1673777396 109
1673777397 105
1673777397 159
1673777397 105
1673777397 152
1673777397 181
1673777398 182
1673777398 124
1673777398 138
1673777398 112
1673777398 152
1673777398 198
1673777398 183
1673777399 172
1673777399 103
1673777400 192
1673777400 180
1673777400 109
1673777400 137
1673777401 197
1673777401 155
1673777401 119
1673777402 200
1673777402 174
1673777403 189
1673777404 174
1673777404 189
1673777404 136
1673777404 192
1673777404 163
1673777405 175
1673777405 197
1673777405 163
1673777405 103
1673777406 174
1673777406 147
1673777406 175
1673777407 195
1673777407 193
1673777407 164
1673777408 119
1673777408 114
1673777408 156
1673777408 126
1673777409 127
1673777409 109
1673777409 179
1673777410 185
1673777411 118
1673777411 169
1673777411 160
1673777411 116
1673777411 189
1673777411 184
1673777412 103
1673777412 195
1673777413 180
1673777413 133
1673777413 147
1673777415 158
1673777415 136
1673777415 165
1673777415 138
1673777415 124
1673777416 184
1673777416 125
1673777416 103
1673777416 200
1673777417 134
1673777417 197
1673777417 198
1673777418 189
1673777419 197
1673777419 168
1673777419 176
1673777419 143
1673777419 121
1673777419 181
1673777420 122
1673777420 155
1673777420 115
1673777421 159
1673777421 125
1673777421 104
1673777422 139
1673777422 122
1673777423 160
1673777423 148
1673777423 175
1673777423 194
1673777423 110
1673777424 163
1673777424 196
1673777424 108
1673777425 135
1673777426 162
1673777426 101
1673777426 106
1673777426 196
1673777428 195
1673777428 186
1673777428 181
1673777429 120
1673777429 114
1673777429 146
1673777430 117
1673777430 145
1673777430 138
1673777430 104
1673777431 174
1673777431 123
1673777431 199
1673777432 129
1673777432 101
1673777432 112
1673777432 173
1673777433 112
1673777433 144
1673777434 117
1673777434 131
1673777435 128
1673777435 104
1673777435 190
1673777436 200
1673777436 115
1673777437 176
1673777437 147
1673777437 188
1673777438 149
1673777439 125
1673777439 118
1673777439 165
1673777440 147
1673777441 133
1673777441 170
1673777442 140
1673777442 105
1673777442 150
1673777443 142
1673777443 135
1673777443 199
1673777443 137
1673777444 145
1673777444 141
1673777444 130
1673777445 173
1673777445 116
1673777445 197
1673777445 186
1673777445 149
1673777446 106
1673777446 190
1673777446 111
1673777447 111
1673777447 169
1673777447 164
1673777447 177
1673777447 126
1673777448 191
1673777448 114
1673777449 180
1673777449 195
1673777449 135
1673777449 135
1673777450 134
1673777450 104
1673777452 188
1673777452 167
1673777452 189
1673777453 129
1673777454 168
1673777454 126
1673777454 134
1673777454 107
1673777454 151
1673777454 152
1673777455 103
1673777455 167
1673777455 101
1673777456 135
1673777456 126
1673777456 180
1673777456 104
1673777456 101
1673777456 175
1673777457 158
1673777457 126
1673777457 142
1673777457 184
1673777458 137
1673777458 162
1673777458 196
1673777458 168
1673777459 176
1673777459 186
1673777459 144
1673777460 188
1673777460 130
1673777460 107
1673777461 190
1673777461 163
1673777462 195
1673777462 104
1673777463 185
1673777463 131
1673777463 103
1673777463 181
1673777463 119
1673777463 179
1673777463 197
1673777463 111
1673777464 110
1673777465 180
1673777466 200
1673777467 174
1673777467 198
1673777468 158
1673777468 195
1673777468 182
1673777468 165
1673777468 175
1673777468 156
1673777469 193
1673777469 178
1673777469 196
1673777469 143
1673777469 114
1673777470 108
1673777470 134
1673777471 154
1673777471 137
1673777471 155
1673777472 110
1673777472 108
1673777472 135
1673777472 191
1673777472 146
1673777473 166
1673777474 139
1673777474 140
1673777475 126
1673777475 200
1673777476 113
1673777476 174
1673777476 130
1673777476 176
1673777476 176
1673777476 136
1673777477 169
1673777477 168
1673777477 145
1673777478 193
1673777478 153
1673777478 107
1673777478 124
1673777478 109
1673777478 175
1673777478 182
1673777479 150
1673777479 162
1673777480 118
1673777480 150
1673777480 112
1673777480 188
1673777480 153
1673777481 106
1673777481 200
1673777481 121
1673777481 137
1673777481 171
1673777482 111
1673777482 169
1673777482 101
1673777482 187
1673777483 141
1673777483 154
1673777483 141
1673777483 162
1673777483 196
1673777483 190
1673777484 138
1673777484 162
1673777485 195
1673777485 169
1673777485 125
1673777485 190
1673777485 192
1673777486 173
1673777487 127
1673777487 180
1673777487 150
1673777487 149
1673777488 141
1673777489 111
1673777489 194
1673777489 171
1673777489 191
1673777489 177
1673777490 144
1673777490 180
1673777490 111
1673777490 188
1673777490 146
1673777491 127
1673777491 179
1673777492 102
1673777492 190
1673777492 169
1673777494 139
1673777494 101
1673777495 197
1673777495 139
1673777495 166
1673777495 135
1673777495 105
1673777495 178
1673777495 148
1673777497 172
1673777498 119
1673777498 190
1673777498 194
1673777499 129
1673777499 137
1673777500 148
1673777500 105
1673777500 120
1673777500 193
1673777501 158
1673777501 188
1673777501 140
1673777502 178
1673777503 104
1673777503 123
1673777503 196
1673777503 165
1673777503 173
1673777504 161
1673777504 192
1673777505 188
1673777505 153
1673777506 197
1673777506 113
1673777506 164
1673777507 200
1673777507 160
1673777508 170
1673777509 127
1673777509 178
1673777510 174
1673777510 157
1673777510 152
1673777511 170
1673777511 160
1673777511 184
1673777511 176
1673777511 124
1673777511 185
1673777511 119
1673777512 198
1673777512 145
1673777513 131
1673777513 115
1673777513 178
1673777514 184
1673777514 186
1673777514 172
1673777514 152
1673777515 190
1673777515 138
1673777516 124
1673777516 191
1673777517 150
1673777518 143
1673777518 153
1673777518 170
1673777519 179
1673777519 131
1673777520 148
1673777520 151
1673777520 180
1673777520 161
1673777520 153
1673777521 125
1673777521 102
1673777521 102
1673777521 190
1673777522 105
1673777522 167
1673777522 177
1673777522 110
1673777523 160
1673777523 171
1673777523 157
1673777523 161
1673777523 137
1673777525 115
1673777525 118
1673777525 104
1673777525 172
1673777526 192
1673777526 178
1673777527 158
1673777527 170
1673777527 143
1673777528 185
1673777528 104
1673777528 179
1673777529 119
1673777529 187
1673777529 102
1673777530 122
1673777530 152
1673777531 166
1673777531 125
1673777531 175
1673777531 160
1673777532 158
1673777532 163
1673777532 105
1673777533 189
1673777533 121
1673777533 114
1673777533 138
1673777534 187
1673777534 162
1673777534 141
1673777534 179
1673777535 166
1673777536 109
1673777536 164
1673777537 114
1673777537 127
1673777537 132
1673777538 190
1673777538 136
1673777539 173
1673777539 199
1673777540 155
1673777540 125
1673777540 130
1673777541 152
1673777541 163
1673777541 161
1673777542 120
1673777542 140
1673777542 150
1673777542 166
1673777543 120
1673777543 103
1673777543 101
1673777543 158
1673777543 177
1673777544 196
1673777545 110
1673777545 125
1673777545 105
1673777546 109
1673777546 180
1673777546 171
1673777546 166
1673777546 195
1673777547 145
1673777547 179
1673777549 178
1673777549 112
1673777550 125
1673777551 117
1673777551 153
1673777552 106
1673777552 150
1673777552 105
1673777552 165
1673777552 145
1673777553 118
1673777553 196
1673777554 167
1673777554 169
1673777554 103
1673777555 193
1673777556 113
1673777556 194
1673777556 171
1673777557 142
1673777557 199
1673777557 146
1673777557 187
1673777558 194
1673777560 108
1673777561 147
1673777561 163
1673777561 102
1673777561 190
1673777562 101
1673777563 140
1673777563 106
1673777563 184
1673777564 193
1673777564 124
1673777565 107
1673777566 132
1673777566 145
1673777566 167
1673777567 140
1673777567 117
1673777567 196
1673777567 181
1673777567 200
1673777568 162
1673777568 199
1673777569 156
1673777569 154
1673777569 155
1673777570 175
1673777570 156
1673777570 146
1673777570 128
1673777570 114
1673777570 108
1673777571 188
1673777571 185
1673777571 113
1673777571 138
1673777572 104
1673777572 169
1673777573 113
1673777573 153
1673777574 105
1673777574 133
1673777574 189
1673777574 115
1673777574 104
1673777575 161
1673777575 185
1673777575 101
1673777575 136
1673777576 162
1673777576 147
1673777576 131
1673777576 176
1673777576 145
1673777577 181
1673777578 143
1673777578 109
1673777579 134
1673777579 112
1673777580 164
1673777580 104
1673777581 178
1673777581 112
1673777581 166
1673777581 123
1673777583 134
1673777583 166
1673777583 171
1673777585 148
1673777585 188
1673777585 194
1673777585 132
1673777585 181
1673777585 177
1673777586 195
1673777586 102
1673777586 180
1673777587 119
1673777587 110
1673777587 155
1673777588 144
1673777588 191
1673777588 196
1673777589 180
1673777589 125
1673777590 184
1673777590 163
1673777590 110
1673777591 145
1673777591 196
1673777591 112
1673777591 131
1673777592 108
1673777592 102
1673777592 172
1673777593 125
1673777594 194
1673777594 107
1673777595 179
1673777595 144
1673777596 182
1673777596 101
1673777596 171
1673777597 197
1673777597 107
1673777598 191
1673777598 192
1673777599 175
1673777599 192
1673777600 158
1673777600 101
1673777601 179
1673777601 113
1673777602 144
1673777602 186
1673777602 162
1673777602 195
1673777602 175
1673777603 119
1673777603 172
1673777604 178
1673777604 104
1673777605 176
1673777605 170
1673777605 135
1673777605 184
1673777605 163
1673777605 174
1673777605 147
1673777605 129
1673777605 167
1673777605 139
1673777606 141
1673777606 117
1673777606 165
1673777607 185
1673777607 123
1673777607 119
1673777608 136
1673777608 147
1673777608 171
1673777608 192
1673777608 102
1673777608 172
1673777609 128
1673777610 106
1673777610 101
1673777611 141
1673777611 166
1673777611 102
1673777611 161
1673777612 193
1673777613 137
1673777613 149
1673777613 122
1673777614 164
1673777614 108
1673777614 173
1673777615 180
1673777616 152
1673777616 127
1673777616 140
1673777617 114
1673777617 172
1673777617 158
1673777617 124
1673777618 116
1673777618 137
1673777618 184
1673777618 199
1673777618 197
1673777619 137
1673777619 170
1673777619 152
1673777621 118
1673777621 175
1673777621 180
1673777621 162
1673777622 110
1673777622 103
1673777622 162
1673777622 103
1673777623 150
1673777624 178
1673777624 138
1673777624 196
1673777624 193
1673777624 164
1673777624 149
1673777624 127
1673777624 111
1673777625 148
1673777625 109
1673777625 169
1673777626 196
1673777626 181
1673777626 107
1673777626 179
1673777626 115
1673777627 160
1673777627 157
1673777627 102
1673777627 125
1673777628 182
1673777628 117
1673777629 170
1673777629 172
1673777629 150
1673777630 179
1673777630 167
1673777630 125
1673777630 109
1673777630 185
1673777631 190
1673777631 130
1673777631 196
1673777631 157
1673777631 121
1673777631 171
1673777631 112
1673777632 137
1673777632 124
1673777632 166
1673777632 155
1673777632 148
1673777632 114
1673777633 143
1673777634 174
1673777634 174
1673777635 148
1673777636 162
1673777636 168
1673777636 181
1673777637 111
1673777637 163
1673777637 189
1673777638 196
1673777638 153
1673777638 129
1673777638 188
1673777639 142
1673777639 112
1673777639 174
1673777640 174
1673777640 129
1673777643 185
1673777643 112
1673777643 166
1673777644 195
1673777644 170
1673777644 200
1673777645 186
1673777645 200
1673777645 124
1673777646 166
1673777646 112
1673777646 166
1673777647 132
1673777652 146
1673777652 110
1673777654 188
1673777658 177
1673777658 169
1673777659 192
1673777660 160
1673777662 192
1673777662 134
1673777665 184
1673777666 147
1673777669 117
1673777669 191
1673777670 165
1673777670 124
1673777671 158
1673777671 151
1673777671 175
1673777671 110
1673777672 145
1673777672 110
1673777672 169
1673777672 140
1673777673 144
1673777673 197
1673777673 165
1673777673 115
1673777674 170
1673777677 101
1673777678 200
1673777679 167
1673777679 196
1673777679 167
1673777679 114
1673777679 128
1673777682 154
1673777682 122
1673777684 125
1673777684 101
1673777684 198
1673777686 168
1673777686 183
1673777687 143
1673777687 167
1673777687 184
1673777688 178
1673777689 155
1673777689 195
1673777690 168
1673777690 122
1673777690 114
1673777690 111
1673777691 124
1673777692 188
1673777692 103
1673777693 143
1673777693 106
1673777694 192
1673777694 128
1673777695 177
1673777695 175
1673777696 178
1673777696 181
1673777696 158
1673777697 161
1673777698 115
1673777699 109
1673777700 160
1673777700 113
1673777700 183
1673777700 104
1673777700 147
1673777700 112
1673777700 132
1673777701 117
1673777701 124
1673777701 196
1673777701 178
1673777702 124
1673777702 168
1673777702 133
1673777702 128
1673777703 178
1673777703 156
1673777703 102
1673777703 189
1673777703 141
1673777703 195
1673777704 102
1673777704 181
1673777704 109
1673777704 152
1673777705 113
1673777706 114
1673777707 170
1673777707 195
1673777707 134
1673777708 158
1673777716 173
1673777716 142
1673777718 174
1673777718 179
1673777718 153
1673777718 194
1673777718 165
1673777719 186
1673777720 109
1673777720 129
1673777720 124
1673777721 189
1673777722 106
1673777722 166
1673777722 196
1673777722 179
1673777722 162
1673777723 136
1673777723 163
1673777723 165
1673777723 192
1673777723 131
1673777724 194
1673777724 105
1673777724 153
1673777724 142
1673777725 124
1673777725 166
1673777726 142
1673777726 195
1673777726 192
1673777726 123
1673777727 198
1673777727 105
1673777728 101
1673777728 160
1673777728 172
1673777728 190
1673777728 199
1673777729 190
1673777729 190
1673777730 197
1673777731 142
1673777732 173
1673777732 114
1673777732 102
1673777732 122
1673777732 134
1673777732 155
1673777732 187
1673777733 168
1673777733 195
1673777734 144
1673777734 191
1673777734 126
1673777735 133
1673777735 178
1673777735 158
1673777735 146
1673777735 118
1673777735 146
1673777736 187
1673777737 171
1673777737 118
1673777738 200
1673777738 115
1673777739 117
1673777739 147
1673777741 173
1673777741 154
1673777741 152
1673777741 194
1673777741 136
1673777742 148
1673777742 152
1673777742 148
1673777742 121
1673777742 152
1673777743 185
1673777743 107
1673777743 196
1673777743 145
1673777743 177
1673777744 124
1673777744 103
1673777744 199
1673777744 151
1673777744 126
1673777744 119
1673777745 173
1673777746 103
1673777746 106
1673777746 181
1673777746 177
1673777746 134
1673777746 174
1673777747 147
1673777748 123
1673777748 159
1673777748 153
1673777750 120
1673777751 150
1673777751 169
1673777751 146
1673777751 187
1673777751 163
1673777752 145
1673777752 144
1673777753 110
1673777754 161
1673777754 104
1673777754 163
1673777754 151
1673777755 108
1673777755 185
1673777756 186
1673777756 108
1673777756 186
1673777756 135
1673777757 190
1673777757 197
1673777757 128
1673777758 101
1673777758 104
1673777758 130
1673777759 126
1673777759 174
1673777759 189
1673777760 125
1673777760 113
1673777760 170
1673777760 142
1673777761 126
1673777762 182
1673777762 159
1673777762 198
1673777763 147
1673777764 197
1673777765 179
1673777767 190
1673777774 130
1673777775 170
1673777775 136
1673777776 118
1673777776 177
1673777779 129
1673777781 170
1673777784 199
1673777786 107
1673777787 128
1673777787 155
1673777787 114
1673777787 170
1673777788 137
1673777798 109
1673777802 121
1673777804 153
1673777804 115
1673777805 138
1673777805 166
1673777806 178
1673777808 196
1673777810 111
1673777811 187
1673777811 190
1673777811 113
1673777812 149
1673777815 117
1673777815 160
1673777816 131
1673777816 194
1673777819 114
1673777819 147
1673777820 108
1673777823 119
1673777823 184
1673777827 143
1673777827 140
1673777832 128
1673777834 121
1673777834 183
1673777836 192
1673777836 162
1673777836 196
1673777839 200
1673777845 157
1673777845 197
1673777846 153
1673777846 158
1673777846 167
1673777847 145
1673777848 118
1673777849 164
1673777850 192
1673777850 169
1673777856 136
1673777857 198
1673777857 190
1673777859 122
1673777860 182
1673777860 146
1673777861 105
1673777866 167
1673777869 129
1673777872 157
1673777873 120
1673777875 110
1673777876 167
1673777880 118
1673777883 108
1673777892 192
1673777904 152
1673777906 113
1673777906 194
1673777909 145
1673777909 143
1673777912 196
1673777913 114
1673777913 135
1673777914 187
1673777915 176
1673777915 192
1673777916 131
1673777916 145
1673777916 161
1673777917 101
1673777918 191
1673777920 191
1673777920 181
1673777923 155
1673777924 102
1673777924 124
1673777927 143
1673777927 139
1673777927 120
1673777927 128
1673777928 143
1673777928 114
1673777930 198
1673777930 195
1673777930 184
1673777931 106
1673777932 152
1673777932 190
1673777933 129
1673777934 128
1673777935 124
1673777937 152
1673777937 103
1673777937 188
1673777938 146
1673777938 173
1673777938 106
1673777938 129
1673777939 134
1673777940 175
1673777940 188
1673777944 151
1673777944 168
1673777947 167
1673777948 167
1673777949 134
1673777950 188
1673777953 173
1673777954 141
1673777954 131
1673777957 184
1673777959 197
1673777960 197
1673777960 146
1673777960 200
1673777961 109
1673777963 169
1673777965 156
1673777965 153
1673777967 116
1673777968 111
1673777968 139
1673777971 186
1673777973 146
1673777978 128
1673777978 192
1673777979 141
1673777981 195
1673777981 137
1673777982 130
1673777985 104
1673777985 106
1673777985 107
1673777985 131
1673777986 171
1673777987 140
1673777987 177
1673777987 101
1673777988 132
1673777998 103
1673778000 188
1673778001 125
1673778002 192
1673778003 162
1673778004 101
1673778005 153
1673778005 182
1673778005 114
1673778005 153
1673778007 190
1673778010 186
1673778010 136
1673778012 168
1673778012 179
1673778012 170
1673778014 111
1673778016 138
1673778017 145
1673778017 185
1673778017 163
1673778018 111
1673778018 200
1673778018 171
1673778019 141
1673778027 135
1673778030 144
1673778034 127
1673778038 125
1673778048 160
1673778049 193
1673778063 149
1673778064 136
1673778064 117
1673778067 156
1673778067 118
1673778068 109
1673778070 187
1673778071 151
1673778072 174
1673778076 160
1673778079 131
1673778083 170
1673778083 194
1673778083 182
1673778084 121
1673778086 148
1673778092 188
1673778101 178
1673778105 197
1673778105 147
1673778107 113
1673778108 129
1673778111 147
1673778122 159
1673778124 160
1673778127 195
1673778127 192
1673778129 164
1673778129 103
1673778130 143
1673778131 119
1673778133 113
1673778138 172
1673778139 106
1673778139 178
1673778140 146
1673778140 125
1673778140 193
1673778143 132
1673778143 109
1673778147 107
1673778147 189
1673778148 162
1673778157 120
1673778157 137
1673778157 196
1673778157 188
1673778159 136
1673778159 180
1673778160 153
1673778160 178
1673778161 110
1673778161 153
1673778161 191
1673778161 199
1673778164 102
1673778164 152
1673778164 158
1673778165 171
1673778167 192
1673778167 114
1673778167 200
1673778168 166
1673778168 195
1673778170 130
1673778171 170
1673778171 151
1673778171 108
1673778176 149
1673778177 144
1673778182 187
1673778189 128
1673778190 136
1673778190 111
1673778190 163
1673778190 102
1673778191 147
1673778192 173
1673778195 107
1673778196 143
1673778196 192
1673778197 171
1673778197 123
1673778197 118
1673778197 176
1673778198 153
1673778199 147
1673778200 151
1673778201 122
1673778201 191
1673778203 184
1673778204 182
1673778205 159
1673778207 113
1673778207 107
1673778208 130
1673778208 157
1673778208 142
1673778212 113
1673778213 112
1673778214 143
1673778214 182
1673778214 144
1673778215 112
1673778215 199
1673778215 179
1673778216 134
1673778217 109
1673778217 154
1673778218 142
1673778218 172
1673778219 169
1673778221 153
1673778221 191
1673778221 123
1673778221 156
1673778221 136
1673778221 134
1673778221 161
1673778221 132
1673778222 117
1673778223 104
1673778223 190
1673778224 136
1673778224 174
1673778225 103
1673778227 135
1673778227 108
1673778227 148
1673778228 184
1673778229 113
1673778232 108
1673778233 164
1673778233 101
1673778233 127
1673778234 170
1673778235 105
1673778235 141
1673778236 157
1673778236 121
1673778238 141
1673778239 193
1673778240 102
1673778240 116
1673778242 197
1673778242 132
1673778242 107
1673778242 119
1673778242 112
1673778243 151
1673778243 165
1673778243 165
1673778243 101
1673778243 147
1673778244 161
1673778244 118
1673778245 152
1673778245 192
1673778245 110
1673778245 111
1673778246 178
1673778246 138
1673778246 193
1673778246 189
1673778247 199
1673778247 116
1673778248 144
1673778248 139
1673778248 148
1673778248 161
1673778249 144
1673778250 124
1673778250 119
1673778251 150
1673778251 178
1673778251 163
1673778251 167
1673778252 191
1673778252 113
1673778252 145
1673778253 159
1673778253 115
1673778253 132
1673778254 147
1673778254 128
1673778254 118
1673778255 128
1673778255 190
1673778255 135
1673778255 154
1673778255 182
1673778256 109
1673778256 134
1673778258 186
1673778258 105
1673778258 103
1673778259 195
1673778259 107
1673778260 107
1673778261 109
1673778261 106
1673778261 141
1673778261 154
1673778261 108
1673778262 144
1673778262 115
1673778262 119
1673778263 186
1673778263 168
1673778263 110
1673778263 144
1673778264 139
1673778264 143
1673778264 162
1673778265 103
1673778265 108
1673778265 162
1673778266 173
1673778266 107
1673778266 118
1673778266 179
1673778267 138
1673778267 196
1673778267 149
1673778267 113
1673778267 163
1673778268 154
1673778268 199
1673778269 147
1673778269 111
1673778269 199
1673778269 148
1673778270 131
1673778270 132
1673778270 119
1673778271 149
1673778271 159
1673778271 147
1673778272 141
1673778272 180
1673778272 157
1673778273 125
1673778273 177
1673778274 128
1673778274 121
1673778275 118
1673778275 186
1673778276 193
1673778276 183
1673778276 156
1673778277 116
1673778277 181
1673778277 181
1673778277 120
1673778277 121
1673778278 169
1673778278 184
1673778278 134
1673778278 154
1673778279 151
1673778280 164
1673778280 123
1673778281 195
1673778282 177
1673778283 121
1673778283 194
1673778283 116
1673778283 162
1673778284 157
1673778284 179
1673778284 104
1673778285 198
1673778285 120
1673778285 165
1673778286 132
1673778286 110
1673778286 189
1673778286 163
1673778286 161
1673778287 199
1673778287 135
1673778287 127
1673778287 132
1673778288 177
1673778288 111
1673778289 180
1673778289 158
1673778289 104
1673778289 176
1673778289 110
1673778290 178
1673778291 196
1673778291 109
1673778292 104
1673778292 142
1673778292 178
1673778293 168
1673778293 194
1673778296 135
1673778296 199
1673778297 168
1673778297 107
1673778297 198
1673778297 198
1673778297 194
1673778298 104
1673778298 123
1673778298 176
1673778299 166
1673778299 110
1673778299 101
1673778300 198
1673778301 136
1673778301 123
1673778301 129
1673778301 197
1673778302 154
1673778302 111
1673778303 188
1673778303 156
1673778304 114
1673778304 145
1673778305 178
1673778305 183
1673778305 160
1673778305 175
1673778306 133
1673778306 111
1673778307 145
1673778307 134
1673778308 122
1673778308 164
1673778308 107
1673778308 116
1673778308 184
1673778309 145
1673778309 185
1673778309 105
1673778309 172
1673778310 109
1673778310 122
1673778310 106
1673778311 157
1673778311 193
1673778312 199
1673778312 168
1673778312 133
1673778313 106
1673778314 113
1673778314 122
1673778314 167
1673778314 129
1673778314 105
1673778314 109
1673778314 145
1673778315 200
1673778315 129
1673778315 122
1673778316 116
1673778316 139
1673778317 193
1673778317 167
1673778318 155
1673778318 166
1673778318 106
1673778318 173
1673778318 192
1673778319 161
1673778319 113
1673778319 103
1673778320 123
1673778321 187
1673778321 159
1673778321 190
1673778322 137
1673778322 130
1673778323 130
1673778323 139
1673778323 190
1673778323 175
1673778325 155
1673778325 121
1673778325 114
1673778326 122
1673778326 123
1673778326 132
1673778326 147
1673778327 145
1673778327 172
1673778328 110
1673778328 193
1673778328 195
1673778330 120
1673778330 107
1673778331 157
1673778331 171
1673778332 124
1673778332 113
1673778332 131
1673778333 127
1673778333 104
1673778333 112
1673778334 153
1673778334 185
1673778334 198
1673778335 169
1673778335 143
1673778335 169
1673778335 179
1673778335 111
1673778335 197
1673778335 150
1673778336 160
1673778336 142
1673778336 200
1673778336 130
1673778337 151
1673778337 138
1673778337 155
1673778337 144
1673778338 188
1673778338 199
1673778338 110
1673778339 115
1673778339 129
1673778339 103
1673778339 199
1673778340 162
1673778340 142
1673778341 153
1673778341 143
1673778341 128
1673778341 121
1673778342 197
1673778342 111
1673778342 165
1673778342 111
1673778342 115
1673778342 132
1673778342 193
1673778342 101
1673778343 123
1673778344 186
1673778344 122
1673778346 104
1673778347 157
1673778347 157
1673778347 161
1673778349 121
1673778349 193
1673778349 164
1673778350 149
1673778351 160
1673778351 155
1673778351 193
1673778352 170
1673778352 200
1673778352 184
1673778353 171
1673778354 150
1673778354 162
1673778354 139
1673778355 137
1673778355 161
1673778355 126
1673778356 140
1673778356 169
1673778356 160
1673778356 184
1673778356 163
1673778356 135
1673778356 101
1673778356 123
1673778356 110
1673778356 107
1673778356 153
1673778356 157
1673778357 180
1673778358 140
1673778358 180
1673778358 130
1673778359 116
1673778359 139
1673778359 172
1673778359 115
1673778359 130
1673778360 123
1673778360 132
1673778360 133
1673778361 126
1673778362 108
1673778362 161
1673778362 110
1673778363 199
1673778363 158
1673778363 165
1673778363 114
1673778364 105
1673778364 153
1673778364 193
1673778365 117
1673778366 182
1673778366 196
1673778366 142
1673778366 154
1673778367 114
1673778367 173
1673778367 137
1673778367 154
1673778368 164
1673778368 137
1673778368 194
1673778368 134
1673778369 200
1673778369 198
1673778369 187
1673778370 196
1673778372 188
1673778373 136
1673778373 150
1673778374 156
1673778374 137
1673778376 136
1673778376 115
1673778377 123
1673778378 150
1673778379 197
1673778379 150
1673778379 106
1673778380 200
1673778380 158
1673778380 112
1673778381 128
1673778381 187
1673778381 187
1673778381 105
1673778382 196
1673778382 160
1673778382 182
1673778383 150
1673778383 200
1673778383 143
1673778383 129
1673778384 179
1673778384 137
1673778384 119
1673778384 189
1673778385 171
1673778385 123
1673778385 127
1673778386 197
1673778386 164
1673778386 147
1673778387 136
1673778387 180
1673778387 159
1673778388 112
1673778388 153
1673778388 198
1673778388 112
1673778389 168
1673778389 198
1673778389 155
1673778390 114
1673778390 160
1673778390 197
1673778391 123
1673778391 185
1673778391 138
1673778391 164
1673778392 143
1673778393 126
1673778394 118
1673778395 109
1673778396 133
1673778396 134
1673778396 186
1673778396 186
1673778397 107
1673778397 134
1673778397 169
1673778397 131
1673778397 153
1673778398 141
1673778399 147
1673778399 200
1673778399 101
1673778400 147
1673778400 153
1673778400 191
1673778400 167
1673778401 122
1673778401 161
1673778402 170
1673778402 127
1673778402 152
1673778402 156
1673778403 163
1673778403 163
1673778404 104
1673778404 170
1673778404 114
1673778404 117
1673778404 144
1673778405 154
1673778405 200
1673778406 138
1673778406 114
1673778406 143
1673778406 185
1673778407 134
1673778407 127
1673778407 170
1673778407 124
1673778408 117
1673778408 131
1673778409 156
1673778409 146
1673778409 181
1673778409 176
1673778409 131
1673778410 163
1673778410 156
1673778410 151
1673778411 181
1673778411 148
1673778411 144
1673778412 186
1673778412 149
1673778412 141
1673778412 115
1673778412 122
1673778413 187
1673778413 188
1673778413 183
1673778413 126
1673778414 149
1673778414 118
1673778414 115
1673778415 135
1673778416 139
1673778416 159
1673778417 119
1673778417 170
1673778417 178
1673778417 164
1673778418 122
1673778419 142
1673778419 198
1673778419 173
1673778419 157
1673778419 118
1673778419 172
1673778419 123
1673778420 184
1673778420 189
1673778420 199
1673778421 116
1673778421 200
1673778421 163
1673778421 150
1673778422 129
1673778422 162
1673778422 159
1673778423 182
1673778423 121
1673778423 127
1673778424 190
1673778426 142
1673778426 117
1673778426 124
1673778427 120
1673778428 194
1673778429 119
1673778429 198
1673778429 122
1673778430 125
1673778430 162
1673778430 101
1673778430 146
1673778430 175
1673778431 191
1673778431 182
1673778431 187
1673778432 106
1673778433 179
1673778433 186
1673778433 134
1673778433 177
1673778433 101
1673778434 102
1673778435 194
1673778435 175
1673778435 112
1673778435 102
1673778436 183
1673778436 159
1673778437 152
1673778437 113
1673778437 121
1673778437 122
1673778438 172
1673778439 128
1673778439 133
1673778440 182
1673778441 164
1673778441 137
1673778441 139
1673778441 116
1673778442 130
1673778442 163
1673778442 181
1673778442 181
1673778442 199
1673778442 165
1673778443 172
1673778443 125
1673778444 155
1673778444 154
1673778444 112
1673778444 130
1673778445 116
1673778445 127
1673778445 144
1673778446 128
1673778446 167
1673778447 178
1673778447 150
1673778447 102
1673778447 140
1673778447 153
1673778448 111
1673778448 191
1673778448 192
1673778449 104
1673778449 117
1673778449 129
1673778450 189
1673778450 135
1673778450 130
1673778450 126
1673778450 130
1673778451 173
1673778451 190
1673778451 157
1673778452 193
1673778452 145
1673778453 129
1673778453 189
1673778453 200
1673778454 148
1673778454 182
1673778454 128
1673778454 177
1673778455 130
1673778455 155
1673778455 172
1673778456 119
1673778457 103
1673778457 105
1673778457 141
1673778457 135
1673778458 162
1673778458 199
1673778458 101
1673778458 186
1673778461 146
1673778461 194
1673778462 129
1673778462 142
1673778462 173
1673778462 181
1673778463 184
1673778463 170
1673778464 146
1673778464 106
1673778464 121
1673778464 113
1673778464 200
1673778464 102
1673778465 168
1673778465 155
1673778465 167
1673778465 132
1673778465 191
1673778466 153
1673778466 153
1673778466 183
1673778467 111
1673778467 197
1673778467 130
1673778467 147
1673778467 101
1673778467 162
1673778467 111
1673778467 136
1673778468 180
1673778468 101
1673778468 111
1673778469 164
1673778469 188
1673778470 182
1673778470 172
1673778471 158
1673778471 171
1673778472 155
1673778472 177
1673778472 181
1673778472 167
1673778473 112
1673778473 154
1673778473 154
1673778473 108
1673778474 164
1673778475 157
1673778475 126
1673778475 125
1673778475 129
1673778476 135
1673778476 114
1673778477 116
1673778477 148
1673778478 166
1673778478 166
1673778478 108
1673778478 111
1673778479 117
1673778479 189
1673778480 194
1673778480 138
1673778480 144
1673778481 126
1673778481 155
1673778481 190
1673778481 149
1673778482 148
1673778482 128
1673778482 145
1673778482 106
1673778483 136
1673778483 196
1673778484 172
1673778484 151
1673778484 102
1673778484 182
1673778485 150
1673778485 189
1673778485 197
1673778486 161
1673778487 182
1673778487 105
1673778487 131
1673778488 139
1673778488 147
1673778488 183
1673778489 128
1673778489 104
1673778489 147
1673778489 173
1673778489 135
1673778490 143
1673778490 138
1673778490 134
1673778491 155
1673778491 177
1673778491 130
1673778492 134
1673778492 163
1673778492 200
1673778492 136
1673778492 103
1673778493 188
1673778494 123
1673778495 152
1673778495 170
1673778496 195
1673778496 130
1673778496 131
1673778497 194
1673778497 145
1673778497 134
1673778498 104
1673778498 123
1673778498 134
1673778498 164
1673778498 144
1673778498 118
1673778498 198
1673778499 126
1673778499 101
1673778499 145
1673778499 197
1673778499 106
1673778499 180
1673778500 185
1673778500 160
1673778500 170
1673778501 106
1673778501 109
1673778501 192
1673778502 131
1673778502 158
1673778503 153
1673778503 164
1673778503 149
1673778503 135
1673778505 110
1673778505 199
1673778506 187
1673778506 173
1673778507 119
1673778507 131
1673778508 101
1673778508 136
1673778508 123
1673778508 170
1673778508 174
1673778508 140
1673778508 109
1673778510 172
1673778510 122
1673778511 142
1673778511 180
1673778512 141
1673778512 187
1673778512 130
1673778513 105
1673778513 152
1673778513 107
1673778514 133
1673778515 129
1673778515 173
1673778515 122
1673778515 174
1673778515 163
1673778515 182
1673778515 114
1673778516 110
1673778516 120
1673778516 126
1673778517 133
1673778517 135
1673778518 165
1673778518 124
1673778518 123
1673778518 167
1673778519 162
1673778519 140
1673778519 133
1673778520 134
1673778520 158
1673778520 192
1673778520 191
1673778521 127
1673778521 164
1673778522 184
1673778523 135
1673778524 158
1673778525 133
1673778525 149
1673778526 185
1673778526 102
1673778526 164
1673778526 119
1673778527 184
1673778527 163
1673778527 111
1673778527 173
1673778527 179
1673778528 116
1673778528 200
1673778528 163
1673778528 124
1673778528 183
1673778528 162
1673778528 189
1673778528 114
1673778529 101
1673778529 146
1673778529 140
1673778530 118
1673778530 139
1673778530 197
1673778530 185
1673778531 169
1673778532 117
1673778532 107
1673778532 178
1673778532 134
1673778533 140
1673778533 128
1673778534 127
1673778534 119
1673778535 169
1673778535 169
1673778535 192
1673778536 140
1673778537 182
1673778537 138
1673778537 177
1673778538 180
1673778538 105
1673778539 184
1673778539 120
1673778539 174
1673778539 145
1673778540 188
1673778540 154
1673778540 180
1673778540 161
1673778540 118
1673778541 140
1673778541 103
1673778541 185
1673778542 133
1673778542 120
1673778542 145
1673778542 104
1673778543 110
1673778543 143
1673778544 199
1673778544 159
1673778544 174
1673778545 155
1673778545 197
1673778545 175
1673778545 107
1673778545 108
1673778545 122
1673778545 162
1673778545 181
1673778546 189
1673778546 169
1673778547 122
1673778547 115
1673778548 166
1673778548 189
1673778550 169
1673778551 108
1673778552 137
1673778552 133
1673778553 118
1673778554 104
1673778554 139
1673778554 178
1673778554 120
1673778554 107
1673778555 126
1673778555 111
1673778556 167
1673778558 147
1673778559 179
1673778560 183
1673778560 146
1673778562 156
1673778562 149
1673778563 125
1673778563 171
1673778564 188
1673778564 131
1673778564 145
1673778564 180
1673778565 148
1673778565 125
1673778566 181
1673778567 161
1673778567 173
1673778568 161
1673778568 173
1673778569 124
1673778569 133
1673778569 146
1673778569 171
1673778569 138
1673778569 190
1673778570 186
1673778570 136
1673778570 181
1673778570 130
1673778570 107
1673778570 194
1673778571 177
1673778571 148
1673778571 132
1673778571 127
1673778571 110
1673778572 190
1673778572 118
1673778572 108
1673778573 180
1673778574 135
1673778574 147
1673778575 169
1673778575 177
1673778576 193
1673778576 191
1673778577 153
1673778577 113
1673778577 138
1673778577 103
1673778578 196
1673778578 185
1673778579 176
1673778580 199
1673778580 121
1673778580 145
1673778580 108
1673778581 110
1673778581 117
1673778582 154
1673778582 120
1673778582 190
1673778583 154
1673778583 157
1673778583 157
1673778584 106
1673778584 174
1673778584 150
1673778584 124
1673778584 134
1673778584 162
1673778585 121
1673778585 180
1673778586 187
1673778586 140
1673778586 109
1673778586 104
1673778587 138
1673778588 195
1673778588 129
1673778589 158
1673778589 158
1673778589 171
1673778590 118
1673778590 167
1673778591 186
1673778591 148
1673778591 186
1673778591 135
1673778592 187
1673778592 171
1673778593 162
1673778593 129
1673778593 158
1673778593 117
1673778593 143
1673778593 121
1673778593 158
1673778594 118
1673778594 139
1673778595 195
1673778595 163
1673778595 101
1673778596 109
1673778596 107
1673778597 150
1673778597 192
1673778598 145
1673778598 108
1673778599 157
1673778599 109
1673778600 108
1673778600 115
1673778600 191
1673778601 169
1673778602 169
1673778603 163
1673778606 139
1673778606 102
1673778606 110
1673778606 153
1673778606 158
1673778607 111
1673778607 186
1673778609 191
1673778609 168
1673778609 127
1673778609 121
1673778609 199
1673778610 121
1673778611 190
1673778611 103
1673778611 152
1673778611 174
1673778611 127
1673778612 162
1673778612 192
1673778612 168
1673778613 149
1673778614 156
1673778615 109
1673778615 150
1673778615 114
1673778615 178
1673778615 165
1673778616 114
1673778617 193
1673778617 145
1673778617 174
1673778617 121
1673778617 142
1673778618 166
1673778618 139
1673778618 110
1673778619 131
1673778620 128
1673778620 127
1673778621 124
1673778621 128
1673778621 118
1673778622 148
1673778623 125
1673778624 105
1673778624 102
1673778624 104
1673778624 151
1673778624 188
1673778624 158
1673778625 194
1673778625 115
1673778625 141
1673778626 178
1673778627 152
1673778627 145
1673778627 158
1673778628 127
1673778628 164
1673778628 144
1673778629 192
1673778629 190
1673778629 121
1673778629 199
1673778629 130
1673778629 154
1673778630 144
1673778630 123
1673778630 177
1673778630 161
1673778631 182
1673778631 160
1673778632 197
1673778632 185
1673778632 153
1673778634 149
1673778634 103
1673778634 185
1673778634 165
1673778635 167
1673778635 163
1673778636 139
1673778636 179
1673778636 125
1673778636 142
1673778636 156
1673778637 163
1673778637 155
1673778637 191
1673778638 126
1673778638 146
1673778639 158
1673778639 179
1673778640 121
1673778640 117
1673778641 195
1673778642 129
1673778642 120
1673778643 166
1673778643 159
1673778644 187
1673778644 193
1673778644 174
1673778644 123
1673778645 184
1673778645 125
1673778645 123
1673778645 171
1673778646 181
1673778646 129
1673778646 194
1673778646 177
1673778647 177
1673778647 152
1673778647 135
1673778647 113
1673778647 135
1673778647 199
1673778648 125
1673778648 149
1673778649 132
1673778649 131
1673778649 105
1673778650 129
1673778650 180
1673778651 187
1673778651 171
1673778651 184
1673778651 162
1673778651 166
1673778652 127
1673778652 142
1673778652 117
1673778652 145
1673778653 197
1673778654 124
1673778654 159
1673778655 177
1673778656 154
1673778657 139
1673778657 172
1673778657 164
1673778658 111
1673778658 132
1673778658 199
1673778658 116
1673778658 164
1673778658 173
1673778659 151
1673778659 154
1673778659 196
1673778660 123
1673778661 110
1673778662 162
1673778662 162
1673778662 153
1673778662 171
1673778662 168
1673778663 157
1673778663 180
1673778663 197
1673778663 136
1673778664 158
1673778664 160
1673778664 113
1673778664 149
1673778664 180
1673778665 116
1673778665 187
1673778665 172
1673778666 150
1673778666 183
1673778666 154
1673778666 132
1673778667 190
1673778667 127
1673778667 154
1673778668 142
1673778668 129
1673778668 113
1673778668 184
1673778668 155
1673778669 128
1673778669 184
1673778669 139
1673778669 165
1673778669 151
1673778671 136
1673778671 161
1673778672 171
1673778672 118
1673778674 168
1673778674 119
1673778675 141
1673778675 193
1673778675 171
1673778676 172
1673778676 128
1673778677 150
1673778677 134
1673778678 159
1673778678 134
1673778679 200
1673778680 117
1673778681 191
1673778681 146
1673778682 107
1673778682 109
1673778682 143
1673778682 199
1673778683 197
1673778683 181
1673778683 131
1673778683 139
1673778684 106
1673778684 110
1673778684 131
1673778684 165
1673778685 180
1673778686 115
1673778686 130
1673778686 118
1673778687 165
1673778687 136
1673778688 112
1673778688 159
1673778689 137
1673778689 157
1673778689 123
1673778690 103
1673778690 154
1673778691 154
1673778691 175
1673778691 195
1673778691 187
1673778692 198
1673778692 114
1673778692 113
1673778692 139
1673778693 180
1673778693 123
1673778693 175
1673778693 137
1673778693 190
1673778694 111
1673778694 158
1673778694 153
1673778694 162
1673778694 106
1673778695 134
1673778695 151
1673778695 105
1673778695 117
1673778695 131
1673778695 109
1673778696 166
1673778697 115
1673778698 181
1673778699 129
1673778699 143
1673778699 197
1673778700 171
1673778700 165
1673778700 101
1673778701 147
1673778701 104
1673778701 105
1673778701 192
1673778703 121
1673778703 159
1673778703 119
1673778704 186
1673778704 151
1673778705 171
1673778705 148
1673778705 191
1673778706 110
1673778706 122
1673778706 114
1673778706 190
1673778706 157
1673778707 103
1673778708 103
1673778708 118
1673778708 174
1673778709 116
1673778710 125
1673778710 131
1673778711 186
1673778712 136
1673778712 120
1673778713 192
1673778713 191
1673778713 126
1673778714 177
1673778714 146
1673778714 115
1673778715 157
1673778715 107
1673778716 192
1673778716 111
1673778716 102
1673778718 181
1673778718 193
1673778718 177
1673778718 137
1673778719 184
1673778720 160
1673778720 174
1673778720 103
1673778720 130
1673778721 126
1673778721 127
1673778722 137
1673778722 198
1673778722 125
1673778723 124
1673778723 198
1673778724 189
1673778724 145
1673778725 170
1673778725 128
1673778726 161
1673778726 168
1673778726 135
1673778726 110
1673778727 142
1673778727 184
1673778727 140
1673778727 161
1673778728 102
1673778728 115
1673778728 191
1673778729 135
1673778729 113
1673778729 156
1673778730 125
1673778730 180
1673778731 185
1673778731 180
1673778731 134
1673778732 121
1673778732 111
1673778733 148
1673778733 167
1673778734 143
1673778735 194
1673778735 114
1673778736 126
1673778736 170
1673778736 182
1673778737 111
1673778738 122
1673778739 156
1673778739 141
1673778739 111
1673778739 121
1673778740 173
1673778740 133
1673778740 191
1673778740 151
1673778740 184
1673778741 126
1673778742 170
1673778742 190
1673778742 139
1673778742 144
1673778742 200
1673778742 161
1673778742 183
1673778742 169
1673778742 181
1673778743 137
1673778743 154
1673778744 119
1673778744 136
1673778744 182
1673778746 148
1673778747 117
1673778748 189
1673778748 113
1673778749 181
1673778749 117
1673778749 137
1673778750 154
1673778750 186
1673778750 106
1673778750 120
1673778751 153
1673778751 162
1673778751 153
1673778751 158
1673778752 178
1673778752 111
1673778752 140
1673778752 104
1673778752 122
1673778752 160
1673778752 109
1673778753 192
1673778753 186
1673778754 200
1673778754 189
1673778754 141
1673778755 197
1673778756 152
1673778756 147
1673778756 138
1673778756 161
1673778756 182
1673778757 142
1673778758 177
1673778758 101
1673778758 171
1673778759 110
1673778759 114
1673778760 101
1673778760 148
1673778760 152
1673778761 139
1673778761 159
1673778762 126
1673778762 110
1673778762 130
1673778762 101
1673778763 108
1673778763 166
1673778763 151
1673778763 179
1673778764 136
1673778764 113
1673778764 111
1673778765 149
1673778765 107
1673778766 143
1673778767 156
1673778768 117
1673778768 164
1673778768 102
1673778768 101
1673778768 166
1673778769 142
1673778769 175
1673778769 165
1673778769 200
1673778769 141
1673778769 104
1673778770 156
1673778770 113
1673778771 180
1673778771 194
1673778771 188
1673778771 136
1673778773 118
1673778773 115
1673778773 197
1673778773 158
1673778773 200
1673778773 171
1673778774 139
1673778774 183
1673778774 144
1673778776 182
1673778776 132
1673778776 175
1673778776 140
1673778777 162
1673778777 175
1673778777 110
1673778778 140
1673778779 133
1673778779 181
1673778779 154
1673778779 139
1673778780 134
1673778781 130
1673778781 151
1673778781 168
1673778781 186
1673778782 163
1673778782 188
1673778782 196
1673778782 166
1673778782 120
1673778782 174
1673778783 200
1673778784 141
1673778784 182
1673778784 140
1673778784 144
1673778785 136
1673778785 180
1673778785 123
1673778785 183
1673778785 103
1673778786 157
1673778786 189
1673778787 169
1673778788 133
1673778788 173
1673778788 177
1673778789 112
1673778789 167
1673778789 165
1673778789 195
1673778790 196
1673778790 175
1673778790 152
1673778790 184
1673778790 110
1673778790 197
1673778791 108
1673778791 160
1673778792 149
1673778792 197
1673778793 131
1673778793 173
1673778795 103
1673778795 126
1673778795 107
1673778795 191
1673778795 160
1673778796 110
1673778796 166
1673778796 127
1673778796 158
1673778796 158
1673778797 167
1673778797 154
1673778797 161
1673778798 116
1673778798 125
1673778798 181
1673778799 143
1673778800 107
1673778800 141
1673778800 159
1673778801 188
1673778802 164
1673778802 171
1673778802 150
1673778802 127
1673778803 115
1673778803 113
1673778803 169
1673778804 130
1673778804 102
1673778805 192
1673778805 181
1673778805 191
1673778805 138
1673778806 183
1673778806 132
1673778806 107
1673778806 130
1673778806 173
1673778807 104
1673778807 150
1673778807 165
1673778808 149
1673778810 150
1673778811 129
1673778811 132
1673778811 182
1673778812 135
1673778812 110
1673778812 132
1673778813 187
1673778814 133
1673778814 106
1673778814 135
1673778815 101
1673778815 113
1673778816 120
1673778816 115
1673778816 107
1673778817 179
1673778817 170
1673778818 186
1673778819 165
1673778819 186
1673778819 173
1673778819 165
1673778820 151
1673778820 122
1673778820 112
1673778820 182
1673778820 126
1673778821 167
1673778821 149
1673778821 109
1673778822 150
1673778822 151
1673778823 181
1673778823 159
1673778823 143
1673778824 167
1673778824 158
1673778824 126
1673778825 117
1673778825 151
1673778826 109
1673778826 168
1673778826 142
1673778827 122
1673778827 162
1673778827 154
1673778828 153
1673778828 118
1673778828 145
1673778828 190
1673778829 151
1673778829 168
1673778829 188
1673778829 145
1673778829 136
1673778830 154
1673778830 138
1673778831 134
1673778831 151
1673778831 113
1673778831 134
1673778832 178
1673778832 114
1673778833 191
1673778833 183
1673778833 130
1673778833 169
1673778834 143
1673778834 139
1673778835 140
1673778835 115
1673778835 175
1673778835 195
1673778836 141
1673778836 103
1673778837 185
1673778837 169
1673778838 121
1673778838 124
1673778838 145
1673778838 187
1673778838 137
1673778839 106
1673778839 107
1673778839 161
1673778840 104
1673778840 173
1673778840 196
1673778841 103
1673778841 193
1673778841 104
1673778841 163
1673778842 166
1673778842 144
1673778843 188
1673778843 195
1673778843 157
1673778844 190
1673778844 103
1673778844 197
1673778845 192
1673778845 144
1673778845 126
1673778845 131
1673778845 112
1673778845 172
1673778846 158
1673778846 109
1673778846 198
1673778847 185
1673778847 165
1673778847 200
1673778848 110
1673778849 169
1673778850 176
1673778850 150
1673778850 132
1673778850 182
1673778850 106
1673778851 127
1673778851 155
1673778851 145
1673778852 127
1673778852 129
1673778852 199
1673778853 190
1673778853 140
1673778853 172
1673778853 119
1673778854 163
1673778854 159
1673778854 175
1673778854 172
1673778854 144
1673778855 156
1673778855 189
1673778855 141
1673778855 158
1673778855 151
1673778856 142
1673778856 200
1673778856 150
1673778856 181
1673778857 116
1673778857 137
1673778857 173
1673778858 182
1673778858 176
1673778858 161
1673778858 160
1673778859 192
1673778860 178
1673778860 130
1673778861 139
1673778861 114
1673778861 110
1673778862 172
1673778863 180
1673778863 142
1673778865 185
1673778865 153
1673778865 136
1673778866 199
1673778866 115
1673778866 173
1673778866 165
1673778867 125
1673778867 161
1673778867 171
1673778868 184
1673778868 108
1673778868 188
1673778869 149
1673778869 197
1673778869 120
1673778870 130
1673778870 193
1673778870 165
1673778871 183
1673778871 110
1673778872 183
1673778873 135
1673778873 136
1673778874 164
1673778875 134
1673778875 171
1673778875 193
1673778876 117
1673778876 164
1673778877 128
1673778877 122
1673778877 186
1673778877 196
1673778877 182
1673778878 124
1673778878 177
1673778880 179
1673778880 200
1673778880 166
1673778880 111
1673778880 105
1673778881 199
1673778881 122
1673778881 188
1673778881 124
1673778882 144
1673778883 175
1673778884 165
1673778884 166
1673778884 107
1673778886 108
1673778887 184
1673778887 162
1673778887 108
1673778888 122
1673778889 114
1673778889 172
1673778889 105
1673778890 160
1673778890 121
1673778890 196
1673778890 141
1673778891 164
1673778891 194
1673778891 114
1673778891 183
1673778892 110
1673778892 177
1673778893 117
1673778893 188
1673778894 197
1673778894 164
1673778894 146
1673778895 107
1673778895 140
1673778895 131
1673778895 115
1673778896 164
1673778896 118
1673778896 190
1673778896 173
1673778897 123
1673778897 113
1673778897 101
1673778897 170
1673778898 148
1673778898 162
1673778898 101
1673778900 183
1673778900 146
1673778900 190
1673778900 157
1673778900 195
1673778901 133
1673778901 131
1673778901 196
1673778901 106
1673778901 154
1673778902 164
1673778902 168
1673778902 194
1673778903 134
1673778903 117
1673778903 198
1673778904 164
1673778904 126
1673778904 139
1673778904 199
1673778905 193
1673778906 154
1673778906 175
1673778906 121
1673778907 183
1673778907 183
1673778907 174
1673778907 173
1673778907 149
1673778908 130
1673778908 185
1673778909 167
1673778909 197
1673778909 149
1673778909 177
1673778910 173
1673778910 174
1673778910 149
1673778910 111
1673778910 125
1673778910 125
1673778911 131
1673778911 109
1673778911 161
1673778912 128
1673778912 178
1673778912 192
1673778912 193
1673778913 188
1673778915 107
1673778915 133
1673778915 135
1673778916 188
1673778916 175
1673778916 114
1673778916 103
1673778917 168
1673778918 154
1673778918 122
1673778919 177
1673778919 114
1673778920 120
1673778920 146
1673778920 155
1673778921 152
1673778921 141
1673778921 112
1673778921 106
1673778922 194
1673778922 135
1673778922 198
1673778922 130
1673778922 126
1673778922 165
1673778922 175
1673778922 142
1673778922 107
1673778922 121
1673778922 181
1673778923 200
1673778923 156
1673778923 123
1673778923 141
1673778923 130
1673778924 133
1673778924 195
1673778924 137
1673778924 176
1673778924 109
1673778925 181
1673778925 112
1673778925 180
1673778925 146
1673778925 108
1673778925 129
1673778925 163
1673778926 108
1673778926 115
1673778927 128
1673778927 165
1673778927 130
1673778927 177
1673778927 122
1673778927 178
1673778928 158
1673778928 104
1673778928 187
1673778928 194
1673778929 168
1673778930 169
1673778930 137
1673778930 139
1673778931 158
1673778931 107
1673778931 188
1673778931 190
1673778932 121
1673778932 112
1673778932 149
1673778932 177
1673778933 140
1673778934 126
1673778934 158
1673778934 156
1673778935 164
1673778935 151
1673778935 113
1673778935 142
1673778936 142
1673778937 111
1673778937 181
1673778938 108
1673778938 182
1673778938 156
1673778938 139
1673778939 142
1673778939 108
1673778939 185
1673778940 170
1673778940 171
1673778940 186
1673778941 168
1673778941 164
1673778941 149
1673778942 116
1673778942 111
1673778942 145
1673778942 121
1673778942 101
1673778942 190
1673778943 122
1673778943 189
1673778943 102
1673778943 163
1673778943 142
1673778944 170
1673778945 123
1673778946 154
1673778946 197
1673778947 141
1673778947 181
1673778947 142
1673778948 180
1673778948 160
1673778948 138
1673778949 138
1673778949 116
1673778950 146
1673778950 162
1673778951 200
1673778951 180
1673778951 143
1673778951 106
1673778952 161
1673778953 191
1673778954 200
1673778954 155
1673778954 105
1673778955 126
1673778955 101
1673778955 181
1673778955 140
1673778956 124
1673778956 183
1673778956 140
1673778957 185
1673778958 122
1673778958 105
1673778959 103
1673778959 129
1673778960 154
1673778960 120
1673778960 118
1673778961 195
1673778961 198
1673778962 164
1673778962 153
1673778963 162
1673778963 142
1673778964 110
1673778965 170
1673778965 181
1673778965 187
1673778965 151
1673778966 106
1673778966 128
1673778966 125
1673778966 150
1673778966 196
1673778966 192
1673778967 134
1673778967 198
1673778967 130
1673778967 175
1673778967 144
1673778967 195
1673778967 134
1673778967 168
1673778967 162
1673778968 193
1673778968 151
1673778968 163
1673778968 125
1673778968 150
1673778968 126
1673778969 149
1673778969 114
1673778969 173
1673778969 119
1673778969 127
1673778970 112
1673778970 172
1673778970 136
1673778970 124
1673778971 110
1673778971 163
1673778972 173
1673778972 169
1673778972 142
1673778972 124
1673778973 161
1673778973 166
1673778974 148
1673778974 191
1673778974 192
1673778974 174
1673778974 103
1673778974 163
1673778975 153
1673778975 165
1673778975 176
1673778976 197
1673778976 150
1673778976 183
1673778977 106
1673778977 118
1673778977 185
1673778978 185
1673778978 193
1673778978 149
1673778978 171
1673778978 153
1673778978 188
1673778978 129
1673778979 138
1673778979 105
1673778980 111
1673778980 144
1673778980 130
1673778981 177
1673778981 137
1673778981 192
1673778981 165
1673778982 104
1673778982 181
1673778982 176
1673778983 143
1673778983 147
1673778983 160
1673778983 125
1673778984 110
1673778984 139
1673778984 155
1673778984 125
1673778984 182
1673778985 119
1673778985 140
1673778985 165
1673778985 197
1673778985 185
1673778986 158
1673778986 144
1673778987 151
1673778987 111
1673778987 102
1673778987 189
1673778988 174
1673778988 197
1673778988 156
1673778988 177
1673778988 129
1673778988 132
1673778989 188
1673778989 193
1673778990 164
1673778990 173
1673778990 101
1673778991 153
1673778992 155
1673778992 124
1673778992 200
1673778993 132
1673778994 153
1673778994 125
1673778994 184
1673778995 167
1673778995 195
1673778996 197
1673778996 118
1673778997 106
1673778997 141
1673778997 167
1673778998 181
1673778998 178
1673778999 186
1673778999 148
1673779000 138
1673779000 173
1673779000 157
1673779000 182
1673779000 173
1673779001 124
1673779002 114
1673779002 150
1673779002 130
1673779002 119
1673779002 124
1673779002 138
1673779002 193
1673779003 145
1673779004 106
1673779005 162
1673779005 181
1673779005 121
1673779005 136
1673779006 177
1673779006 108
1673779006 117
1673779007 168
1673779007 126
1673779008 142
1673779008 168
1673779008 169
1673779009 152
1673779009 141
1673779009 196
1673779010 144
1673779010 122
1673779010 158
1673779011 189
1673779011 127
1673779011 123
1673779011 148
1673779011 188
1673779011 101
1673779012 160
1673779012 139
1673779012 197
1673779012 174
1673779012 103
1673779012 160
1673779012 137
1673779012 115
1673779013 101
1673779015 175
1673779015 117
1673779016 133
1673779016 167
1673779016 131
1673779017 101
1673779017 186
1673779017 175
1673779017 199
1673779018 114
1673779018 104
1673779018 159
1673779018 147
1673779019 192
1673779019 161
1673779021 104
1673779021 161
1673779022 153
1673779022 152
1673779022 144
1673779024 110
1673779024 121
1673779024 188
1673779025 144
1673779025 106
1673779025 172
1673779025 159
1673779025 177
1673779026 117
1673779027 127
1673779027 129
1673779027 189
1673779027 109
1673779028 102
1673779029 166
1673779029 160
1673779029 103
1673779029 139
1673779029 177
1673779030 132
1673779031 149
1673779031 150
1673779032 129
1673779033 123
1673779033 186
1673779033 102
1673779034 117
1673779034 166
1673779035 138
1673779035 127
1673779035 165
1673779035 176
1673779035 154
1673779036 129
1673779036 171
1673779036 181
1673779037 173
1673779037 149
1673779037 172
1673779037 127
1673779038 122
1673779039 120
1673779039 122
1673779040 122
1673779040 138
1673779041 144
1673779041 116
1673779042 171
1673779043 182
1673779043 192
1673779043 135
1673779044 191
1673779044 169
1673779044 140
1673779044 126
1673779045 123
1673779046 116
1673779046 141
1673779046 155
1673779046 178
1673779047 120
1673779047 161
1673779047 197
1673779047 194
1673779047 168
1673779047 111
1673779048 162
1673779048 182
1673779048 193
1673779048 111
1673779048 194
1673779048 130
1673779049 199
1673779049 125
1673779050 173
1673779050 145
1673779050 178
1673779051 158
1673779051 155
1673779051 153
1673779051 130
1673779052 169
1673779052 158
1673779053 108
1673779054 160
1673779055 104
1673779055 128
1673779055 144
1673779056 183
1673779056 173
1673779057 125
1673779057 123
1673779057 121
1673779057 129
1673779057 135
1673779058 104
1673779058 115
1673779059 107
1673779060 142
1673779061 143
1673779061 109
1673779062 197
1673779063 160
1673779064 188
1673779065 200
1673779066 165
1673779066 150
1673779066 157
1673779067 140
1673779067 141
1673779068 134
1673779068 163
1673779069 134
1673779069 161
1673779070 198
1673779070 161
1673779071 167
1673779072 111
1673779072 161
1673779072 104
1673779073 114
1673779073 182
1673779073 116
1673779073 129
1673779074 200
1673779075 160
1673779075 197
1673779075 127
1673779075 102
1673779076 156
1673779076 150
1673779076 171
1673779077 113
1673779077 168
1673779077 136
1673779078 127
1673779078 146
1673779078 177
1673779078 106
1673779079 178
1673779079 171
1673779079 161
1673779080 124
1673779080 147
1673779080 151
1673779081 155
1673779081 182
1673779081 155
1673779081 200
1673779082 148
1673779082 164
1673779082 116
1673779083 160
1673779083 174
1673779083 142
1673779083 121
1673779083 121
1673779083 185
1673779084 169
1673779085 164
1673779085 174
1673779085 189
1673779086 134
1673779086 145
1673779087 142
1673779087 185
1673779087 194
1673779087 141
1673779088 165
1673779088 129
1673779088 188
1673779089 191
1673779089 179
1673779089 123
1673779089 158
1673779090 132
1673779090 113
1673779090 173
1673779091 178
1673779091 107
1673779091 156
1673779091 195
1673779091 147
1673779091 126
1673779092 117
1673779092 138
1673779092 131
1673779092 127
1673779092 137
1673779093 125
1673779093 179
1673779093 141
1673779093 133
1673779093 145
1673779094 163
1673779095 133
1673779095 169
1673779095 111
1673779095 112
1673779096 144
1673779096 117
1673779097 171
1673779097 119
1673779097 167
1673779097 156
1673779097 123
1673779097 147
1673779098 113
1673779098 187
1673779099 148
1673779099 169
1673779099 162
1673779099 116
1673779100 121
1673779100 175
1673779100 146
1673779101 158
1673779102 142
1673779102 165
1673779102 178
1673779103 104
1673779104 127
1673779104 184
1673779104 118
1673779105 162
1673779105 155
1673779106 167
1673779106 179
1673779107 181
1673779107 146
1673779108 138
1673779108 180
1673779108 162
1673779108 140
1673779108 102
1673779108 175
1673779109 168
1673779109 162
1673779109 112
1673779110 115
1673779110 190
1673779110 131
1673779110 146
1673779110 154
1673779111 195
1673779111 184
1673779112 171
1673779112 182
1673779112 159
1673779112 105
1673779113 127
1673779114 159
1673779115 192
1673779116 129
1673779116 120
1673779116 181
1673779116 135
1673779117 188
1673779118 184
1673779118 145
1673779118 170
1673779119 153
1673779119 101
1673779119 185
1673779120 157
1673779121 127
1673779121 108
1673779121 137
1673779121 119
1673779123 186
1673779123 170
1673779123 186
1673779123 195
1673779124 102
1673779125 106
1673779125 194
1673779126 153
1673779126 152
1673779127 119
1673779127 164
1673779129 171
1673779129 126
1673779129 130
1673779130 197
1673779130 134
1673779130 160
1673779130 128
1673779130 112
1673779131 184
1673779131 170
1673779131 143
1673779131 104
1673779131 150
1673779131 111
1673779132 157
1673779133 157
1673779133 125
1673779134 104
1673779134 163
1673779135 115
1673779135 104
1673779136 163
1673779136 129
1673779136 133
1673779137 156
1673779137 134
1673779137 136
1673779137 117
1673779138 140
1673779138 167
1673779138 136
1673779139 132
1673779139 162
1673779139 115
1673779140 188
1673779140 141
1673779140 133
1673779140 118
1673779141 141
1673779141 102
1673779142 141
1673779142 160
1673779142 124
1673779143 162
1673779143 173
1673779144 190
1673779144 185
1673779144 168
1673779145 115
1673779146 149
1673779146 159
1673779146 168
1673779146 191
1673779146 185
1673779146 163
1673779146 164
1673779146 195
1673779146 148
1673779147 153
1673779147 127
1673779147 119
1673779148 140
1673779149 171
1673779149 116
1673779150 166
1673779150 139
1673779150 104
1673779151 169
1673779152 192
1673779152 168
1673779153 108
1673779153 107
1673779153 150
1673779153 175
1673779153 159
1673779153 113
1673779154 198
1673779155 116
1673779155 146
1673779155 165
1673779156 131
1673779157 160
1673779157 148
1673779157 190
1673779158 150
1673779158 140
1673779158 180
1673779158 170
1673779158 176
1673779159 172
1673779159 174
1673779159 109
1673779159 139
1673779160 102
1673779161 174
1673779161 181
1673779162 147
1673779162 130
1673779162 102
1673779163 168
1673779163 135
1673779163 163
1673779163 185
1673779163 134
1673779163 173
1673779164 118
1673779164 195
1673779164 184
1673779164 135
1673779165 165
1673779166 150
1673779166 130
1673779166 124
1673779166 109
1673779166 189
1673779167 159
1673779167 177
1673779167 182
1673779167 133
1673779167 154
1673779168 162
1673779169 152
1673779169 138
1673779170 130
1673779170 188
1673779171 125
1673779171 185
1673779172 115
1673779173 172
1673779173 127
1673779173 197
1673779173 126
1673779173 178
1673779173 195
1673779174 118
1673779174 140
1673779174 156
1673779175 108
1673779176 155
1673779176 159
1673779177 115
1673779178 187
1673779178 165
1673779179 179
1673779179 139
1673779179 124
1673779180 186
1673779180 119
1673779180 171
1673779180 196
1673779180 147
1673779181 129
1673779181 114
1673779182 116
1673779182 157
1673779182 176
1673779183 199
1673779183 180
1673779183 189
1673779184 159
1673779184 172
1673779184 119
1673779184 148
1673779185 133
1673779185 194
1673779185 176
1673779186 174
1673779187 152
1673779187 130
1673779189 108
1673779189 140
1673779189 161
1673779190 127
1673779191 137
1673779191 157
1673779191 140
1673779191 111
1673779192 140
1673779192 132
1673779192 107
1673779192 172
1673779192 163
1673779193 169
1673779193 169
1673779193 200
1673779193 156
1673779193 121
1673779194 159
1673779194 122
1673779194 138
1673779195 147
1673779195 171
1673779195 174
1673779195 187
1673779196 137
1673779197 159
1673779197 192
1673779199 177
1673779199 171
1673779199 182
1673779200 167
1673779200 153
1673779200 155
1673779200 176
1673779200 183
1673779201 132
1673779201 160
1673779201 161
1673779201 125
1673779202 173
1673779202 129
1673779202 105
1673779202 162
1673779202 123
1673779202 154
1673779203 145
1673779203 197
1673779203 181
1673779204 167
1673779205 103
1673779205 150
1673779205 172
1673779205 182
1673779206 116
1673779206 158
1673779206 159
1673779206 111
1673779207 170
1673779207 104
1673779207 148
1673779208 168
1673779208 123
1673779208 129
1673779208 200
1673779208 194
1673779208 169
1673779209 148
1673779209 178
1673779209 193
1673779210 193
1673779210 174
1673779211 155
1673779211 170
1673779212 126
1673779212 106
1673779212 129
1673779213 183
1673779213 126
1673779214 140
1673779214 103
1673779214 101
1673779214 156
1673779215 128
1673779216 109
1673779216 176
1673779216 134
1673779216 159
1673779218 103
1673779218 106
1673779218 164
1673779218 171
1673779218 113
1673779219 168
1673779221 153
1673779221 110
1673779221 163
1673779221 123
1673779222 189
1673779222 113
1673779222 141
1673779223 135
1673779223 188
1673779223 141
1673779224 125
1673779224 135
1673779224 195
1673779224 160
1673779224 196
1673779225 169
1673779226 153
1673779227 170
1673779227 185
1673779227 188
1673779227 199
1673779227 182
1673779228 169
1673779228 182
1673779229 152
1673779229 187
1673779230 164
1673779230 186
1673779231 108
1673779231 197
1673779232 139
1673779232 155
1673779233 146
1673779233 194
1673779234 155
1673779235 124
1673779235 125
1673779236 114
1673779236 144
1673779236 115
1673779237 152
1673779237 144
1673779237 126
1673779237 103
1673779237 125
1673779238 178
1673779238 194
1673779238 182
1673779238 112
1673779239 191
1673779239 187
1673779239 104
1673779239 169
1673779239 111
1673779239 189
1673779239 110
1673779240 119
1673779242 133
1673779242 126
1673779242 115
1673779242 194
1673779243 154
1673779243 151
1673779244 141
1673779245 168
1673779246 103
1673779246 179
1673779246 186
1673779246 133
1673779246 135
1673779246 192
1673779247 190
1673779247 143
1673779247 122
1673779248 125
1673779248 193
1673779248 152
1673779249 189
1673779249 159
1673779249 154
1673779249 169
1673779250 193
1673779250 109
1673779250 194
1673779250 102
1673779251 128
1673779251 104
1673779251 194
1673779251 160
1673779252 142
1673779253 144
1673779253 176
1673779253 154
1673779254 131
1673779254 141
1673779254 123
1673779255 164
1673779255 119
1673779256 197
1673779256 130
1673779256 186
1673779256 143
1673779256 133
1673779257 102
1673779257 141
1673779258 118
1673779259 149
1673779259 118
1673779260 104
1673779260 174
1673779260 130
1673779261 167
1673779261 127
1673779261 164
1673779262 120
1673779262 198
1673779262 135
1673779262 113
1673779263 173
1673779263 118
1673779263 119
1673779263 192
1673779264 187
1673779264 151
1673779264 165
1673779264 126
1673779264 167
1673779265 125
1673779266 157
1673779266 108
1673779266 152
1673779266 187
1673779266 107
1673779267 167
1673779267 132
1673779268 146
1673779268 150
1673779268 193
1673779268 107
1673779268 161
1673779269 200
1673779269 197
1673779269 186
1673779269 180
1673779269 198
1673779271 134
1673779271 127
1673779272 150
1673779272 145
1673779272 158
1673779273 186
1673779273 192
1673779273 102
1673779273 107
1673779273 119
1673779273 190
1673779274 108
1673779274 129
1673779274 142
1673779275 160
1673779275 165
1673779275 180
1673779275 117
1673779276 196
1673779277 175
1673779277 200
1673779277 189
1673779278 126
1673779278 113
1673779279 179
1673779279 129
1673779279 116
1673779280 120
1673779281 166
1673779281 125
1673779281 107
1673779281 190
1673779282 119
1673779282 169
1673779282 192
1673779282 131
1673779282 172
1673779283 130
1673779284 195
1673779284 139
1673779284 111
1673779284 165
1673779285 173
1673779285 153
1673779285 134
1673779285 102
1673779286 143
1673779286 160
1673779287 129
1673779288 175
1673779288 112
1673779288 105
1673779288 189
1673779289 145
1673779289 194
1673779289 179
1673779290 149
1673779290 135
1673779290 158
