1673776802 125
1673776805 177
1673776807 146
1673776808 178
1673776809 144
1673776810 104
1673776815 142
1673776816 123
1673776817 136
1673776817 151
1673776817 134
1673776818 152
1673776818 165
1673776821 150
1673776823 121
1673776824 165
1673776824 131
1673776825 107
1673776826 118
1673776826 103
1673776830 182
1673776831 159
1673776831 114
1673776833 139
1673776833 126
1673776834 195
1673776836 198
1673776836 106
1673776836 135
1673776838 187
1673776838 198
1673776838 151
1673776842 138
1673776844 146
1673776849 154
1673776849 113
1673776849 159
1673776851 158
1673776853 197
1673776853 155
1673776856 198
1673776857 150
1673776857 124
1673776860 101
1673776860 102
1673776860 156
1673776862 141
1673776862 150
1673776863 179
1673776863 117
1673776866 155
1673776866 123
1673776866 117
1673776867 115
1673776870 173
1673776871 193
1673776872 198
1673776872 183
1673776872 189
1673776873 184
1673776874 166
1673776875 166
1673776875 155
1673776876 122
1673776877 197
1673776877 126
1673776878 159
1673776879 110
1673776879 114
1673776879 171
1673776880 170
1673776882 132
1673776882 161
1673776882 141
1673776883 173
1673776884 171
1673776886 191
1673776886 132
1673776886 101
1673776887 109
1673776887 139
1673776888 128
1673776889 128
1673776890 164
1673776892 193
1673776897 140
1673776897 136
1673776897 128
1673776897 115
1673776897 108
1673776898 141
1673776899 180
1673776900 150
1673776900 120
1673776900 171
1673776900 118
1673776903 101
1673776903 123
1673776904 162
1673776906 163
1673776906 170
1673776907 135
1673776907 156
1673776907 157
1673776908 115
1673776909 172
1673776912 198
1673776917 139
1673776921 123
1673776922 173
1673776924 157
1673776925 155
1673776925 137
1673776925 182
1673776926 121
1673776927 105
1673776927 196
1673776927 141
1673776927 136
1673776927 175
1673776928 127
1673776928 142
1673776929 112
1673776929 147
1673776929 109
1673776929 188
1673776930 148
1673776930 175
1673776930 128
1673776931 112
1673776931 126
1673776932 114
1673776932 180
1673776933 125
1673776934 144
1673776935 192
1673776935 197
1673776936 193
1673776936 143
1673776936 175
1673776936 186
1673776937 161
1673776937 142
1673776937 143
1673776937 129
1673776937 134
1673776938 128
1673776939 196
1673776939 168
1673776939 138
1673776939 116
1673776940 170
1673776941 124
1673776941 154
1673776941 102
1673776942 137
1673776942 125
1673776944 126
1673776944 104
1673776945 179
1673776945 198
1673776945 163
1673776946 156
1673776946 170
1673776947 194
1673776949 101
1673776949 120
1673776949 155
1673776950 193
1673776950 172
1673776951 139
1673776952 180
1673776952 116
1673776952 181
1673776952 186
1673776952 175
1673776952 177
1673776953 135
1673776953 186
1673776953 174
1673776954 156
1673776954 177
1673776956 193
1673776956 174
1673776956 160
1673776956 109
1673776956 171
1673776956 137
1673776956 194
1673776956 134
1673776956 157
1673776957 198
1673776957 180
1673776957 104
1673776959 115
1673776960 186
1673776960 158
1673776960 187
1673776960 183
1673776961 190
1673776962 126
1673776963 159
1673776963 169
1673776964 133
1673776964 174
1673776965 119
1673776965 185
1673776965 128
1673776965 138
1673776965 140
1673776966 130
1673776966 114
1673776967 141
1673776967 138
1673776968 127
1673776968 174
1673776968 129
1673776969 197
1673776969 111
1673776969 122
1673776969 157
1673776971 155
1673776972 169
1673776972 146
1673776972 106
1673776972 174
1673776972 178
1673776973 186
1673776974 166
1673776975 156
1673776975 180
1673776975 118
1673776977 128
1673776977 174
1673776977 163
1673776977 174
1673776977 168
1673776977 191
1673776977 179
1673776979 165
1673776979 171
1673776979 154
1673776979 192
1673776980 177
1673776980 160
1673776980 172
1673776980 154
1673776980 147
1673776980 154
1673776981 165
1673776981 118
1673776983 194
1673776983 187
1673776983 199
1673776986 112
1673776987 153
1673776988 181
1673776988 143
1673776989 128
1673776990 130
1673776992 182
1673776992 182
1673776996 112
1673776997 136
1673776997 116
1673776997 134
1673776997 135
1673776998 177
1673776998 144
1673776999 198
1673777000 194
1673777001 174
1673777001 107
1673777001 163
1673777001 178
1673777001 136
1673777002 160
1673777004 117
1673777004 164
1673777005 155
1673777006 161
1673777006 102
1673777007 175
1673777008 155
1673777009 189
1673777009 152
1673777010 143
1673777010 131
1673777010 110
1673777011 165
1673777011 134
1673777012 139
1673777012 121
1673777012 160
1673777013 151
1673777013 190
1673777013 131
1673777014 114
1673777014 137
1673777014 108
1673777016 168
1673777016 151
1673777017 151
1673777017 159
1673777018 166
1673777018 172
1673777018 120
1673777018 143
1673777018 107
1673777019 159
1673777019 115
1673777019 120
1673777019 135
1673777020 119
1673777020 113
1673777022 143
1673777022 172
1673777022 199
1673777023 194
1673777024 151
1673777025 128
1673777025 146
1673777025 146
1673777025 142
1673777025 143
1673777025 155
1673777026 118
1673777026 155
1673777026 135
1673777027 155
1673777027 163
1673777027 166
1673777028 177
1673777028 120
1673777028 172
1673777028 182
1673777028 152
1673777028 109
1673777029 161
1673777029 180
1673777029 121
1673777030 144
1673777031 113
1673777031 116
1673777032 172
1673777032 150
1673777033 137
1673777033 125
1673777034 112
1673777034 112
1673777035 197
1673777035 180
1673777035 194
1673777036 152
1673777036 192
1673777036 182
1673777036 192
1673777036 191
1673777036 176
1673777037 134
1673777037 160
1673777037 137
1673777037 103
1673777038 198
1673777038 163
1673777038 112
1673777038 116
1673777038 157
1673777038 169
1673777038 161
1673777039 134
1673777040 131
1673777040 187
1673777041 176
1673777041 124
1673777041 157
1673777042 134
1673777042 116
1673777042 164
1673777042 149
1673777043 158
1673777043 157
1673777045 150
1673777045 125
1673777045 129
1673777045 195
1673777046 127
1673777046 169
1673777046 160
1673777046 146
1673777047 138
1673777047 166
1673777049 156
1673777049 101
1673777051 110
1673777051 101
1673777051 151
1673777051 151
1673777052 155
1673777053 161
1673777053 146
1673777053 186
1673777053 120
1673777053 140
1673777054 149
1673777054 134
1673777055 157
1673777055 127
1673777055 115
1673777056 152
1673777056 170
1673777056 153
1673777056 132
1673777056 145
1673777057 131
1673777057 158
1673777057 170
1673777058 154
1673777058 105
1673777059 124
1673777060 118
1673777060 162
1673777060 162
1673777060 175
1673777060 188
1673777061 143
1673777062 125
1673777062 134
1673777063 185
1673777064 101
1673777064 131
1673777064 128
1673777065 174
1673777066 123
1673777066 140
1673777067 148
1673777067 125
1673777067 137
1673777067 170
1673777068 122
1673777069 109
1673777069 121
1673777070 117
1673777070 129
1673777070 149
1673777070 151
1673777070 183
1673777070 138
1673777071 128
1673777072 187
1673777073 167
1673777074 153
1673777074 116
1673777075 139
1673777075 156
1673777075 112
1673777076 192
1673777077 181
1673777077 167
1673777077 169
1673777077 128
1673777077 143
1673777078 152
1673777079 113
1673777079 121
1673777080 143
1673777080 145
1673777080 150
1673777081 138
1673777081 184
1673777081 172
1673777082 136
1673777082 108
1673777082 113
1673777083 106
1673777084 183
1673777084 120
1673777084 117
1673777085 197
1673777085 102
1673777085 167
1673777085 133
1673777085 125
1673777085 148
1673777086 146
1673777086 149
1673777086 185
1673777086 145
1673777087 183
1673777087 127
1673777087 144
1673777087 143
1673777088 125
1673777088 155
1673777089 187
1673777089 102
1673777089 184
1673777090 125
1673777090 169
1673777090 150
1673777090 164
1673777090 131
1673777090 131
1673777090 105
1673777090 197
1673777091 180
1673777091 106
1673777092 196
1673777092 173
1673777093 138
1673777093 161
1673777095 145
1673777095 148
1673777096 111
1673777096 124
1673777096 188
1673777096 118
1673777097 127
1673777097 198
1673777098 113
1673777098 105
1673777098 192
1673777098 102
1673777098 131
1673777099 181
1673777099 111
1673777100 151
1673777100 103
1673777100 123
1673777101 115
1673777101 130
1673777101 192
1673777102 174
1673777102 162
1673777102 129
1673777103 112
1673777103 170
1673777103 135
1673777104 177
1673777106 121
1673777106 181
1673777107 149
1673777107 145
1673777107 126
1673777107 149
1673777108 165
1673777108 184
1673777108 145
1673777108 164
1673777108 136
1673777109 180
1673777109 107
1673777109 166
1673777109 140
1673777110 168
1673777110 116
1673777110 142
1673777111 124
1673777111 184
1673777111 101
1673777112 165
1673777113 199
1673777113 141
1673777113 187
1673777114 173
1673777114 199
1673777115 145
1673777115 107
1673777115 101
1673777115 190
1673777116 133
1673777116 134
1673777117 150
1673777117 200
1673777118 169
1673777118 158
1673777119 101
1673777120 104
1673777121 152
1673777122 136
1673777122 133
1673777123 110
1673777124 130
1673777124 104
1673777125 168
1673777125 142
1673777125 142
1673777126 152
1673777126 143
1673777126 146
1673777126 137
1673777127 187
1673777128 108
1673777128 181
1673777129 179
1673777129 128
1673777130 159
1673777130 177
1673777131 101
1673777132 161
1673777132 102
1673777132 140
1673777133 131
1673777133 151
1673777134 196
1673777134 169
1673777134 127
1673777134 198
1673777134 167
1673777134 124
1673777135 180
1673777135 194
1673777135 189
1673777135 126
1673777135 104
1673777136 107
1673777136 178
1673777137 191
1673777137 118
1673777137 117
1673777137 115
1673777137 179
1673777138 156
1673777138 116
1673777138 141
1673777138 159
1673777139 131
1673777139 143
1673777139 125
1673777139 133
1673777139 125
1673777140 128
1673777140 188
1673777141 176
1673777141 178
1673777141 155
1673777141 195
1673777141 133
1673777142 186
1673777142 140
1673777142 175
1673777142 181
1673777144 168
1673777144 132
1673777144 191
1673777145 158
1673777145 167
1673777145 189
1673777146 140
1673777146 115
1673777146 198
1673777146 175
1673777146 199
1673777147 146
1673777147 102
1673777148 138
1673777148 115
1673777148 110
1673777149 149
1673777149 200
1673777150 101
1673777150 110
1673777151 160
1673777151 141
1673777151 106
1673777152 104
1673777153 123
1673777153 104
1673777154 150
1673777154 124
1673777154 121
1673777155 102
1673777155 119
1673777155 155
1673777155 157
1673777155 111
1673777155 105
1673777155 150
1673777155 150
1673777155 165
1673777155 159
1673777156 126
1673777156 110
1673777156 135
1673777157 177
1673777157 168
1673777158 194
1673777158 183
1673777158 117
1673777159 108
1673777160 187
1673777160 165
1673777160 117
1673777161 133
1673777161 115
1673777161 128
1673777162 181
1673777162 107
1673777162 105
1673777163 169
1673777163 173
1673777163 122
1673777164 183
1673777164 172
1673777164 171
1673777165 193
1673777166 185
1673777166 107
1673777166 151
1673777166 105
1673777166 130
1673777167 181
1673777168 152
1673777168 162
1673777169 153
1673777169 135
1673777169 102
1673777171 154
1673777171 183
1673777171 183
1673777172 190
1673777173 125
1673777174 101
1673777174 194
1673777174 109
1673777174 169
1673777174 167
1673777174 181
1673777175 148
1673777175 152
1673777175 149
1673777176 113
1673777176 132
1673777176 200
1673777176 164
1673777176 187
1673777176 168
1673777177 150
1673777178 128
1673777178 199
1673777178 108
1673777178 120
1673777178 164
1673777178 196
1673777178 107
1673777178 172
1673777178 147
1673777178 183
1673777179 135
1673777179 126
1673777179 181
1673777180 126
1673777180 103
1673777180 105
1673777180 164
1673777181 114
1673777181 159
1673777181 153
1673777181 142
1673777182 169
1673777182 151
1673777182 188
1673777182 181
1673777182 121
1673777183 164
1673777183 149
1673777183 128
1673777183 121
1673777183 168
1673777183 175
1673777185 151
1673777185 196
1673777185 108
1673777185 158
1673777186 167
1673777187 158
1673777187 142
1673777189 179
1673777189 189
1673777190 179
1673777190 138
1673777190 162
1673777190 152
1673777190 104
1673777191 152
1673777191 121
1673777191 191
1673777191 176
1673777191 166
1673777193 126
1673777194 154
1673777194 186
1673777194 175
1673777194 168
1673777195 141
1673777195 145
1673777195 145
1673777195 170
1673777196 177
1673777196 121
1673777196 110
1673777196 180
1673777196 161
1673777196 172
1673777196 108
1673777197 179
1673777197 110
1673777198 176
1673777198 121
1673777198 147
1673777198 176
1673777198 128
1673777198 128
1673777198 159
1673777198 101
1673777198 175
1673777199 148
1673777200 145
1673777200 169
1673777200 158
1673777201 122
1673777201 104
1673777201 136
1673777202 126
1673777203 145
1673777203 111
1673777203 179
1673777203 170
1673777203 188
1673777204 104
1673777204 158
1673777205 185
1673777205 167
1673777205 126
1673777205 177
1673777205 158
1673777205 141
1673777205 130
1673777206 178
1673777206 160
1673777206 164
1673777206 161
1673777206 199
1673777206 129
1673777207 128
1673777207 195
1673777207 138
1673777207 178
1673777207 181
1673777207 155
1673777207 124
1673777208 172
1673777208 150
1673777208 164
1673777210 125
1673777210 172
1673777210 146
1673777211 171
1673777211 183
1673777211 134
1673777211 190
1673777212 117
1673777212 107
1673777213 116
1673777213 128
1673777214 174
1673777215 153
1673777215 168
1673777216 124
1673777216 132
1673777216 200
1673777216 153
1673777217 176
1673777218 192
1673777218 153
1673777218 103
1673777219 169
1673777219 146
1673777219 120
1673777219 127
1673777220 105
1673777220 190
1673777220 133
1673777220 163
1673777221 178
1673777221 120
1673777222 117
1673777222 144
1673777223 132
1673777224 158
1673777225 146
1673777226 162
1673777227 187
1673777227 118
1673777228 150
1673777229 134
1673777230 190
1673777230 189
1673777233 118
1673777233 181
1673777233 132
1673777233 150
1673777234 159
1673777234 172
1673777235 127
1673777236 126
1673777236 179
1673777236 178
1673777238 169
1673777238 146
1673777239 171
1673777239 121
1673777240 151
1673777241 169
1673777241 196
1673777241 108
1673777241 111
1673777242 187
1673777242 199
1673777243 165
1673777243 136
1673777244 199
1673777244 179
1673777247 196
1673777247 198
1673777248 116
1673777248 170
1673777249 149
1673777250 187
1673777250 159
1673777251 133
1673777252 165
1673777252 123
1673777253 125
1673777253 118
1673777253 173
1673777253 103
1673777254 144
1673777254 138
1673777255 115
1673777255 137
1673777255 176
1673777256 115
1673777256 126
1673777257 193
1673777257 146
1673777258 198
1673777258 196
1673777259 130
1673777259 199
1673777259 188
1673777259 121
1673777260 101
1673777260 129
1673777260 123
1673777261 116
1673777261 146
1673777262 146
1673777262 170
1673777263 175
1673777263 158
1673777263 145
1673777263 108
1673777263 134
1673777264 115
1673777264 188
1673777265 144
1673777265 103
1673777266 136
1673777266 180
1673777266 131
1673777266 133
1673777266 123
1673777267 172
1673777267 153
1673777268 136
1673777269 149
1673777270 125
1673777270 118
1673777271 143
1673777271 112
1673777271 177
1673777271 146
1673777272 172
1673777272 155
1673777273 114
1673777273 105
1673777273 171
1673777274 128
1673777274 115
1673777274 172
1673777274 138
1673777275 192
1673777275 102
1673777275 169
1673777275 160
1673777275 156
1673777276 139
1673777276 131
1673777277 102
1673777277 116
1673777277 131
1673777277 169
1673777277 142
1673777278 196
1673777278 134
1673777278 125
1673777279 156
1673777279 198
1673777280 110
1673777281 146
1673777281 135
1673777282 147
1673777282 128
1673777282 144
1673777283 105
1673777283 126
1673777284 116
1673777284 174
1673777284 181
1673777284 172
1673777285 165
1673777285 143
1673777285 194
1673777286 107
1673777286 146
1673777287 142
1673777287 147
1673777287 131
1673777287 139
1673777288 196
1673777288 174
1673777290 137
1673777290 190
1673777290 122
1673777290 153
1673777290 174
1673777291 198
1673777291 156
1673777291 173
1673777291 188
1673777291 196
1673777292 143
1673777292 133
1673777292 113
1673777293 101
1673777293 177
1673777293 109
1673777293 153
1673777293 199
1673777294 173
1673777294 108
1673777294 157
1673777295 165
1673777295 180
1673777296 184
1673777296 144
1673777296 157
1673777297 153
1673777297 127
1673777297 124
1673777297 183
1673777297 106
1673777298 103
1673777298 198
1673777299 175
1673777300 187
1673777301 158
1673777301 135
1673777301 133
1673777301 200
1673777301 159
1673777301 132
1673777302 133
1673777303 199
1673777303 121
1673777304 193
1673777305 166
1673777305 168
1673777305 170
1673777306 157
1673777306 193
1673777306 110
1673777307 196
1673777307 160
1673777308 101
1673777309 144
1673777309 153
1673777310 151
1673777310 115
1673777310 158
1673777311 198
1673777311 140
1673777311 150
1673777312 132
1673777312 132
1673777313 173
1673777313 124
1673777313 156
1673777313 165
1673777313 162
1673777313 177
1673777313 153
1673777314 187
1673777314 150
1673777315 129
1673777316 116
1673777316 108
1673777317 108
1673777317 162
1673777317 113
1673777318 170
1673777318 189
1673777319 195
1673777320 176
1673777320 185
1673777320 122
1673777320 192
1673777321 181
1673777321 123
1673777321 111
1673777321 193
1673777321 105
1673777322 197
1673777322 199
1673777323 191
1673777324 161
1673777324 147
1673777324 136
1673777324 104
1673777325 196
1673777325 152
1673777325 193
1673777325 134
1673777325 155
1673777326 199
1673777327 192
1673777327 185
1673777327 158
1673777327 147
1673777328 155
1673777328 180
1673777329 133
1673777329 140
1673777329 127
1673777330 188
1673777330 198
1673777330 163
1673777330 182
1673777331 146
1673777331 128
1673777332 125
1673777332 191
1673777332 181
1673777332 164
1673777332 109
1673777333 161
1673777334 167
1673777334 130
1673777334 123
1673777335 151
1673777335 112
1673777335 197
1673777335 109
1673777335 142
1673777336 170
1673777336 140
1673777336 164
1673777336 190
1673777336 139
1673777336 188
1673777337 181
1673777337 180
1673777337 110
1673777338 131
1673777338 125
1673777339 108
1673777339 158
1673777339 130
1673777339 155
1673777339 144
1673777339 188
1673777339 189
1673777340 131
1673777340 190
1673777340 106
1673777340 186
1673777340 149
1673777341 185
1673777341 189
1673777341 192
1673777342 137
1673777342 133
1673777342 156
1673777343 147
1673777343 138
1673777343 120
1673777343 199
1673777343 114
1673777344 158
1673777344 114
1673777344 183
1673777346 111
1673777346 161
1673777348 117
1673777360 176
1673777361 116
1673777361 125
1673777361 124
1673777362 124
1673777362 144
1673777362 190
1673777362 179
1673777362 158
1673777364 157
1673777364 126
1673777364 144
1673777365 101
1673777365 111
1673777365 136
1673777365 193
1673777365 132
1673777365 165
1673777366 148
1673777366 179
1673777366 130
1673777366 192
1673777367 110
1673777367 127
1673777368 158
1673777368 177
1673777368 169
1673777368 105
1673777368 176
1673777369 167
1673777369 160
1673777370 174
1673777370 149
1673777370 142
1673777370 147
1673777370 155
1673777370 110
1673777371 126
1673777371 172
1673777372 190
1673777373 118
1673777373 160
1673777373 187
1673777373 101
1673777374 173
1673777374 102
1673777375 114
1673777375 107
1673777375 183
1673777375 155
1673777376 164
1673777376 122
1673777376 184
1673777376 108
1673777376 174
1673777377 168
1673777377 186
1673777377 168
1673777377 158
1673777378 146
1673777378 171
1673777378 150
1673777378 109
1673777380 171
1673777380 193
1673777381 162
1673777381 131
1673777381 160
1673777381 159
1673777382 142
1673777382 192
1673777383 138
1673777383 184
1673777383 141
1673777384 187
1673777384 190
1673777384 149
1673777384 162
1673777385 126
1673777385 142
1673777385 195
1673777385 125
1673777386 142
1673777386 197
1673777386 140
1673777386 141
1673777386 193
1673777387 112
1673777387 164
1673777387 122
1673777387 104
1673777387 165
1673777388 132
1673777388 141
1673777388 142
1673777388 153
1673777389 170
1673777389 134
1673777389 141
1673777389 134
1673777390 134
1673777390 171
1673777390 150
1673777390 146
1673777391 184
1673777391 114
1673777394 153
1673777394 117
1673777394 185
1673777394 117
1673777394 193
1673777394 113
1673777396 120
1673777396 156
1673777396 195
1673777396 165
1673777397 165
1673777397 168
1673777397 174
1673777397 167
1673777397 112
1673777397 137
1673777398 152
1673777398 105
1673777398 110
1673777399 141
1673777399 130
1673777400 150
1673777400 163
1673777400 133
1673777400 126
1673777400 173
1673777401 128
1673777402 178
1673777402 154
1673777403 126
1673777403 103
1673777404 199
1673777405 146
1673777405 143
1673777405 113
1673777407 123
1673777407 114
1673777407 109
1673777407 167
1673777407 177
1673777407 142
1673777408 157
1673777408 199
1673777408 174
1673777408 141
1673777409 147
1673777410 142
1673777410 150
1673777410 199
1673777410 138
1673777410 142
1673777410 103
1673777411 187
1673777411 192
1673777413 139
1673777413 112
1673777413 187
1673777413 154
1673777413 151
1673777414 161
1673777414 112
1673777414 180
1673777414 187
1673777415 147
1673777416 189
1673777416 125
1673777416 186
1673777417 151
1673777417 157
1673777417 177
1673777417 152
1673777417 173
1673777418 128
1673777418 177
1673777418 135
1673777418 116
1673777418 191
1673777419 129
1673777419 176
1673777420 124
1673777420 177
1673777421 182
1673777422 144
1673777422 159
1673777422 122
1673777423 114
1673777423 108
1673777424 190
1673777424 135
1673777424 149
1673777424 198
1673777425 138
1673777425 164
1673777425 174
1673777425 129
1673777425 168
1673777425 118
1673777425 144
1673777425 160
1673777425 181
1673777426 153
1673777426 118
1673777426 109
1673777427 105
1673777427 169
1673777429 114
1673777429 124
1673777429 118
1673777430 178
1673777430 166
1673777431 148
1673777431 150
1673777431 108
1673777431 185
1673777432 101
1673777432 149
1673777433 120
1673777433 103
1673777433 142
1673777433 157
1673777434 122
1673777434 190
1673777434 119
1673777435 136
1673777435 101
1673777435 199
1673777435 160
1673777436 190
1673777436 155
1673777436 138
1673777436 146
1673777436 162
1673777436 115
1673777436 120
1673777437 165
1673777437 191
1673777437 188
1673777437 105
1673777437 135
1673777438 135
1673777439 122
1673777439 120
1673777439 149
1673777439 172
1673777439 179
1673777440 142
1673777440 104
1673777440 161
1673777440 138
1673777441 107
1673777441 160
1673777442 167
1673777442 161
1673777443 185
1673777443 181
1673777443 127
1673777443 174
1673777443 104
1673777444 152
1673777444 126
1673777444 116
1673777445 122
1673777445 123
1673777445 128
1673777446 141
1673777446 154
1673777446 161
1673777446 164
1673777446 133
1673777447 135
1673777447 117
1673777448 193
1673777448 194
1673777448 106
1673777448 102
1673777448 103
1673777448 157
1673777448 107
1673777449 122
1673777449 114
1673777449 122
1673777450 154
1673777450 112
1673777450 193
1673777450 109
1673777450 177
1673777451 177
1673777451 194
1673777451 194
1673777452 125
1673777452 142
1673777452 127
1673777452 166
1673777452 191
1673777452 131
1673777453 158
1673777453 130
1673777453 161
1673777454 183
1673777454 144
1673777454 119
1673777455 192
1673777456 169
1673777456 180
1673777456 176
1673777456 174
1673777456 189
1673777457 183
1673777458 101
1673777458 150
1673777459 173
1673777459 154
1673777459 115
1673777460 109
1673777460 129
1673777460 132
1673777461 118
1673777461 164
1673777461 119
1673777461 172
1673777462 141
1673777462 183
1673777462 174
1673777462 108
1673777462 186
1673777462 101
1673777463 138
1673777463 158
1673777464 103
1673777465 182
1673777466 193
1673777467 105
1673777468 140
1673777468 169
1673777469 176
1673777469 123
1673777469 169
1673777470 120
1673777470 110
1673777471 162
1673777471 153
1673777471 163
1673777472 176
1673777472 138
1673777473 119
1673777473 148
1673777473 119
1673777473 119
1673777474 109
1673777474 117
1673777475 179
1673777475 158
1673777475 132
1673777477 119
1673777477 198
1673777478 126
1673777478 150
1673777479 188
1673777479 137
1673777480 197
1673777480 198
1673777480 161
1673777480 182
1673777480 158
1673777481 151
1673777481 149
1673777481 158
1673777481 174
1673777482 157
1673777482 170
1673777482 164
1673777483 165
1673777483 134
1673777483 126
1673777483 153
1673777484 143
1673777484 172
1673777485 197
1673777485 107
1673777486 170
1673777486 190
1673777486 140
1673777487 175
1673777488 149
1673777488 155
1673777488 198
1673777488 112
1673777489 188
1673777490 115
1673777491 194
1673777491 150
1673777491 195
1673777491 186
1673777491 118
1673777492 135
1673777492 180
1673777492 108
1673777492 164
1673777492 118
1673777493 127
1673777493 168
1673777493 105
1673777494 186
1673777494 157
1673777494 174
1673777495 173
1673777495 103
1673777496 117
1673777496 139
1673777496 152
1673777497 127
1673777498 141
1673777498 109
1673777498 192
1673777498 158
1673777499 134
1673777499 149
1673777500 175
1673777500 199
1673777501 156
1673777502 199
1673777502 157
1673777502 182
1673777502 112
1673777502 195
1673777502 121
1673777502 143
1673777503 125
1673777504 198
1673777504 178
1673777504 128
1673777504 186
1673777505 184
1673777506 129
1673777506 192
1673777506 111
1673777506 136
1673777507 116
1673777507 141
1673777507 104
1673777508 162
1673777508 190
1673777509 128
1673777509 116
1673777509 103
1673777509 124
1673777510 173
1673777510 148
1673777511 116
1673777511 162
1673777511 134
1673777511 118
1673777512 147
1673777513 177
1673777513 110
1673777513 141
1673777514 132
1673777514 126
1673777515 184
1673777515 191
1673777516 158
1673777516 167
1673777516 139
1673777516 126
1673777517 180
1673777517 127
1673777517 195
1673777518 168
1673777518 101
1673777519 116
1673777519 101
1673777519 130
1673777520 143
1673777520 114
1673777520 144
1673777521 102
1673777522 106
1673777522 164
1673777522 131
1673777522 179
1673777522 176
1673777523 191
1673777523 186
1673777524 145
1673777524 131
1673777524 173
1673777524 136
1673777525 171
1673777525 130
1673777526 103
1673777526 122
1673777526 195
1673777527 145
1673777527 155
1673777528 154
1673777528 166
1673777528 123
1673777528 140
1673777528 184
1673777528 124
1673777528 200
1673777529 146
1673777530 169
1673777530 128
1673777530 143
1673777530 170
1673777531 191
1673777531 154
1673777531 171
1673777531 166
1673777532 105
1673777532 198
1673777532 148
1673777532 173
1673777533 109
1673777533 143
1673777534 138
1673777534 185
1673777534 128
1673777535 195
1673777535 144
1673777535 149
1673777535 163
1673777537 179
1673777537 186
1673777537 146
1673777537 143
1673777537 153
1673777537 175
1673777537 173
1673777538 157
1673777538 169
1673777538 116
1673777538 181
1673777538 191
1673777538 117
1673777539 179
1673777539 186
1673777540 166
1673777540 147
1673777540 197
1673777541 101
1673777542 181
1673777542 189
1673777543 118
1673777543 147
1673777544 114
1673777544 140
1673777545 162
1673777545 194
1673777545 154
1673777545 179
1673777545 105
1673777546 158
1673777547 112
1673777547 122
1673777547 131
1673777547 170
1673777548 176
1673777548 134
1673777548 197
1673777549 198
1673777550 199
1673777550 173
1673777550 101
1673777551 108
1673777551 114
1673777551 166
1673777552 146
1673777552 148
1673777552 189
1673777552 170
1673777553 150
1673777553 129
1673777553 188
1673777553 158
1673777554 154
1673777554 122
1673777554 117
1673777555 175
1673777555 181
1673777556 189
1673777556 132
1673777556 121
1673777556 132
1673777557 103
1673777557 172
1673777557 113
1673777557 169
1673777557 132
1673777558 109
1673777558 111
1673777558 161
1673777558 175
1673777558 179
1673777559 129
1673777559 155
1673777560 184
1673777560 142
1673777560 108
1673777560 161
1673777561 134
1673777561 185
1673777561 125
1673777561 165
1673777562 120
1673777562 168
1673777562 163
1673777562 136
1673777562 196
1673777562 124
1673777563 134
1673777564 143
1673777564 163
1673777564 110
1673777565 182
1673777565 195
1673777565 194
1673777565 153
1673777566 144
1673777566 147
1673777567 112
1673777567 176
1673777568 121
1673777568 123
1673777568 174
1673777569 135
1673777569 128
1673777569 157
1673777570 181
1673777570 141
1673777570 183
1673777570 105
1673777570 107
1673777570 136
1673777571 176
1673777571 128
1673777571 167
1673777572 151
1673777573 152
1673777573 107
1673777574 106
1673777575 128
1673777575 120
1673777575 151
1673777575 166
1673777575 138
1673777575 177
1673777575 192
1673777576 128
1673777576 118
1673777576 153
1673777576 127
1673777576 144
1673777577 130
1673777577 140
1673777577 124
1673777578 169
1673777578 126
1673777578 148
1673777579 102
1673777579 121
1673777579 168
1673777579 130
1673777579 138
1673777579 133
1673777580 105
1673777580 110
1673777580 199
1673777580 113
1673777580 117
1673777581 131
1673777582 147
1673777582 175
1673777582 185
1673777582 185
1673777582 183
1673777583 152
1673777583 170
1673777583 136
1673777584 172
1673777584 113
1673777585 101
1673777585 142
1673777585 159
1673777585 170
1673777585 185
1673777585 190
1673777586 161
1673777586 123
1673777586 163
1673777587 166
1673777587 177
1673777588 189
1673777588 123
1673777588 170
1673777588 182
1673777589 157
1673777589 149
1673777589 125
1673777589 152
1673777589 160
1673777590 126
1673777590 102
1673777590 148
1673777591 101
1673777592 168
1673777592 116
1673777593 101
1673777593 176
1673777594 161
1673777594 161
1673777594 157
1673777594 144
1673777594 166
1673777595 119
1673777595 200
1673777595 130
1673777595 153
1673777597 181
1673777597 102
1673777597 129
1673777597 194
1673777598 133
1673777598 138
1673777599 145
1673777599 174
1673777599 154
1673777600 130
1673777600 124
1673777600 103
1673777601 186
1673777601 116
1673777601 101
1673777601 121
1673777601 130
1673777601 117
1673777602 182
1673777602 122
1673777602 152
1673777602 105
1673777603 192
1673777603 123
1673777604 150
1673777604 176
1673777604 122
1673777604 164
1673777605 178
1673777605 141
1673777605 176
1673777606 153
1673777606 136
1673777606 122
1673777606 122
1673777607 174
1673777607 133
1673777608 165
1673777609 129
1673777609 171
1673777609 196
1673777610 164
1673777610 176
1673777610 198
1673777611 199
1673777611 175
1673777612 146
1673777613 119
1673777613 166
1673777614 198
1673777614 169
1673777614 168
1673777615 108
1673777615 110
1673777615 144
1673777616 122
1673777616 190
1673777616 162
1673777617 179
1673777617 159
1673777618 142
1673777618 117
1673777619 128
1673777619 105
1673777619 186
1673777619 184
1673777620 133
1673777620 123
1673777621 196
1673777621 190
1673777621 142
1673777622 134
1673777622 174
1673777622 155
1673777622 113
1673777623 105
1673777623 191
1673777623 116
1673777624 200
1673777624 181
1673777624 190
1673777625 161
1673777625 157
1673777625 191
1673777625 121
1673777625 173
1673777625 169
1673777626 129
1673777626 141
1673777626 162
1673777626 184
1673777627 181
1673777628 144
1673777628 155
1673777628 194
1673777629 142
1673777629 163
1673777629 129
1673777629 190
1673777630 119
1673777630 191
1673777630 118
1673777632 131
1673777632 111
1673777633 105
1673777633 160
1673777633 159
1673777633 115
1673777634 113
1673777634 102
1673777635 114
1673777635 113
1673777635 163
1673777635 190
1673777635 169
1673777635 171
1673777636 125
1673777636 142
1673777636 196
1673777636 198
1673777637 132
1673777637 135
1673777637 166
1673777637 141
1673777637 200
1673777638 185
1673777638 101
1673777638 146
1673777639 160
1673777640 154
1673777640 143
1673777640 134
1673777640 137
1673777641 154
1673777641 167
1673777641 177
1673777642 184
1673777642 112
1673777643 183
1673777643 114
1673777645 175
1673777645 139
1673777649 189
1673777649 119
1673777651 140
1673777651 113
1673777651 196
1673777652 127
1673777652 123
1673777652 127
1673777654 189
1673777655 186
1673777659 158
1673777660 199
1673777663 107
1673777663 148
1673777664 171
1673777665 138
1673777666 183
1673777669 107
1673777669 169
1673777670 150
1673777670 183
1673777670 155
1673777672 187
1673777673 190
1673777673 193
1673777673 102
1673777674 104
1673777674 113
1673777675 192
1673777676 179
1673777676 169
1673777677 170
1673777677 105
1673777678 125
1673777678 115
1673777681 185
1673777682 163
1673777683 176
1673777683 154
1673777684 121
1673777684 105
1673777685 181
1673777686 176
1673777687 162
1673777689 192
1673777690 110
1673777690 133
1673777691 190
1673777691 101
1673777692 197
1673777694 181
1673777694 120
1673777694 144
1673777696 179
1673777696 179
1673777696 114
1673777696 122
1673777696 133
1673777696 158
1673777697 184
1673777698 176
1673777698 167
1673777698 200
1673777699 106
1673777700 101
1673777701 134
1673777703 199
1673777703 114
1673777703 185
1673777704 135
1673777704 166
1673777704 107
1673777704 190
1673777705 130
1673777707 135
1673777707 114
1673777708 177
1673777708 182
1673777709 169
1673777711 101
1673777716 131
1673777716 141
1673777716 143
1673777716 111
1673777717 117
1673777718 156
1673777718 138
1673777718 103
1673777718 103
1673777719 151
1673777719 124
1673777719 195
1673777719 146
1673777719 122
1673777720 191
1673777720 163
1673777720 142
1673777721 118
1673777721 178
1673777721 113
1673777722 107
1673777723 114
1673777724 110
1673777724 163
1673777724 155
1673777724 102
1673777724 181
1673777724 109
1673777724 188
1673777725 127
1673777725 120
1673777725 107
1673777725 125
1673777725 183
1673777726 122
1673777726 117
1673777726 150
1673777727 149
1673777727 125
1673777727 131
1673777727 129
1673777728 186
1673777728 130
1673777728 128
1673777728 109
1673777728 138
1673777729 134
1673777730 152
1673777731 149
1673777731 141
1673777731 142
1673777731 113
1673777732 101
1673777732 142
1673777732 183
1673777732 181
1673777732 105
1673777733 200
1673777734 103
1673777734 175
1673777734 148
1673777735 141
1673777735 150
1673777735 189
1673777735 158
1673777736 149
1673777736 163
1673777737 147
1673777738 128
1673777738 173
1673777738 132
1673777739 134
1673777739 151
1673777739 147
1673777739 124
1673777739 196
1673777739 104
1673777739 182
1673777740 127
1673777740 127
1673777740 118
1673777741 129
1673777742 142
1673777743 196
1673777743 109
1673777743 118
1673777744 102
1673777744 189
1673777744 166
1673777746 183
1673777746 160
1673777747 186
1673777747 128
1673777747 168
1673777747 141
1673777747 186
1673777747 132
1673777748 121
1673777748 158
1673777749 158
1673777749 140
1673777749 133
1673777749 199
1673777750 120
1673777750 107
1673777750 158
1673777750 180
1673777750 187
1673777751 180
1673777752 101
1673777752 150
1673777752 150
1673777753 150
1673777753 102
1673777753 109
1673777753 131
1673777753 109
1673777753 103
1673777753 191
1673777754 122
1673777754 107
1673777754 187
1673777754 104
1673777755 178
1673777755 120
1673777755 159
1673777755 167
1673777755 191
1673777755 138
1673777755 113
1673777755 108
1673777756 133
1673777756 170
1673777757 114
1673777757 168
1673777758 146
1673777758 121
1673777758 141
1673777759 122
1673777759 107
1673777759 178
1673777760 154
1673777760 193
1673777760 197
1673777760 145
1673777760 141
1673777761 200
1673777761 139
1673777761 140
1673777762 147
1673777762 162
1673777763 187
1673777763 169
1673777763 111
1673777763 190
1673777775 105
1673777776 190
1673777779 160
1673777781 196
1673777782 164
1673777782 134
1673777784 138
1673777784 200
1673777785 112
1673777785 160
1673777786 115
1673777786 170
1673777787 120
1673777788 146
1673777791 185
1673777798 162
1673777802 144
1673777806 196
1673777807 195
1673777807 108
1673777807 112
1673777808 133
1673777808 145
1673777808 137
1673777810 156
1673777811 146
1673777811 122
1673777812 108
1673777812 187
1673777813 196
1673777813 134
1673777814 146
1673777814 190
1673777816 193
1673777818 170
1673777818 150
1673777818 120
1673777819 107
1673777820 118
1673777820 158
1673777821 179
1673777821 194
1673777832 173
1673777832 103
1673777833 119
1673777833 159
1673777833 104
1673777834 108
1673777834 119
1673777834 113
1673777836 200
1673777836 194
1673777837 141
1673777839 198
1673777839 132
1673777839 111
1673777840 162
1673777844 103
1673777844 161
1673777845 177
1673777845 186
1673777847 179
1673777848 162
1673777855 121
1673777857 148
1673777860 142
1673777860 149
1673777860 160
1673777866 160
1673777867 198
1673777867 184
1673777868 109
1673777868 126
1673777868 164
1673777869 184
1673777872 150
1673777873 158
1673777873 119
1673777873 142
1673777873 194
1673777874 150
1673777874 110
1673777874 192
1673777875 122
1673777875 183
1673777875 194
1673777876 112
1673777876 181
1673777880 162
1673777885 197
1673777902 118
1673777902 140
1673777902 192
1673777902 110
1673777903 107
1673777903 162
1673777904 121
1673777904 160
1673777905 197
1673777906 175
1673777908 148
1673777909 148
1673777909 121
1673777910 106
1673777910 111
1673777910 149
1673777912 112
1673777913 123
1673777914 121
1673777914 113
1673777914 136
1673777917 190
1673777917 139
1673777918 136
1673777920 183
1673777921 118
1673777924 172
1673777925 134
1673777925 192
1673777927 137
1673777927 169
1673777928 112
1673777930 137
1673777931 162
1673777933 104
1673777935 178
1673777936 197
1673777937 174
1673777937 110
1673777937 198
1673777937 180
1673777938 196
1673777938 152
1673777938 199
1673777938 180
1673777939 102
1673777939 107
1673777939 197
1673777940 159
1673777943 181
1673777943 153
1673777944 141
1673777944 180
1673777945 186
1673777945 171
1673777946 125
1673777947 175
1673777948 200
1673777950 149
1673777953 169
1673777954 191
1673777954 159
1673777955 130
1673777955 188
1673777957 128
1673777957 189
1673777957 134
1673777958 137
1673777958 149
1673777959 147
1673777960 168
1673777960 178
1673777961 105
1673777961 148
1673777963 133
1673777964 193
1673777964 128
1673777964 135
1673777965 108
1673777967 157
1673777967 182
1673777968 186
1673777969 135
1673777971 165
1673777972 102
1673777972 154
1673777973 179
1673777979 117
1673777981 159
1673777981 112
1673777981 114
1673777981 134
1673777982 145
1673777982 108
1673777986 127
1673777986 127
1673777987 142
1673777988 182
1673777991 154
1673777991 115
1673777999 138
1673778004 150
1673778005 104
1673778011 191
1673778011 152
1673778012 176
1673778012 136
1673778013 111
1673778013 195
1673778016 167
1673778016 135
1673778017 119
1673778018 178
1673778018 184
1673778018 116
1673778026 194
1673778027 138
1673778034 118
1673778034 131
1673778038 199
1673778038 200
1673778044 109
1673778048 125
1673778049 180
1673778049 168
1673778057 186
1673778057 140
1673778063 129
1673778064 115
1673778066 104
1673778067 158
1673778072 196
1673778072 182
1673778072 125
1673778075 183
1673778077 134
1673778079 107
1673778083 189
1673778084 114
1673778086 130
1673778086 161
1673778086 191
1673778094 138
1673778100 189
1673778100 195
1673778101 178
1673778102 109
1673778105 169
1673778107 171
1673778108 164
1673778119 168
1673778119 187
1673778119 152
1673778122 143
1673778122 116
1673778123 198
1673778124 101
1673778127 195
1673778129 159
1673778129 174
1673778130 163
1673778130 118
1673778131 155
1673778133 108
1673778133 125
1673778133 163
1673778133 155
1673778134 186
1673778138 143
1673778139 179
1673778139 194
1673778139 102
1673778141 154
1673778143 147
1673778147 189
1673778148 127
1673778155 103
1673778155 110
1673778157 141
1673778159 179
1673778160 153
1673778165 200
1673778168 173
1673778168 198
1673778169 152
1673778169 120
1673778169 145
1673778171 132
1673778171 137
1673778176 139
1673778177 148
1673778177 117
1673778179 117
1673778182 154
1673778188 113
1673778188 188
1673778189 185
1673778190 163
1673778194 192
1673778194 140
1673778197 153
1673778197 194
1673778198 103
1673778198 155
1673778198 155
1673778199 127
1673778199 119
1673778199 115
1673778199 165
1673778201 132
1673778201 134
1673778201 196
1673778203 177
1673778203 103
1673778204 193
1673778204 120
1673778204 117
1673778205 132
1673778205 128
1673778207 107
1673778207 113
1673778207 176
1673778208 195
1673778208 136
1673778208 133
1673778208 168
1673778208 142
1673778208 188
1673778209 146
1673778209 167
1673778210 103
1673778210 166
1673778211 169
1673778211 167
1673778213 176
1673778215 195
1673778215 177
1673778215 128
1673778218 138
1673778219 137
1673778221 157
1673778221 105
1673778221 122
1673778222 174
1673778222 146
1673778223 122
1673778223 117
1673778223 200
1673778223 125
1673778224 130
1673778224 154
1673778224 120
1673778225 195
1673778226 106
1673778227 164
1673778227 160
1673778228 121
1673778229 182
1673778229 110
1673778229 101
1673778229 122
1673778231 134
1673778231 199
1673778232 188
1673778233 143
1673778233 169
1673778234 154
1673778234 142
1673778235 185
1673778235 177
1673778235 164
1673778235 184
1673778235 131
1673778235 160
1673778236 112
1673778236 146
1673778236 105
1673778237 161
1673778237 199
1673778237 191
1673778238 189
1673778238 102
1673778238 138
1673778239 112
1673778239 152
1673778240 160
1673778240 194
1673778240 175
1673778241 193
1673778241 178
1673778242 125
1673778242 194
1673778243 156
1673778243 138
1673778244 104
1673778244 165
1673778244 197
1673778244 136
1673778245 146
1673778245 133
1673778245 185
1673778245 123
1673778245 195
1673778246 121
1673778246 140
1673778247 129
1673778247 133
1673778247 197
1673778247 148
1673778247 159
1673778247 166
1673778247 105
1673778248 126
1673778248 153
1673778249 109
1673778249 180
1673778249 118
1673778250 127
1673778250 112
1673778250 188
1673778250 197
1673778250 105
1673778251 192
1673778251 149
1673778251 112
1673778252 135
1673778253 168
1673778253 200
1673778253 169
1673778253 114
1673778254 187
1673778254 184
1673778254 106
1673778256 162
1673778256 142
1673778256 129
1673778256 104
1673778256 186
1673778257 159
1673778257 107
1673778257 152
1673778257 179
1673778258 124
1673778258 185
1673778258 106
1673778258 185
1673778259 148
1673778260 126
1673778260 193
1673778260 124
1673778260 185
1673778261 105
1673778261 195
1673778262 135
1673778262 135
1673778262 197
1673778264 118
1673778264 132
1673778265 119
1673778266 144
1673778266 191
1673778266 111
1673778266 146
1673778267 148
1673778268 163
1673778268 110
1673778268 150
1673778268 152
1673778268 183
1673778270 172
1673778270 107
1673778270 163
1673778271 165
1673778274 135
1673778274 107
1673778274 108
1673778275 198
1673778276 193
1673778276 144
1673778276 174
1673778276 187
1673778277 135
1673778277 140
1673778278 157
1673778279 186
1673778279 113
1673778279 191
1673778279 173
1673778280 188
1673778281 123
1673778283 122
1673778283 169
1673778283 180
1673778284 198
1673778285 143
1673778285 136
1673778285 110
1673778285 124
1673778285 194
1673778286 170
1673778286 170
1673778286 102
1673778287 164
1673778288 196
1673778288 117
1673778289 161
1673778289 131
1673778290 154
1673778291 119
1673778291 139
1673778292 126
1673778292 173
1673778292 137
1673778292 118
1673778293 199
1673778294 176
1673778295 161
1673778296 192
1673778296 116
1673778296 157
1673778296 168
1673778297 186
1673778297 169
1673778298 161
1673778298 196
1673778298 138
1673778299 185
1673778299 130
1673778299 152
1673778300 185
1673778300 127
1673778300 152
1673778301 184
1673778301 145
1673778301 183
1673778302 138
1673778302 190
1673778302 192
1673778303 181
1673778303 199
1673778303 130
1673778304 145
1673778304 124
1673778304 123
1673778305 188
1673778307 101
1673778308 151
1673778308 147
1673778308 143
1673778309 148
1673778309 170
1673778310 115
1673778310 136
1673778310 186
1673778311 130
1673778311 178
1673778311 112
1673778311 127
1673778311 103
1673778311 116
1673778311 163
1673778312 159
1673778312 106
1673778312 194
1673778312 198
1673778313 136
1673778313 168
1673778313 175
1673778314 169
1673778314 195
1673778314 111
1673778315 159
1673778315 124
1673778316 154
1673778316 110
1673778316 118
1673778316 159
1673778317 122
1673778317 164
1673778317 159
1673778317 185
1673778318 161
1673778319 101
1673778319 117
1673778320 199
1673778321 151
1673778321 125
1673778322 179
1673778322 108
1673778322 160
1673778323 198
1673778323 161
1673778323 182
1673778323 104
1673778323 157
1673778323 148
1673778324 161
1673778324 158
1673778324 114
1673778325 158
1673778326 183
1673778326 112
1673778326 133
1673778326 106
1673778326 193
1673778327 117
1673778327 111
1673778328 164
1673778328 139
1673778328 124
1673778328 122
1673778328 183
1673778329 176
1673778330 151
1673778330 130
1673778331 193
1673778331 196
1673778331 176
1673778331 159
1673778332 105
1673778332 111
1673778333 163
1673778333 180
1673778334 181
1673778334 125
1673778334 187
1673778334 154
1673778335 117
1673778335 108
1673778335 186
1673778336 114
1673778336 169
1673778338 112
1673778338 156
1673778338 123
1673778339 105
1673778339 109
1673778339 101
1673778340 111
1673778340 164
1673778340 198
1673778340 162
1673778341 191
1673778341 174
1673778341 147
1673778342 168
1673778342 167
1673778343 177
1673778343 125
1673778344 116
1673778345 115
1673778346 170
1673778347 118
1673778347 164
1673778347 198
1673778347 125
1673778347 125
1673778348 131
1673778348 200
1673778348 121
1673778349 169
1673778349 144
1673778349 161
1673778350 150
1673778350 144
1673778350 188
1673778351 154
1673778351 135
1673778351 177
1673778352 198
1673778353 169
1673778353 194
1673778353 177
1673778354 190
1673778355 117
1673778355 107
1673778356 187
1673778356 128
1673778356 189
1673778356 186
1673778357 196
1673778357 187
1673778357 140
1673778358 108
1673778359 167
1673778359 190
1673778359 121
1673778360 155
1673778360 169
1673778362 169
1673778362 104
1673778362 163
1673778362 134
1673778362 122
1673778362 167
1673778363 171
1673778364 169
1673778364 194
1673778365 139
1673778365 186
1673778365 148
1673778365 134
1673778365 124
1673778365 184
1673778366 149
1673778367 170
1673778367 138
1673778367 198
1673778368 136
1673778368 151
1673778368 144
1673778369 109
1673778369 145
1673778370 175
1673778370 123
1673778370 131
1673778370 145
1673778371 124
1673778371 104
1673778371 165
1673778372 165
1673778373 125
1673778373 106
1673778373 158
1673778373 187
1673778374 103
1673778374 154
1673778374 145
1673778374 118
1673778374 166
1673778375 116
1673778375 128
1673778376 139
1673778376 151
1673778376 116
1673778377 128
1673778378 167
1673778379 158
1673778379 132
1673778380 178
1673778380 112
1673778380 104
1673778381 187
1673778381 136
1673778381 123
1673778381 121
1673778381 136
1673778382 159
1673778382 137
1673778383 143
1673778383 174
1673778385 182
1673778386 164
1673778386 154
1673778387 125
1673778388 159
1673778388 148
1673778388 130
1673778388 194
1673778388 200
1673778388 142
1673778389 198
1673778389 185
1673778389 184
1673778389 129
1673778389 194
1673778389 193
1673778389 162
1673778389 173
1673778389 113
1673778390 124
1673778390 156
1673778390 144
1673778390 135
1673778390 187
1673778391 192
1673778392 132
1673778392 127
1673778392 187
1673778392 132
1673778392 150
1673778392 122
1673778393 136
1673778393 176
1673778393 127
1673778393 128
1673778394 145
1673778394 111
1673778394 166
1673778395 189
1673778395 111
1673778395 197
1673778395 169
1673778395 156
1673778396 110
1673778396 157
1673778396 190
1673778397 180
1673778397 106
1673778398 200
1673778399 133
1673778399 187
1673778400 136
1673778401 162
1673778401 162
1673778401 101
1673778402 151
1673778402 162
1673778402 153
1673778402 186
1673778403 118
1673778403 139
1673778403 191
1673778403 115
1673778403 137
1673778404 172
1673778404 189
1673778405 145
1673778405 170
1673778405 103
1673778405 152
1673778405 132
1673778405 150
1673778406 146
1673778406 197
1673778407 171
1673778407 145
1673778408 137
1673778408 184
1673778408 174
1673778409 115
1673778409 150
1673778410 135
1673778410 111
1673778410 171
1673778411 180
1673778411 115
1673778411 144
1673778412 149
1673778412 200
1673778412 167
1673778413 141
1673778414 192
1673778414 130
1673778414 153
1673778416 186
1673778416 183
1673778416 161
1673778416 193
1673778416 102
1673778416 184
1673778416 104
1673778417 165
1673778417 129
1673778417 152
1673778418 161
1673778418 191
1673778418 175
1673778419 117
1673778419 165
1673778420 134
1673778421 159
1673778422 102
1673778422 162
1673778423 169
1673778423 183
1673778423 131
1673778423 171
1673778423 125
1673778423 151
1673778424 103
1673778424 142
1673778425 145
1673778425 106
1673778425 182
1673778426 165
1673778426 192
1673778426 126
1673778427 154
1673778427 178
1673778427 198
1673778428 199
1673778428 128
1673778428 173
1673778429 110
1673778429 162
1673778430 199
1673778430 165
1673778430 154
1673778431 124
1673778431 163
1673778431 130
1673778431 104
1673778432 105
1673778432 120
1673778432 165
1673778433 191
1673778433 167
1673778433 186
1673778434 185
1673778435 172
1673778435 101
1673778435 103
1673778436 130
1673778436 157
1673778436 105
1673778437 156
1673778437 149
1673778437 148
1673778439 121
1673778439 164
1673778440 162
1673778440 130
1673778440 142
1673778440 109
1673778441 175
1673778441 120
1673778442 158
1673778443 167
1673778443 116
1673778443 137
1673778444 141
1673778444 179
1673778444 155
1673778445 110
1673778445 140
1673778445 131
1673778445 181
1673778445 166
1673778445 180
1673778445 136
1673778445 105
1673778446 117
1673778446 160
1673778446 135
1673778446 187
1673778446 115
1673778446 195
1673778446 183
1673778447 105
1673778447 184
1673778448 186
1673778448 146
1673778448 132
1673778449 114
1673778450 130
1673778450 183
1673778450 102
1673778450 180
1673778451 192
1673778451 138
1673778451 140
1673778452 131
1673778453 157
1673778453 193
1673778453 170
1673778454 126
1673778454 151
1673778455 151
1673778455 196
1673778455 163
1673778456 131
1673778456 118
1673778456 174
1673778457 127
1673778458 193
1673778458 153
1673778458 197
1673778458 139
1673778459 145
1673778459 145
1673778459 110
1673778459 101
1673778459 147
1673778459 101
1673778459 145
1673778460 169
1673778460 167
1673778461 149
1673778461 101
1673778462 135
1673778462 163
1673778462 117
1673778463 133
1673778463 115
1673778464 127
1673778464 187
1673778465 169
1673778465 153
1673778465 176
1673778465 150
1673778466 138
1673778466 191
1673778467 112
1673778468 171
1673778468 104
1673778469 181
1673778469 162
1673778469 116
1673778470 143
1673778470 196
1673778470 128
1673778471 133
1673778471 122
1673778473 165
1673778474 178
1673778475 116
1673778475 197
1673778475 155
1673778475 141
1673778476 167
1673778477 171
1673778478 174
1673778478 101
1673778478 131
1673778478 114
1673778479 118
1673778479 120
1673778479 128
1673778479 156
1673778479 104
1673778479 134
1673778479 141
1673778479 144
1673778481 108
1673778481 138
1673778482 162
1673778482 183
1673778482 133
1673778482 159
1673778483 151
1673778483 200
1673778483 175
1673778483 143
1673778483 143
1673778483 122
1673778484 103
1673778484 112
1673778485 120
1673778485 146
1673778485 106
1673778486 135
1673778486 131
1673778487 186
1673778487 145
1673778487 194
1673778487 134
1673778487 179
1673778488 156
1673778489 175
1673778489 112
1673778490 141
1673778490 142
1673778491 130
1673778493 200
1673778493 111
1673778494 117
1673778494 129
1673778494 157
1673778494 148
1673778494 139
1673778494 173
1673778494 141
1673778494 198
1673778494 182
1673778494 179
1673778495 165
1673778495 114
1673778495 160
1673778495 166
1673778495 140
1673778496 191
1673778496 105
1673778497 136
1673778497 128
1673778498 112
1673778499 192
1673778499 122
1673778499 174
1673778500 157
1673778500 144
1673778500 188
1673778500 131
1673778501 183
1673778501 159
1673778501 132
1673778501 198
1673778501 135
1673778501 190
1673778501 142
1673778501 173
1673778501 163
1673778502 110
1673778502 117
1673778502 156
1673778502 158
1673778503 170
1673778503 138
1673778504 118
1673778504 146
1673778504 162
1673778504 150
1673778505 182
1673778505 105
1673778505 101
1673778506 134
1673778506 147
1673778506 109
1673778506 168
1673778507 160
1673778507 134
1673778507 187
1673778507 164
1673778507 108
1673778507 171
1673778507 132
1673778507 112
1673778508 131
1673778508 156
1673778508 200
1673778509 140
1673778509 169
1673778509 105
1673778510 192
1673778510 155
1673778510 145
1673778510 167
1673778511 115
1673778511 166
1673778512 115
1673778512 134
1673778512 105
1673778513 154
1673778513 113
1673778513 141
1673778513 170
1673778513 151
1673778513 180
1673778513 109
1673778514 118
1673778514 116
1673778514 134
1673778514 126
1673778514 115
1673778515 139
1673778516 145
1673778516 186
1673778516 156
1673778516 156
1673778516 175
1673778516 160
1673778517 119
1673778517 110
1673778518 121
1673778519 149
1673778519 170
1673778519 154
1673778519 191
1673778520 114
1673778521 155
1673778521 140
1673778521 118
1673778521 170
1673778522 181
1673778522 113
1673778522 174
1673778522 174
1673778523 133
1673778523 187
1673778524 165
1673778524 199
1673778524 123
1673778524 121
1673778525 106
1673778525 102
1673778525 157
1673778525 181
1673778526 109
1673778527 104
1673778527 157
1673778527 187
1673778528 173
1673778528 156
1673778528 137
1673778530 168
1673778531 113
1673778531 132
1673778532 108
1673778532 132
1673778532 158
1673778532 105
1673778533 193
1673778533 182
1673778533 116
1673778533 146
1673778533 188
1673778533 127
1673778533 105
1673778533 141
1673778534 185
1673778534 122
1673778534 178
1673778534 186
1673778534 147
1673778534 146
1673778534 190
1673778534 125
1673778534 103
1673778535 109
1673778535 130
1673778535 180
1673778535 175
1673778535 159
1673778535 185
1673778536 177
1673778536 101
1673778536 104
1673778536 158
1673778537 198
1673778537 128
1673778537 140
1673778537 133
1673778538 134
1673778539 136
1673778539 180
1673778541 130
1673778541 142
1673778541 191
1673778542 102
1673778542 186
1673778542 175
1673778542 171
1673778542 164
1673778543 182
1673778543 197
1673778544 199
1673778544 165
1673778544 160
1673778544 170
1673778545 127
1673778545 198
1673778545 138
1673778546 186
1673778546 187
1673778547 121
1673778547 128
1673778547 176
1673778547 173
1673778547 142
1673778548 169
1673778548 123
1673778548 178
1673778549 109
1673778549 163
1673778550 117
1673778551 142
1673778551 150
1673778551 117
1673778551 198
1673778552 193
1673778552 140
1673778553 182
1673778553 136
1673778553 179
1673778554 175
1673778554 124
1673778554 169
1673778554 114
1673778554 128
1673778555 150
1673778555 129
1673778555 162
1673778555 117
1673778555 125
1673778555 114
1673778556 165
1673778556 147
1673778556 117
1673778556 137
1673778557 114
1673778558 196
1673778558 142
1673778559 129
1673778559 195
1673778560 161
1673778560 114
1673778560 110
1673778561 188
1673778562 177
1673778562 191
1673778563 165
1673778563 191
1673778563 120
1673778564 182
1673778565 101
1673778566 156
1673778566 180
1673778566 112
1673778567 107
1673778567 107
1673778568 120
1673778568 115
1673778568 102
1673778568 189
1673778568 159
1673778568 135
1673778569 104
1673778569 104
1673778570 155
1673778571 166
1673778571 139
1673778571 142
1673778572 197
1673778572 128
1673778572 119
1673778573 119
1673778573 145
1673778574 175
1673778575 169
1673778576 139
1673778576 184
1673778576 191
1673778576 170
1673778576 145
1673778576 120
1673778577 119
1673778577 102
1673778577 194
1673778578 133
1673778578 160
1673778578 144
1673778578 192
1673778579 133
1673778579 128
1673778580 143
1673778580 177
1673778581 106
1673778581 128
1673778581 199
1673778582 157
1673778582 129
1673778584 128
1673778585 147
1673778585 124
1673778585 134
1673778585 112
1673778586 134
1673778586 169
1673778586 131
1673778586 149
1673778586 145
1673778586 140
1673778587 178
1673778587 128
1673778587 197
1673778587 141
1673778587 104
1673778587 196
1673778588 137
1673778589 172
1673778589 150
1673778589 168
1673778589 182
1673778590 118
1673778590 119
1673778591 180
1673778591 177
1673778592 172
1673778592 107
1673778593 164
1673778593 182
1673778593 114
1673778593 133
1673778594 128
1673778594 136
1673778595 154
1673778595 163
1673778596 183
1673778596 118
1673778596 117
1673778597 159
1673778597 147
1673778597 123
1673778597 190
1673778598 169
1673778598 145
1673778598 106
1673778598 139
1673778599 126
1673778599 167
1673778599 172
1673778600 173
1673778600 134
1673778601 126
1673778601 174
1673778601 176
1673778602 169
1673778602 122
1673778602 171
1673778602 178
1673778603 160
1673778604 155
1673778604 164
1673778604 156
1673778604 164
1673778605 109
1673778605 174
1673778605 105
1673778605 180
1673778606 178
1673778606 169
1673778606 101
1673778606 106
1673778606 118
1673778606 197
1673778607 168
1673778607 140
1673778608 130
1673778608 155
1673778609 166
1673778609 191
1673778609 164
1673778609 165
1673778609 189
1673778610 123
1673778610 154
1673778611 186
1673778611 132
1673778611 140
1673778611 158
1673778611 161
1673778613 153
1673778613 164
1673778613 134
1673778613 111
1673778614 166
1673778614 129
1673778614 160
1673778614 129
1673778614 145
1673778615 161
1673778615 150
1673778615 180
1673778616 148
1673778616 126
1673778616 107
1673778617 123
1673778617 126
1673778617 193
1673778618 141
1673778618 165
1673778619 172
1673778619 149
1673778621 127
1673778621 148
1673778621 151
1673778622 116
1673778622 152
1673778622 168
1673778622 164
1673778623 187
1673778623 123
1673778624 134
1673778626 153
1673778626 188
1673778627 124
1673778627 117
1673778628 113
1673778628 149
1673778628 161
1673778628 140
1673778628 166
1673778628 163
1673778629 120
1673778629 162
1673778629 117
1673778629 101
1673778629 171
1673778629 118
1673778629 166
1673778630 123
1673778630 160
1673778630 114
1673778630 185
1673778631 169
1673778631 182
1673778631 129
1673778633 109
1673778634 163
1673778634 162
1673778634 128
1673778635 172
1673778635 117
1673778636 105
1673778636 155
1673778637 157
1673778638 127
1673778638 138
1673778638 188
1673778638 125
1673778639 108
1673778639 148
1673778639 174
1673778640 138
1673778641 129
1673778641 116
1673778641 130
1673778643 102
1673778643 112
1673778643 124
1673778644 157
1673778644 155
1673778644 185
1673778645 156
1673778645 180
1673778646 199
1673778646 187
1673778647 135
1673778649 190
1673778649 199
1673778650 200
1673778650 107
1673778650 151
1673778650 144
1673778650 111
1673778652 158
1673778652 179
1673778652 118
1673778652 182
1673778653 168
1673778653 124
1673778653 131
1673778653 136
1673778653 182
1673778653 160
1673778653 160
1673778654 164
1673778654 116
1673778654 129
1673778654 196
1673778654 117
1673778655 176
1673778655 114
1673778655 142
1673778656 200
1673778656 115
1673778656 139
1673778656 143
1673778656 168
1673778656 165
1673778657 128
1673778657 114
1673778658 191
1673778658 104
1673778658 146
1673778659 124
1673778660 180
1673778660 136
1673778660 173
1673778660 112
1673778660 129
1673778661 195
1673778661 111
1673778661 161
1673778661 115
1673778662 131
1673778662 161
1673778662 107
1673778663 109
1673778663 132
1673778664 168
1673778664 183
1673778664 180
1673778665 112
1673778665 194
1673778665 161
1673778666 156
1673778667 174
1673778668 163
1673778668 103
1673778668 108
1673778669 183
1673778670 120
1673778670 108
1673778671 125
1673778672 153
1673778673 141
1673778673 155
1673778673 184
1673778674 176
1673778674 110
1673778675 167
1673778675 161
1673778675 107
1673778676 200
1673778677 117
1673778677 108
1673778677 199
1673778677 110
1673778677 168
1673778678 146
1673778678 173
1673778678 105
1673778678 194
1673778678 163
1673778679 163
1673778679 176
1673778679 115
1673778679 168
1673778679 162
1673778679 173
1673778680 123
1673778680 148
1673778680 132
1673778680 133
1673778680 147
1673778680 104
1673778682 137
1673778682 136
1673778682 149
1673778683 130
1673778683 136
1673778684 125
1673778684 141
1673778684 137
1673778684 123
1673778684 122
1673778684 172
1673778685 113
1673778685 120
1673778686 159
1673778686 126
1673778686 177
1673778686 169
1673778686 120
1673778687 176
1673778687 118
1673778687 139
1673778687 102
1673778688 107
1673778688 200
1673778688 116
1673778688 145
1673778688 134
1673778689 136
1673778689 164
1673778690 195
1673778690 166
1673778690 172
1673778690 175
1673778690 196
1673778691 105
1673778691 188
1673778691 104
1673778692 160
1673778692 153
1673778692 140
1673778692 199
1673778693 106
1673778694 161
1673778694 115
1673778694 121
1673778694 174
1673778694 197
1673778696 159
1673778696 200
1673778696 121
1673778696 187
1673778696 117
1673778697 122
1673778697 141
1673778697 118
1673778698 186
1673778698 167
1673778698 165
1673778699 128
1673778699 117
1673778700 187
1673778700 199
1673778701 135
1673778701 175
1673778701 102
1673778702 169
1673778702 149
1673778702 109
1673778703 182
1673778703 194
1673778704 101
1673778704 162
1673778705 186
1673778705 147
1673778705 125
1673778705 170
1673778705 141
1673778706 145
1673778706 135
1673778706 163
1673778707 161
1673778707 142
1673778708 123
1673778708 172
1673778708 184
1673778709 131
1673778709 116
1673778709 158
1673778710 124
1673778710 174
1673778710 191
1673778710 186
1673778711 151
1673778711 195
1673778711 135
1673778711 155
1673778711 195
1673778711 147
1673778711 188
1673778711 149
1673778712 159
1673778712 171
1673778712 166
1673778712 104
1673778713 102
1673778713 123
1673778713 108
1673778713 116
1673778714 104
1673778715 191
1673778715 180
1673778716 109
1673778716 175
1673778716 143
1673778716 178
1673778716 188
1673778717 116
1673778717 121
1673778717 194
1673778717 161
1673778718 115
1673778719 186
1673778719 146
1673778719 138
1673778719 168
1673778719 128
1673778720 186
1673778720 186
1673778720 184
1673778721 122
1673778721 119
1673778721 126
1673778722 126
1673778722 133
1673778722 169
1673778722 135
1673778723 133
1673778723 163
1673778724 191
1673778724 117
1673778724 116
1673778724 156
1673778724 128
1673778725 103
1673778725 183
1673778727 145
1673778728 173
1673778728 101
1673778728 193
1673778729 113
1673778729 162
1673778729 161
1673778730 164
1673778730 171
1673778730 151
1673778731 172
1673778731 174
1673778731 127
1673778732 169
1673778732 180
1673778733 190
1673778733 128
1673778733 143
1673778733 178
1673778734 159
1673778734 198
1673778734 103
1673778735 118
1673778735 139
1673778736 111
1673778736 123
1673778737 191
1673778737 169
1673778737 151
1673778737 190
1673778737 200
1673778737 138
1673778738 138
1673778738 117
1673778738 164
1673778739 154
1673778739 134
1673778740 124
1673778740 145
1673778740 164
1673778740 188
1673778740 142
1673778740 143
1673778741 124
1673778741 141
1673778741 199
1673778741 134
1673778741 116
1673778741 136
1673778742 139
1673778742 125
1673778743 103
1673778744 198
1673778744 195
1673778745 128
1673778745 198
1673778745 110
1673778746 183
1673778746 168
1673778746 158
1673778746 137
1673778746 184
1673778747 101
1673778748 126
1673778748 164
1673778748 153
1673778748 126
1673778748 174
1673778749 119
1673778750 131
1673778750 130
1673778750 106
1673778750 163
1673778752 152
1673778752 136
1673778752 121
1673778752 131
1673778752 116
1673778752 144
1673778753 114
1673778753 156
1673778753 128
1673778753 141
1673778755 150
1673778755 105
1673778757 106
1673778757 155
1673778757 194
1673778757 121
1673778757 123
1673778758 106
1673778758 189
1673778759 198
1673778759 144
1673778760 143
1673778761 127
1673778762 106
1673778762 114
1673778762 118
1673778764 152
1673778764 186
1673778764 144
1673778764 184
1673778765 134
1673778766 118
1673778766 127
1673778767 190
1673778767 184
1673778767 184
1673778767 132
1673778768 123
1673778768 150
1673778768 129
1673778769 148
1673778769 167
1673778769 103
1673778769 176
1673778769 198
1673778769 189
1673778770 129
1673778770 136
1673778770 130
1673778771 172
1673778771 143
1673778771 120
1673778771 174
1673778771 133
1673778771 144
1673778772 170
1673778772 195
1673778772 106
1673778772 170
1673778772 156
1673778773 133
1673778773 149
1673778773 161
1673778773 163
1673778774 129
1673778774 197
1673778774 182
1673778774 127
1673778774 172
1673778775 196
1673778775 173
1673778775 187
1673778775 198
1673778775 178
1673778776 170
1673778776 122
1673778777 166
1673778777 178
1673778777 108
1673778777 192
1673778778 185
1673778779 195
1673778779 138
1673778780 119
1673778781 171
1673778781 175
1673778781 150
1673778781 172
1673778781 127
1673778783 170
1673778783 199
1673778783 179
1673778783 133
1673778784 113
1673778784 176
1673778784 110
1673778784 170
1673778785 142
1673778785 113
1673778785 140
1673778786 120
1673778786 163
1673778786 149
1673778786 108
1673778786 132
1673778786 133
1673778787 192
1673778787 145
1673778787 173
1673778787 138
1673778787 158
1673778789 171
1673778789 106
1673778789 190
1673778789 187
1673778789 120
1673778790 172
1673778790 123
1673778791 121
1673778791 131
1673778791 168
1673778791 116
1673778791 128
1673778792 152
1673778792 166
1673778792 163
1673778792 165
1673778792 195
1673778793 181
1673778794 103
1673778794 157
1673778794 113
1673778795 140
1673778795 103
1673778796 191
1673778796 141
1673778796 159
1673778797 126
1673778797 181
1673778798 165
1673778798 177
1673778798 123
1673778799 193
1673778799 196
1673778799 196
1673778800 192
1673778800 134
1673778800 172
1673778800 111
1673778801 118
1673778801 109
1673778802 174
1673778803 173
1673778803 146
1673778803 134
1673778803 181
1673778803 114
1673778803 107
1673778804 177
1673778804 196
1673778804 107
1673778804 121
1673778804 157
1673778805 146
1673778805 115
1673778805 198
1673778806 197
1673778806 145
1673778806 196
1673778806 111
1673778806 129
1673778807 156
1673778807 179
1673778808 198
1673778808 135
1673778808 200
1673778809 200
1673778809 191
1673778811 175
1673778811 126
1673778812 167
1673778813 118
1673778813 151
1673778813 192
1673778813 104
1673778815 197
1673778815 120
1673778815 200
1673778815 147
1673778816 141
1673778816 133
1673778818 134
1673778818 175
1673778818 141
1673778818 200
1673778818 161
1673778819 115
1673778820 117
1673778820 149
1673778820 116
1673778821 185
1673778821 195
1673778821 147
1673778821 107
1673778821 150
1673778822 142
1673778822 120
1673778822 162
1673778823 192
1673778824 166
1673778824 148
1673778825 193
1673778825 142
1673778825 129
1673778825 175
1673778825 114
1673778827 122
1673778827 108
1673778827 139
1673778827 119
1673778827 149
1673778827 198
1673778827 151
1673778828 196
1673778829 139
1673778830 146
1673778830 109
1673778830 197
1673778831 185
1673778831 170
1673778831 143
1673778831 173
1673778832 116
1673778832 130
1673778832 170
1673778832 154
1673778832 144
1673778832 134
1673778833 102
1673778833 155
1673778833 143
1673778834 145
1673778834 123
1673778834 172
1673778835 156
1673778836 160
1673778836 128
1673778836 158
1673778837 113
1673778837 166
1673778837 192
1673778837 162
1673778838 153
1673778838 137
1673778838 191
1673778839 115
1673778839 140
1673778839 149
1673778839 155
1673778839 194
1673778839 115
1673778839 125
1673778840 124
1673778840 198
1673778840 193
1673778840 115
1673778840 169
1673778840 187
1673778840 111
1673778840 122
1673778842 197
1673778842 127
1673778842 176
1673778842 125
1673778843 173
1673778843 122
1673778843 180
1673778843 152
1673778844 114
1673778844 157
1673778845 144
1673778845 151
1673778845 162
1673778846 194
1673778846 115
1673778847 128
1673778847 152
1673778847 174
1673778848 181
1673778848 132
1673778848 172
1673778848 127
1673778849 187
1673778849 120
1673778849 196
1673778849 184
1673778850 141
1673778850 168
1673778850 172
1673778851 185
1673778851 152
1673778851 184
1673778851 111
1673778851 114
1673778852 192
1673778852 156
1673778853 151
1673778853 146
1673778853 166
1673778853 106
1673778854 176
1673778855 183
1673778855 154
1673778856 197
1673778856 142
1673778856 177
1673778857 169
1673778857 177
1673778857 164
1673778857 108
1673778857 159
1673778857 121
1673778858 186
1673778858 175
1673778859 126
1673778859 161
1673778859 120
1673778860 188
1673778860 149
1673778861 164
1673778862 177
1673778863 168
1673778863 174
1673778863 172
1673778864 161
1673778864 173
1673778865 150
1673778865 167
1673778865 182
1673778865 177
1673778866 127
1673778866 198
1673778867 118
1673778868 154
1673778868 136
1673778868 190
1673778868 180
1673778868 110
1673778869 101
1673778869 172
1673778869 182
1673778869 148
1673778870 168
1673778870 156
1673778870 180
1673778870 155
1673778870 158
1673778871 146
1673778871 111
1673778873 175
1673778873 132
1673778873 165
1673778874 144
1673778874 185
1673778874 133
1673778874 181
1673778875 112
1673778875 124
1673778875 160
1673778875 118
1673778876 171
1673778876 173
1673778876 126
1673778876 169
1673778876 194
1673778876 132
1673778877 116
1673778877 137
1673778877 200
1673778877 104
1673778877 103
1673778878 192
1673778878 188
1673778879 196
1673778879 191
1673778879 169
1673778879 136
1673778879 200
1673778881 138
1673778882 111
1673778882 187
1673778882 181
1673778883 136
1673778884 165
1673778884 129
1673778885 152
1673778885 149
1673778886 154
1673778886 157
1673778886 114
1673778887 158
1673778887 171
1673778887 193
1673778887 110
1673778887 183
1673778888 185
1673778888 136
1673778889 136
1673778890 176
1673778891 163
1673778891 149
1673778892 194
1673778892 127
1673778893 117
1673778893 195
1673778894 107
1673778894 141
1673778894 163
1673778894 192
1673778895 103
1673778896 167
1673778896 198
1673778896 167
1673778897 190
1673778897 174
1673778897 108
1673778898 192
1673778898 166
1673778898 148
1673778899 137
1673778901 105
1673778902 108
1673778902 193
1673778902 191
1673778903 155
1673778903 104
1673778904 143
1673778904 170
1673778904 121
1673778904 133
1673778904 193
1673778904 103
1673778904 186
1673778905 122
1673778906 120
1673778906 165
1673778906 103
1673778906 165
1673778906 125
1673778906 158
1673778907 181
1673778907 179
1673778907 173
1673778908 181
1673778909 180
1673778909 105
1673778910 146
1673778910 192
1673778910 110
1673778910 189
1673778910 195
1673778910 138
1673778910 145
1673778910 195
1673778911 123
1673778911 139
1673778912 195
1673778913 175
1673778914 161
1673778914 155
1673778914 105
1673778915 102
1673778915 179
1673778916 139
1673778916 175
1673778916 186
1673778916 164
1673778916 133
1673778917 157
1673778917 162
1673778918 111
1673778918 165
1673778918 149
1673778918 131
1673778918 200
1673778919 157
1673778919 120
1673778919 119
1673778919 136
1673778920 136
1673778920 142
1673778921 195
1673778921 150
1673778921 199
1673778921 116
1673778921 107
1673778922 178
1673778922 192
1673778922 193
1673778923 198
1673778923 195
1673778923 197
1673778923 117
1673778923 125
1673778923 136
1673778924 166
1673778924 108
1673778924 184
1673778925 157
1673778927 142
1673778927 131
1673778927 161
1673778928 152
1673778928 122
1673778929 132
1673778929 198
1673778929 138
1673778929 142
1673778929 150
1673778930 163
1673778930 108
1673778930 166
1673778930 104
1673778931 181
1673778931 176
1673778931 165
1673778931 171
1673778932 135
1673778932 180
1673778932 144
1673778933 196
1673778933 176
1673778934 120
1673778934 126
1673778934 125
1673778934 154
1673778934 193
1673778934 185
1673778935 127
1673778935 135
1673778935 178
1673778936 172
1673778937 159
1673778937 128
1673778937 169
1673778937 120
1673778938 107
1673778938 176
1673778939 147
1673778939 105
1673778939 152
1673778939 146
1673778939 129
1673778940 191
1673778940 196
1673778940 109
1673778940 148
1673778940 154
1673778941 155
1673778941 123
1673778941 196
1673778941 176
1673778942 118
1673778943 151
1673778943 143
1673778943 162
1673778943 145
1673778944 153
1673778944 196
1673778944 146
1673778944 128
1673778945 183
1673778945 167
1673778945 180
1673778945 118
1673778945 181
1673778945 134
1673778946 169
1673778946 137
1673778946 150
1673778946 162
1673778947 147
1673778947 113
1673778947 168
1673778947 164
1673778948 110
1673778948 187
1673778948 133
1673778949 141
1673778949 172
1673778950 190
1673778950 136
1673778950 136
1673778950 125
1673778950 103
1673778950 196
1673778951 173
1673778951 191
1673778952 146
1673778952 171
1673778952 180
1673778953 175
1673778954 133
1673778955 102
1673778955 182
1673778955 133
1673778956 128
1673778957 142
1673778957 111
1673778958 109
1673778958 200
1673778958 165
1673778958 143
1673778958 123
1673778959 107
1673778959 120
1673778959 183
1673778959 185
1673778960 146
1673778961 182
1673778961 120
1673778961 140
1673778962 175
1673778963 159
1673778963 109
1673778963 168
1673778964 168
1673778964 185
1673778964 187
1673778966 150
1673778966 153
1673778966 180
1673778966 143
1673778967 126
1673778967 149
1673778967 127
1673778968 129
1673778968 156
1673778968 105
1673778969 153
1673778969 121
1673778970 136
1673778971 191
1673778971 156
1673778972 193
1673778972 152
1673778972 138
1673778972 182
1673778973 162
1673778973 157
1673778973 168
1673778973 157
1673778974 141
1673778974 150
1673778974 155
1673778974 117
1673778975 179
1673778975 150
1673778975 183
1673778976 190
1673778976 172
1673778976 145
1673778977 131
1673778977 147
1673778978 191
1673778978 111
1673778978 104
1673778979 136
1673778979 163
1673778979 160
1673778979 170
1673778979 173
1673778979 143
1673778979 165
1673778980 193
1673778980 144
1673778980 186
1673778980 118
1673778980 129
1673778980 139
1673778981 135
1673778982 171
1673778982 153
1673778982 136
1673778982 127
1673778982 167
1673778983 131
1673778983 120
1673778984 113
1673778984 174
1673778985 110
1673778986 131
1673778986 200
1673778986 188
1673778986 163
1673778986 162
1673778986 145
1673778987 142
1673778987 147
1673778987 113
1673778987 163
1673778987 150
1673778988 128
1673778989 112
1673778989 145
1673778990 119
1673778990 160
1673778990 164
1673778990 112
1673778991 128
1673778991 124
1673778991 110
1673778992 172
1673778992 174
1673778993 158
1673778993 175
1673778993 106
1673778993 107
1673778994 159
1673778994 164
1673778994 172
1673778994 111
1673778995 145
1673778995 195
1673778995 196
1673778995 150
1673778995 110
1673778996 136
1673778997 186
1673778997 128
1673778998 137
1673779000 195
1673779001 184
1673779001 125
1673779001 157
1673779002 137
1673779003 165
1673779003 181
1673779004 152
1673779004 123
1673779004 155
1673779004 193
1673779004 123
1673779004 123
1673779004 167
1673779005 166
1673779005 171
1673779005 146
1673779005 195
1673779005 174
1673779006 188
1673779006 170
1673779007 172
1673779007 119
1673779007 183
1673779007 124
1673779007 107
1673779007 171
1673779008 121
1673779009 189
1673779010 148
1673779010 153
1673779011 111
1673779011 125
1673779011 117
1673779012 105
1673779012 120
1673779012 170
1673779013 160
1673779013 138
1673779013 132
1673779013 174
1673779014 170
1673779014 127
1673779014 104
1673779015 156
1673779015 135
1673779015 138
1673779016 159
1673779016 127
1673779016 179
1673779017 152
1673779017 189
1673779017 111
1673779017 148
1673779017 153
1673779018 129
1673779018 156
1673779018 192
1673779019 144
1673779019 152
1673779019 164
1673779020 183
1673779020 183
1673779020 120
1673779020 183
1673779021 125
1673779021 156
1673779021 128
1673779021 131
1673779021 142
1673779022 181
1673779022 164
1673779022 198
1673779022 104
1673779022 164
1673779023 164
1673779023 142
1673779023 146
1673779023 141
1673779023 119
1673779024 192
1673779024 160
1673779025 179
1673779025 154
1673779026 115
1673779026 177
1673779026 193
1673779027 186
1673779027 172
1673779028 161
1673779028 117
1673779028 188
1673779030 198
1673779030 140
1673779031 155
1673779031 191
1673779031 106
1673779032 133
1673779032 145
1673779032 139
1673779032 177
1673779033 171
1673779033 176
1673779033 180
1673779034 153
1673779034 197
1673779034 146
1673779035 135
1673779035 182
1673779036 161
1673779036 176
1673779037 129
1673779037 154
1673779037 176
1673779038 129
1673779038 127
1673779039 161
1673779039 179
1673779040 145
1673779040 137
1673779040 197
1673779040 147
1673779041 139
1673779042 171
1673779042 182
1673779042 199
1673779043 126
1673779043 157
1673779044 152
1673779044 102
1673779045 163
1673779045 157
1673779047 139
1673779048 109
1673779048 178
1673779049 135
1673779049 107
1673779050 167
1673779050 143
1673779050 140
1673779050 144
1673779051 120
1673779051 142
1673779051 106
1673779051 136
1673779051 150
1673779051 155
1673779052 156
1673779052 107
1673779052 176
1673779052 193
1673779052 120
1673779053 145
1673779053 185
1673779053 142
1673779054 183
1673779054 119
1673779055 152
1673779055 176
1673779056 121
1673779057 164
1673779057 174
1673779057 177
1673779059 162
1673779059 104
1673779060 140
1673779060 138
1673779060 101
1673779060 153
1673779061 175
1673779061 117
1673779062 135
1673779062 112
1673779062 131
1673779062 173
1673779063 125
1673779063 114
1673779063 150
1673779063 162
1673779064 153
1673779065 129
1673779065 181
1673779065 101
1673779065 199
1673779066 191
1673779067 105
1673779067 140
1673779067 128
1673779068 168
1673779068 142
1673779069 123
1673779070 146
1673779070 138
1673779070 169
1673779070 184
1673779070 155
1673779071 156
1673779071 103
1673779071 146
1673779071 126
1673779072 152
1673779073 173
1673779073 187
1673779073 192
1673779073 158
1673779073 136
1673779073 162
1673779073 179
1673779074 161
1673779074 130
1673779074 113
1673779075 124
1673779075 104
1673779076 173
1673779077 127
1673779077 161
1673779077 162
1673779078 102
1673779078 154
1673779078 117
1673779079 156
1673779079 173
1673779080 146
1673779080 188
1673779080 170
1673779081 145
1673779081 192
1673779081 172
1673779081 182
1673779082 190
1673779082 197
1673779082 144
1673779083 148
1673779084 161
1673779084 163
1673779084 182
1673779085 189
1673779086 142
1673779086 106
1673779086 165
1673779086 160
1673779086 171
1673779086 139
1673779087 111
1673779087 182
1673779087 182
1673779088 129
1673779088 134
1673779088 123
1673779089 191
1673779089 126
1673779090 112
1673779090 140
1673779090 101
1673779090 195
1673779091 172
1673779091 184
1673779091 171
1673779091 115
1673779091 141
1673779092 139
1673779093 142
1673779093 156
1673779095 115
1673779096 101
1673779097 117
1673779097 142
1673779097 104
1673779097 128
1673779097 187
1673779098 175
1673779099 156
1673779100 190
1673779100 147
1673779100 167
1673779100 138
1673779102 109
1673779102 132
1673779102 191
1673779102 154
1673779103 166
1673779103 181
1673779103 129
1673779104 146
1673779104 177
1673779104 116
1673779104 157
1673779104 177
1673779105 135
1673779105 148
1673779106 147
1673779107 101
1673779107 125
1673779108 107
1673779108 168
1673779109 109
1673779110 121
1673779110 147
1673779110 132
1673779110 158
1673779110 114
1673779110 138
1673779110 122
1673779110 149
1673779110 152
1673779110 112
1673779111 109
1673779112 188
1673779112 169
1673779112 165
1673779112 124
1673779113 159
1673779113 111
1673779113 187
1673779114 194
1673779114 111
1673779114 141
1673779114 161
1673779115 159
1673779115 163
1673779115 185
1673779115 188
1673779116 132
1673779116 126
1673779116 179
1673779116 183
1673779116 114
1673779118 176
1673779118 159
1673779118 159
1673779118 126
1673779119 113
1673779119 161
1673779119 198
1673779120 157
1673779121 185
1673779121 199
1673779121 141
1673779122 159
1673779122 126
1673779123 156
1673779123 106
1673779124 120
1673779124 162
1673779124 144
1673779124 114
1673779125 159
1673779125 169
1673779125 106
1673779125 183
1673779126 172
1673779126 174
1673779127 199
1673779127 154
1673779129 196
1673779130 177
1673779130 181
1673779131 104
1673779132 196
1673779132 136
1673779133 125
1673779133 103
1673779133 171
1673779133 180
1673779134 111
1673779134 185
1673779134 159
1673779134 107
1673779135 165
1673779135 196
1673779136 169
1673779136 107
1673779137 155
1673779140 103
1673779140 174
1673779140 173
1673779141 197
1673779142 152
1673779142 170
1673779143 118
1673779143 108
1673779143 192
1673779144 129
1673779144 198
1673779144 117
1673779145 106
1673779146 132
1673779146 152
1673779147 144
1673779147 185
1673779147 155
1673779148 137
1673779148 183
1673779148 139
1673779148 193
1673779149 149
1673779149 133
1673779149 161
1673779150 121
1673779150 136
1673779150 110
1673779150 190
1673779151 160
1673779151 194
1673779151 191
1673779151 107
1673779152 194
1673779152 124
1673779152 122
1673779153 110
1673779154 105
1673779154 111
1673779154 121
1673779155 168
1673779156 120
1673779156 153
1673779156 159
1673779156 146
1673779156 146
1673779157 119
1673779157 173
1673779158 127
1673779158 188
1673779159 118
1673779159 106
1673779159 173
1673779160 171
1673779160 191
1673779160 179
1673779160 142
1673779161 152
1673779162 149
1673779162 138
1673779163 101
1673779163 106
1673779163 199
1673779164 114
1673779164 103
1673779164 176
1673779164 165
1673779165 163
1673779165 149
1673779165 125
1673779165 159
1673779166 162
1673779166 146
1673779166 126
1673779166 184
1673779166 115
1673779167 131
1673779167 114
1673779167 106
1673779167 123
1673779167 127
1673779167 106
1673779169 124
1673779170 140
1673779170 195
1673779170 173
1673779170 117
1673779170 183
1673779171 125
1673779171 199
1673779171 187
1673779171 131
1673779171 198
1673779172 142
1673779174 196
1673779174 190
1673779175 183
1673779175 199
1673779175 113
1673779175 131
1673779175 134
1673779176 178
1673779177 173
1673779177 138
1673779178 153
1673779178 153
1673779178 170
1673779179 108
1673779182 135
1673779182 144
1673779182 168
1673779182 174
1673779183 113
1673779183 162
1673779184 111
1673779185 139
1673779185 175
1673779185 104
1673779186 165
1673779186 116
1673779186 120
1673779186 113
1673779187 123
1673779187 154
1673779187 146
1673779187 187
1673779187 173
1673779187 125
1673779187 186
1673779188 171
1673779188 190
1673779189 138
1673779189 175
1673779189 188
1673779190 114
1673779190 156
1673779190 184
1673779190 136
1673779192 198
1673779192 174
1673779192 162
1673779192 155
1673779194 141
1673779194 133
1673779195 140
1673779195 190
1673779196 129
1673779196 151
1673779196 109
1673779196 102
1673779196 185
1673779198 181
1673779198 168
1673779198 171
1673779199 141
1673779199 134
1673779199 183
1673779201 142
1673779201 138
1673779201 107
1673779201 121
1673779202 148
1673779202 112
1673779202 110
1673779202 129
1673779202 196
1673779202 126
1673779203 144
1673779204 152
1673779204 125
1673779204 166
1673779204 121
1673779205 169
1673779205 179
1673779205 114
1673779206 105
1673779206 160
1673779207 139
1673779207 109
1673779207 171
1673779207 178
1673779207 122
1673779207 120
1673779207 108
1673779208 103
1673779208 125
1673779208 122
1673779208 122
1673779209 110
1673779209 105
1673779209 164
1673779209 183
1673779210 198
1673779210 162
1673779210 126
1673779210 161
1673779210 142
1673779211 161
1673779211 110
1673779211 153
1673779212 169
1673779212 150
1673779213 120
1673779214 182
1673779214 196
1673779214 125
1673779215 200
1673779215 174
1673779215 146
1673779216 189
1673779216 111
1673779216 153
1673779216 146
1673779217 145
1673779218 107
1673779218 141
1673779219 133
1673779219 124
1673779219 169
1673779219 152
1673779220 182
1673779221 192
1673779222 177
1673779222 148
1673779223 173
1673779224 184
1673779224 125
1673779224 170
1673779225 147
1673779226 108
1673779226 117
1673779226 155
1673779226 192
1673779227 155
1673779227 185
1673779227 110
1673779228 156
1673779228 182
1673779228 125
1673779228 109
1673779229 101
1673779229 130
1673779230 110
1673779230 128
1673779231 155
1673779231 170
1673779232 178
1673779232 186
1673779232 194
1673779232 105
1673779232 111
1673779232 154
1673779233 151
1673779233 127
1673779233 149
1673779233 200
1673779233 102
1673779233 110
1673779234 179
1673779234 102
1673779234 105
1673779234 171
1673779235 199
1673779236 117
1673779236 102
1673779236 175
1673779236 146
1673779237 187
1673779237 110
1673779237 154
1673779237 194
1673779238 105
1673779238 125
1673779239 193
1673779239 158
1673779239 140
1673779239 185
1673779239 147
1673779239 102
1673779240 159
1673779240 182
1673779241 118
1673779241 120
1673779241 150
1673779243 143
1673779243 155
1673779243 200
1673779244 167
1673779245 196
1673779245 129
1673779245 182
1673779245 123
1673779246 148
1673779246 153
1673779246 102
1673779246 118
1673779247 151
1673779247 113
1673779248 140
1673779248 142
1673779248 144
1673779250 181
1673779251 142
1673779251 175
1673779251 158
1673779251 189
1673779251 105
1673779252 130
1673779252 149
1673779253 190
1673779253 198
1673779253 124
1673779253 177
1673779253 112
1673779254 196
1673779254 132
1673779256 198
1673779256 182
1673779256 153
1673779256 147
1673779257 178
1673779257 140
1673779257 109
1673779257 160
1673779257 109
1673779258 192
1673779258 190
1673779259 169
1673779259 109
1673779260 193
1673779260 113
1673779261 145
1673779261 160
1673779261 169
1673779261 162
1673779261 146
1673779262 134
1673779263 108
1673779265 141
1673779265 161
1673779265 132
1673779266 171
1673779266 121
1673779266 156
1673779267 160
1673779267 184
1673779267 160
1673779268 125
1673779269 199
1673779269 193
1673779271 167
1673779272 120
1673779272 197
1673779272 192
1673779272 131
1673779273 192
1673779273 128
1673779274 137
1673779274 170
1673779274 138
1673779275 112
1673779275 163
1673779276 176
1673779276 189
1673779276 191
1673779277 130
1673779277 127
1673779277 132
1673779277 161
1673779278 200
1673779280 119
1673779280 153
1673779281 137
1673779281 143
1673779281 128
1673779281 192
1673779281 156
1673779282 107
1673779282 104
1673779282 182
1673779283 175
1673779284 119
1673779284 193
1673779284 101
1673779285 194
1673779285 144
1673779285 186
1673779286 107
1673779287 126
1673779288 103
1673779288 123
1673779288 135
1673779288 121
1673779289 105
1673779290 109
1673779290 115
1673779290 137
1673779290 108
