1673776803 144
1673776805 135
1673776806 150
1673776806 157
1673776806 196
1673776807 162
1673776807 189
1673776808 194
1673776810 130
1673776810 150
1673776810 137
1673776812 200
1673776813 152
1673776813 159
1673776816 133
1673776816 177
1673776816 147
1673776816 179
1673776817 114
1673776818 179
1673776818 123
1673776820 112
1673776820 125
1673776820 198
1673776821 179
1673776821 155
1673776823 110
1673776823 194
1673776823 120
1673776824 196
1673776824 167
1673776824 152
1673776826 111
1673776826 200
1673776827 190
1673776828 121
1673776829 132
1673776829 196
1673776829 129
1673776829 194
1673776832 156
1673776833 162
1673776834 138
1673776835 120
1673776835 124
1673776837 186
1673776837 186
1673776838 173
1673776838 127
1673776838 152
1673776838 118
1673776838 108
1673776841 170
1673776844 115
1673776844 167
1673776844 134
1673776844 107
1673776848 163
1673776849 121
1673776849 129
1673776852 116
1673776853 119
1673776853 120
1673776856 114
1673776856 102
1673776858 150
1673776859 102
1673776861 143
1673776861 119
1673776863 189
1673776863 133
1673776863 104
1673776864 182
1673776867 190
1673776867 130
1673776867 102
1673776871 109
1673776871 190
1673776872 112
1673776872 110
1673776873 156
1673776876 163
1673776877 191
1673776877 177
1673776877 171
1673776879 126
1673776881 173
1673776882 129
1673776882 152
1673776882 157
1673776883 125
1673776885 107
1673776886 178
1673776886 109
1673776887 111
1673776888 112
1673776888 192
1673776889 148
1673776889 143
1673776889 192
1673776890 130
1673776890 195
1673776890 194
1673776891 183
1673776891 107
1673776892 138
1673776892 168
1673776892 166
1673776896 104
1673776897 169
1673776897 155
1673776898 138
1673776899 189
1673776899 176
1673776899 103
1673776900 115
1673776900 159
1673776901 136
1673776901 179
1673776902 189
1673776903 160
1673776904 185
1673776904 175
1673776904 130
1673776904 114
1673776907 106
1673776907 156
1673776907 189
1673776907 152
1673776907 101
1673776907 190
1673776915 136
1673776915 145
1673776917 144
1673776920 182
1673776920 195
1673776921 112
1673776922 107
1673776922 114
1673776922 155
1673776923 160
1673776923 125
1673776924 138
1673776924 125
1673776924 189
1673776925 172
1673776925 182
1673776925 135
1673776926 129
1673776926 109
1673776927 138
1673776927 107
1673776927 101
1673776927 189
1673776927 147
1673776928 102
1673776928 131
1673776929 129
1673776929 136
1673776929 155
1673776929 128
1673776929 159
1673776929 146
1673776929 103
1673776930 180
1673776930 146
1673776931 181
1673776932 160
1673776933 130
1673776933 118
1673776933 181
1673776933 103
1673776934 180
1673776934 187
1673776935 159
1673776935 128
1673776935 120
1673776935 147
1673776935 198
1673776936 144
1673776937 156
1673776937 121
1673776938 141
1673776939 151
1673776939 194
1673776939 101
1673776939 118
1673776939 152
1673776940 168
1673776941 126
1673776942 144
1673776942 112
1673776943 131
1673776943 167
1673776943 115
1673776943 143
1673776945 188
1673776946 141
1673776947 142
1673776947 117
1673776948 161
1673776949 115
1673776950 125
1673776951 186
1673776951 130
1673776952 134
1673776953 154
1673776953 182
1673776953 121
1673776954 120
1673776954 119
1673776954 178
1673776954 115
1673776955 195
1673776955 110
1673776955 132
1673776956 188
1673776956 165
1673776957 128
1673776958 151
1673776958 117
1673776958 181
1673776958 166
1673776959 123
1673776959 150
1673776959 146
1673776959 147
1673776959 144
1673776959 127
1673776960 165
1673776960 121
1673776960 140
1673776961 117
1673776961 136
1673776962 151
1673776963 124
1673776963 115
1673776964 197
1673776965 164
1673776965 189
1673776965 192
1673776966 146
1673776966 189
1673776967 123
1673776967 144
1673776967 163
1673776968 132
1673776968 183
1673776968 200
1673776969 111
1673776969 178
1673776970 182
1673776970 187
1673776970 116
1673776971 193
1673776971 177
1673776971 173
1673776972 183
1673776972 115
1673776973 101
1673776973 178
1673776973 118
1673776974 150
1673776974 103
1673776974 188
1673776975 159
1673776976 191
1673776977 118
1673776977 184
1673776978 124
1673776978 147
1673776979 156
1673776979 103
1673776979 163
1673776980 141
1673776981 158
1673776981 185
1673776982 199
1673776982 116
1673776983 199
1673776985 146
1673776986 107
1673776986 196
1673776986 178
1673776987 110
1673776987 170
1673776988 194
1673776988 120
1673776988 110
1673776989 181
1673776990 153
1673776990 105
1673776991 174
1673776991 115
1673776992 173
1673776992 111
1673776993 106
1673776993 195
1673776995 146
1673776995 148
1673776996 147
1673776998 130
1673776999 123
1673776999 153
1673777000 170
1673777000 163
1673777001 152
1673777001 168
1673777002 155
1673777003 133
1673777003 107
1673777003 105
1673777003 153
1673777004 111
1673777004 125
1673777005 173
1673777005 128
1673777005 120
1673777007 160
1673777010 147
1673777011 112
1673777012 160
1673777012 181
1673777013 117
1673777013 196
1673777013 188
1673777014 165
1673777014 187
1673777015 119
1673777015 139
1673777016 143
1673777017 165
1673777017 141
1673777018 110
1673777018 181
1673777018 150
1673777018 143
1673777020 149
1673777020 110
1673777022 132
1673777022 135
1673777022 168
1673777023 180
1673777023 104
1673777024 173
1673777024 170
1673777025 173
1673777025 108
1673777025 200
1673777025 173
1673777026 137
1673777026 113
1673777026 195
1673777027 188
1673777027 117
1673777028 135
1673777028 180
1673777028 115
1673777028 184
1673777028 176
1673777029 124
1673777029 105
1673777030 114
1673777030 126
1673777030 115
1673777030 129
1673777030 200
1673777031 110
1673777031 129
1673777031 119
1673777031 160
1673777032 124
1673777032 119
1673777032 137
1673777032 143
1673777033 141
1673777033 199
1673777033 183
1673777033 125
1673777033 111
1673777034 160
1673777034 189
1673777034 180
1673777035 131
1673777035 173
1673777035 164
1673777035 116
1673777035 190
1673777035 122
1673777037 190
1673777037 111
1673777038 141
1673777038 150
1673777038 133
1673777038 149
1673777039 113
1673777039 190
1673777039 194
1673777039 133
1673777040 188
1673777040 175
1673777041 173
1673777041 186
1673777041 140
1673777041 129
1673777041 151
1673777041 174
1673777041 198
1673777042 183
1673777042 108
1673777043 136
1673777044 136
1673777044 120
1673777044 130
1673777044 141
1673777045 144
1673777045 154
1673777046 156
1673777046 196
1673777046 103
1673777047 199
1673777048 141
1673777048 110
1673777048 180
1673777048 109
1673777048 142
1673777048 190
1673777048 135
1673777049 195
1673777049 177
1673777049 115
1673777049 105
1673777049 184
1673777050 154
1673777050 152
1673777051 188
1673777051 164
1673777052 151
1673777052 186
1673777052 111
1673777052 168
1673777053 103
1673777053 172
1673777054 148
1673777055 164
1673777055 151
1673777055 194
1673777056 101
1673777056 179
1673777056 148
1673777057 143
1673777057 168
1673777058 163
1673777058 108
1673777058 163
1673777058 103
1673777059 127
1673777059 158
1673777059 158
1673777059 149
1673777059 157
1673777060 143
1673777061 125
1673777061 150
1673777061 170
1673777062 161
1673777062 141
1673777062 137
1673777062 123
1673777063 147
1673777063 125
1673777063 127
1673777064 176
1673777064 171
1673777065 174
1673777065 168
1673777065 152
1673777066 131
1673777067 197
1673777067 113
1673777067 126
1673777068 110
1673777068 161
1673777068 115
1673777069 164
1673777069 144
1673777070 158
1673777070 192
1673777070 165
1673777071 186
1673777071 194
1673777071 180
1673777072 178
1673777072 144
1673777072 169
1673777072 159
1673777072 130
1673777072 185
1673777073 165
1673777073 110
1673777073 110
1673777073 189
1673777073 119
1673777073 156
1673777074 166
1673777074 168
1673777075 142
1673777075 116
1673777076 157
1673777076 186
1673777076 108
1673777077 169
1673777077 124
1673777077 125
1673777077 116
1673777077 138
1673777077 129
1673777077 156
1673777078 192
1673777079 164
1673777079 138
1673777080 179
1673777080 111
1673777081 138
1673777081 119
1673777082 128
1673777082 171
1673777082 200
1673777083 113
1673777083 162
1673777084 133
1673777084 161
1673777084 104
1673777085 138
1673777085 188
1673777085 155
1673777085 185
1673777086 121
1673777086 169
1673777086 176
1673777086 136
1673777087 197
1673777087 120
1673777087 128
1673777087 143
1673777087 150
1673777088 111
1673777088 137
1673777089 169
1673777089 165
1673777089 199
1673777089 126
1673777090 104
1673777091 195
1673777091 106
1673777092 196
1673777092 116
1673777092 136
1673777092 190
1673777092 103
1673777092 122
1673777092 185
1673777093 170
1673777094 186
1673777094 183
1673777094 179
1673777095 194
1673777095 150
1673777096 194
1673777096 149
1673777096 187
1673777096 183
1673777097 193
1673777097 115
1673777097 110
1673777097 154
1673777098 199
1673777098 163
1673777099 122
1673777099 138
1673777100 192
1673777101 148
1673777101 121
1673777101 163
1673777102 106
1673777102 106
1673777102 173
1673777102 135
1673777103 141
1673777103 139
1673777103 175
1673777104 123
1673777104 160
1673777106 115
1673777107 113
1673777107 124
1673777108 102
1673777108 160
1673777108 157
1673777108 176
1673777108 195
1673777108 184
1673777108 183
1673777109 197
1673777109 114
1673777110 132
1673777110 159
1673777110 142
1673777110 113
1673777110 109
1673777111 135
1673777111 127
1673777111 154
1673777111 124
1673777112 120
1673777112 171
1673777112 169
1673777112 168
1673777112 184
1673777113 116
1673777113 106
1673777113 150
1673777114 129
1673777114 174
1673777114 133
1673777114 159
1673777114 169
1673777114 128
1673777114 179
1673777115 140
1673777115 103
1673777115 190
1673777115 162
1673777116 150
1673777116 184
1673777116 104
1673777117 167
1673777117 183
1673777117 170
1673777117 146
1673777117 197
1673777117 135
1673777117 115
1673777118 199
1673777118 161
1673777118 123
1673777119 137
1673777119 163
1673777119 175
1673777119 141
1673777119 172
1673777119 143
1673777121 119
1673777121 102
1673777121 152
1673777122 118
1673777122 121
1673777123 174
1673777123 173
1673777123 178
1673777124 194
1673777124 127
1673777124 122
1673777124 140
1673777124 160
1673777125 152
1673777125 144
1673777127 152
1673777127 173
1673777127 118
1673777127 153
1673777127 110
1673777128 107
1673777128 149
1673777128 160
1673777128 173
1673777128 174
1673777129 118
1673777129 161
1673777130 105
1673777130 164
1673777130 188
1673777130 127
1673777131 134
1673777131 143
1673777131 121
1673777131 167
1673777131 162
1673777132 198
1673777133 135
1673777133 196
1673777133 163
1673777134 188
1673777134 152
1673777135 134
1673777135 137
1673777135 148
1673777135 162
1673777137 136
1673777137 196
1673777137 110
1673777138 151
1673777138 112
1673777138 195
1673777139 108
1673777139 111
1673777140 174
1673777141 157
1673777141 175
1673777141 163
1673777141 117
1673777141 105
1673777141 169
1673777142 132
1673777142 151
1673777142 188
1673777143 101
1673777144 128
1673777144 169
1673777144 184
1673777144 160
1673777144 118
1673777144 189
1673777144 174
1673777145 200
1673777145 122
1673777146 158
1673777146 177
1673777146 150
1673777146 146
1673777147 172
1673777148 153
1673777148 136
1673777148 169
1673777149 184
1673777150 119
1673777150 171
1673777151 117
1673777151 159
1673777152 169
1673777152 172
1673777153 191
1673777154 159
1673777154 146
1673777156 163
1673777156 164
1673777157 181
1673777157 122
1673777157 105
1673777157 113
1673777158 196
1673777158 101
1673777159 109
1673777159 184
1673777159 131
1673777160 158
1673777160 115
1673777160 183
1673777161 150
1673777164 114
1673777164 176
1673777164 146
1673777164 173
1673777164 112
1673777165 192
1673777165 101
1673777166 144
1673777166 131
1673777166 183
1673777166 117
1673777167 132
1673777167 156
1673777167 149
1673777167 196
1673777167 105
1673777167 117
1673777167 186
1673777168 110
1673777168 195
1673777168 174
1673777168 160
1673777169 141
1673777169 190
1673777170 118
1673777170 155
1673777170 160
1673777170 103
1673777171 184
1673777171 119
1673777171 157
1673777172 131
1673777172 120
1673777173 119
1673777173 132
1673777173 188
1673777174 170
1673777174 189
1673777175 175
1673777175 188
1673777176 119
1673777176 180
1673777176 193
1673777176 144
1673777176 196
1673777177 200
1673777177 141
1673777177 196
1673777179 168
1673777179 152
1673777179 121
1673777181 105
1673777181 192
1673777181 159
1673777181 181
1673777181 166
1673777182 103
1673777183 143
1673777183 105
1673777184 182
1673777184 131
1673777184 183
1673777185 135
1673777186 184
1673777186 126
1673777187 117
1673777187 185
1673777187 200
1673777187 127
1673777187 198
1673777188 148
1673777188 196
1673777188 186
1673777188 114
1673777188 109
1673777189 135
1673777189 148
1673777189 155
1673777190 152
1673777190 185
1673777190 160
1673777191 132
1673777191 137
1673777191 183
1673777191 198
1673777192 161
1673777192 149
1673777193 124
1673777194 113
1673777194 106
1673777194 114
1673777194 126
1673777195 150
1673777195 162
1673777195 108
1673777195 164
1673777196 122
1673777196 175
1673777196 197
1673777196 148
1673777197 103
1673777197 115
1673777197 197
1673777197 141
1673777197 154
1673777198 110
1673777198 135
1673777199 120
1673777199 128
1673777200 190
1673777200 103
1673777201 157
1673777201 153
1673777202 136
1673777202 140
1673777202 146
1673777202 165
1673777202 137
1673777202 171
1673777203 114
1673777204 123
1673777204 177
1673777204 118
1673777205 193
1673777205 197
1673777206 167
1673777206 102
1673777206 188
1673777207 114
1673777207 154
1673777207 200
1673777207 157
1673777207 123
1673777207 197
1673777208 138
1673777208 144
1673777209 173
1673777210 108
1673777210 136
1673777210 117
1673777212 128
1673777213 118
1673777214 191
1673777214 112
1673777215 110
1673777215 150
1673777215 129
1673777216 117
1673777216 156
1673777218 127
1673777218 199
1673777219 168
1673777219 195
1673777219 107
1673777219 170
1673777219 176
1673777220 145
1673777220 140
1673777221 145
1673777221 180
1673777222 117
1673777222 181
1673777222 129
1673777222 182
1673777223 148
1673777223 140
1673777223 188
1673777223 166
1673777223 150
1673777224 200
1673777225 189
1673777225 130
1673777225 193
1673777225 190
1673777226 149
1673777227 123
1673777228 108
1673777228 162
1673777229 163
1673777229 164
1673777229 199
1673777229 118
1673777230 185
1673777233 180
1673777235 142
1673777236 104
1673777237 187
1673777237 115
1673777238 189
1673777239 169
1673777240 164
1673777240 155
1673777240 153
1673777240 173
1673777241 156
1673777241 178
1673777244 193
1673777244 113
1673777248 131
1673777248 148
1673777248 145
1673777248 106
1673777248 137
1673777248 158
1673777248 200
1673777249 139
1673777249 197
1673777249 193
1673777250 172
1673777250 135
1673777251 177
1673777251 200
1673777251 161
1673777251 112
1673777252 180
1673777252 154
1673777252 152
1673777253 125
1673777253 172
1673777253 137
1673777254 133
1673777254 167
1673777255 163
1673777255 168
1673777255 134
1673777255 152
1673777255 161
1673777256 157
1673777256 151
1673777257 161
1673777257 186
1673777257 177
1673777257 177
1673777258 116
1673777258 174
1673777258 196
1673777259 188
1673777259 176
1673777259 142
1673777259 184
1673777259 145
1673777260 171
1673777260 137
1673777260 154
1673777260 118
1673777261 141
1673777261 151
1673777261 165
1673777261 127
1673777261 115
1673777262 183
1673777262 187
1673777262 198
1673777262 143
1673777263 114
1673777263 175
1673777264 143
1673777264 185
1673777265 162
1673777265 176
1673777267 129
1673777268 169
1673777268 117
1673777269 158
1673777269 177
1673777270 182
1673777270 182
1673777271 133
1673777271 116
1673777272 196
1673777272 162
1673777272 130
1673777272 107
1673777273 163
1673777273 101
1673777273 195
1673777273 126
1673777274 184
1673777274 142
1673777275 161
1673777275 140
1673777276 154
1673777276 137
1673777277 123
1673777277 123
1673777277 140
1673777278 172
1673777278 108
1673777278 159
1673777278 107
1673777278 127
1673777279 116
1673777279 114
1673777279 143
1673777280 104
1673777280 181
1673777281 125
1673777282 101
1673777282 177
1673777283 139
1673777283 107
1673777284 200
1673777284 181
1673777284 155
1673777285 142
1673777285 150
1673777285 188
1673777286 181
1673777286 107
1673777286 186
1673777288 128
1673777288 169
1673777288 136
1673777289 168
1673777289 115
1673777289 125
1673777291 113
1673777291 135
1673777291 115
1673777292 184
1673777292 163
1673777292 177
1673777293 125
1673777293 187
1673777293 128
1673777293 172
1673777294 101
1673777295 163
1673777295 148
1673777295 183
1673777295 121
1673777295 109
1673777295 113
1673777296 175
1673777296 190
1673777296 125
1673777297 147
1673777297 169
1673777298 118
1673777299 186
1673777300 116
1673777300 118
1673777300 198
1673777300 172
1673777300 114
1673777300 102
1673777300 144
1673777301 158
1673777301 150
1673777302 188
1673777302 200
1673777302 108
1673777302 168
1673777304 104
1673777304 105
1673777304 158
1673777304 159
1673777306 171
1673777306 132
1673777306 127
1673777306 187
1673777306 131
1673777307 161
1673777307 143
1673777307 173
1673777308 140
1673777308 180
1673777308 111
1673777309 143
1673777309 190
1673777310 160
1673777310 117
1673777310 169
1673777311 122
1673777311 184
1673777311 171
1673777312 163
1673777312 157
1673777312 198
1673777313 115
1673777313 174
1673777313 176
1673777313 137
1673777313 143
1673777314 103
1673777314 148
1673777315 128
1673777315 145
1673777316 175
1673777316 165
1673777317 188
1673777317 103
1673777317 105
1673777317 123
1673777318 195
1673777318 157
1673777318 135
1673777319 126
1673777320 140
1673777320 141
1673777321 169
1673777321 116
1673777322 174
1673777323 180
1673777323 142
1673777323 195
1673777324 176
1673777325 200
1673777325 127
1673777325 194
1673777325 108
1673777325 140
1673777326 148
1673777327 134
1673777327 139
1673777328 194
1673777328 199
1673777329 144
1673777329 163
1673777329 153
1673777330 140
1673777330 121
1673777330 157
1673777331 149
1673777331 148
1673777331 115
1673777331 188
1673777331 172
1673777332 118
1673777332 179
1673777333 173
1673777333 119
1673777333 199
1673777333 136
1673777333 171
1673777333 190
1673777333 138
1673777334 132
1673777335 196
1673777336 101
1673777336 195
1673777336 148
1673777337 177
1673777337 134
1673777338 147
1673777338 171
1673777338 102
1673777338 178
1673777339 102
1673777339 173
1673777340 107
1673777340 185
1673777341 195
1673777342 120
1673777342 125
1673777342 121
1673777343 151
1673777344 156
1673777345 104
1673777345 141
1673777346 185
1673777347 122
1673777352 187
1673777360 104
1673777360 144
1673777361 129
1673777361 162
1673777361 105
1673777362 143
1673777362 134
1673777362 102
1673777362 159
1673777362 200
1673777363 105
1673777363 120
1673777363 144
1673777363 101
1673777364 193
1673777364 113
1673777365 110
1673777365 163
1673777365 144
1673777365 122
1673777366 142
1673777366 138
1673777367 127
1673777367 146
1673777367 129
1673777367 178
1673777368 137
1673777368 143
1673777368 131
1673777369 198
1673777369 147
1673777369 126
1673777369 114
1673777370 187
1673777370 146
1673777370 132
1673777370 135
1673777370 136
1673777370 105
1673777370 173
1673777371 123
1673777371 187
1673777371 105
1673777372 118
1673777372 145
1673777373 113
1673777374 165
1673777374 121
1673777375 117
1673777375 136
1673777375 149
1673777375 119
1673777375 146
1673777376 159
1673777376 172
1673777376 153
1673777376 103
1673777377 187
1673777377 139
1673777377 181
1673777378 150
1673777379 164
1673777379 137
1673777380 178
1673777381 138
1673777382 106
1673777382 138
1673777382 142
1673777383 156
1673777383 200
1673777383 161
1673777383 162
1673777383 151
1673777383 132
1673777384 179
1673777384 177
1673777384 193
1673777384 179
1673777384 110
1673777385 155
1673777386 135
1673777386 121
1673777387 195
1673777388 147
1673777389 111
1673777389 138
1673777389 130
1673777389 111
1673777389 185
1673777389 107
1673777390 156
1673777390 129
1673777390 143
1673777390 189
1673777390 185
1673777391 168
1673777391 128
1673777391 163
1673777391 174
1673777391 176
1673777392 118
1673777392 183
1673777393 186
1673777393 179
1673777393 157
1673777393 179
1673777393 175
1673777394 164
1673777394 158
1673777394 170
1673777394 153
1673777394 175
1673777394 179
1673777395 114
1673777395 101
1673777395 170
1673777395 128
1673777395 103
1673777395 141
1673777396 123
1673777396 169
1673777396 101
1673777396 117
1673777397 200
1673777398 136
1673777398 177
1673777398 151
1673777399 152
1673777399 118
1673777400 159
1673777401 144
1673777401 128
1673777401 168
1673777402 171
1673777402 157
1673777402 183
1673777402 138
1673777403 178
1673777403 168
1673777405 162
1673777405 133
1673777405 144
1673777405 104
1673777406 125
1673777406 163
1673777406 197
1673777406 106
1673777406 113
1673777407 126
1673777407 103
1673777407 144
1673777407 174
1673777407 157
1673777408 164
1673777409 120
1673777409 132
1673777410 120
1673777410 186
1673777410 164
1673777411 184
1673777411 130
1673777411 178
1673777411 176
1673777412 135
1673777413 136
1673777413 183
1673777413 139
1673777413 127
1673777414 103
1673777414 193
1673777414 125
1673777415 170
1673777415 102
1673777415 107
1673777416 177
1673777417 176
1673777417 181
1673777417 116
1673777418 143
1673777418 139
1673777419 136
1673777419 103
1673777419 165
1673777420 150
1673777420 153
1673777420 133
1673777422 153
1673777423 116
1673777423 114
1673777423 163
1673777423 181
1673777424 173
1673777424 159
1673777425 151
1673777425 129
1673777425 147
1673777425 165
1673777426 179
1673777426 171
1673777426 120
1673777426 188
1673777426 153
1673777426 173
1673777427 164
1673777427 167
1673777427 158
1673777427 171
1673777428 107
1673777428 139
1673777429 159
1673777429 136
1673777429 142
1673777429 153
1673777429 177
1673777429 185
1673777429 108
1673777430 135
1673777430 171
1673777430 123
1673777431 150
1673777431 193
1673777432 137
1673777432 160
1673777433 192
1673777434 106
1673777436 146
1673777436 131
1673777437 112
1673777437 167
1673777437 152
1673777437 153
1673777437 157
1673777437 181
1673777438 188
1673777438 200
1673777439 170
1673777439 175
1673777439 152
1673777440 175
1673777441 152
1673777441 112
1673777441 181
1673777441 124
1673777441 117
1673777442 132
1673777442 186
1673777442 133
1673777444 176
1673777445 139
1673777445 101
1673777446 152
1673777446 185
1673777446 188
1673777447 164
1673777447 132
1673777447 164
1673777447 125
1673777448 108
1673777448 137
1673777448 183
1673777448 183
1673777449 184
1673777449 134
1673777449 138
1673777449 137
1673777450 121
1673777450 128
1673777452 190
1673777452 189
1673777452 119
1673777452 120
1673777453 107
1673777453 186
1673777453 123
1673777454 146
1673777455 111
1673777455 105
1673777455 128
1673777458 162
1673777458 157
1673777458 187
1673777459 195
1673777459 122
1673777459 171
1673777459 129
1673777460 174
1673777462 138
1673777462 153
1673777462 167
1673777462 114
1673777462 130
1673777462 160
1673777463 170
1673777463 121
1673777464 196
1673777464 180
1673777464 189
1673777465 182
1673777465 187
1673777466 143
1673777466 131
1673777466 192
1673777468 136
1673777468 124
1673777468 138
1673777468 103
1673777469 115
1673777469 139
1673777470 106
1673777470 138
1673777471 166
1673777471 135
1673777471 152
1673777472 101
1673777472 156
1673777473 141
1673777473 107
1673777473 141
1673777474 123
1673777474 146
1673777475 141
1673777475 166
1673777476 170
1673777476 191
1673777476 129
1673777476 110
1673777476 139
1673777477 129
1673777477 150
1673777477 160
1673777477 114
1673777478 151
1673777479 104
1673777480 118
1673777480 195
1673777480 125
1673777481 157
1673777481 107
1673777481 114
1673777481 116
1673777482 136
1673777482 145
1673777482 172
1673777482 128
1673777483 164
1673777483 110
1673777483 158
1673777483 177
1673777483 160
1673777484 200
1673777485 148
1673777485 194
1673777485 196
1673777485 110
1673777487 110
1673777487 135
1673777487 176
1673777488 112
1673777488 194
1673777488 149
1673777489 137
1673777489 156
1673777489 176
1673777489 104
1673777490 168
1673777490 117
1673777491 166
1673777491 154
1673777492 173
1673777493 109
1673777493 194
1673777494 164
1673777494 147
1673777495 140
1673777495 174
1673777496 192
1673777496 162
1673777496 131
1673777496 126
1673777497 192
1673777497 167
1673777497 192
1673777497 164
1673777499 148
1673777499 175
1673777499 105
1673777500 119
1673777501 185
1673777502 176
1673777502 119
1673777502 108
1673777503 179
1673777503 154
1673777503 191
1673777503 176
1673777504 190
1673777504 142
1673777505 113
1673777505 142
1673777505 129
1673777505 104
1673777506 142
1673777506 163
1673777506 119
1673777506 169
1673777507 134
1673777507 148
1673777507 124
1673777507 156
1673777508 138
1673777508 188
1673777508 179
1673777508 132
1673777508 149
1673777508 131
1673777509 111
1673777509 173
1673777509 147
1673777509 146
1673777510 144
1673777510 102
1673777510 154
1673777511 153
1673777511 193
1673777511 185
1673777511 152
1673777512 183
1673777512 124
1673777512 142
1673777512 143
1673777513 141
1673777513 182
1673777514 174
1673777514 154
1673777514 164
1673777515 169
1673777515 169
1673777515 123
1673777517 110
1673777517 150
1673777517 173
1673777518 117
1673777518 195
1673777518 162
1673777518 120
1673777519 144
1673777519 125
1673777519 163
1673777521 183
1673777521 146
1673777521 137
1673777521 147
1673777521 180
1673777522 134
1673777522 134
1673777523 141
1673777523 154
1673777523 169
1673777525 178
1673777525 189
1673777525 103
1673777525 118
1673777526 106
1673777526 127
1673777528 180
1673777529 180
1673777529 144
1673777530 108
1673777530 111
1673777530 178
1673777530 155
1673777530 106
1673777530 157
1673777530 118
1673777531 149
1673777531 146
1673777532 125
1673777532 139
1673777532 175
1673777533 155
1673777533 188
1673777533 136
1673777534 125
1673777534 182
1673777534 161
1673777535 199
1673777535 190
1673777535 164
1673777535 112
1673777536 197
1673777537 126
1673777537 144
1673777537 155
1673777539 179
1673777539 191
1673777539 107
1673777540 198
1673777540 134
1673777540 169
1673777540 172
1673777540 144
1673777541 111
1673777541 114
1673777542 137
1673777542 195
1673777543 144
1673777543 146
1673777543 165
1673777544 196
1673777545 186
1673777545 188
1673777546 129
1673777546 108
1673777546 109
1673777547 153
1673777547 116
1673777547 161
1673777548 187
1673777548 148
1673777549 175
1673777549 134
1673777549 116
1673777549 113
1673777550 183
1673777551 128
1673777551 157
1673777551 170
1673777551 150
1673777552 172
1673777552 168
1673777552 162
1673777552 123
1673777553 180
1673777553 114
1673777553 198
1673777554 145
1673777554 151
1673777554 156
1673777554 143
1673777554 110
1673777555 157
1673777555 175
1673777555 121
1673777555 121
1673777556 172
1673777557 140
1673777557 194
1673777557 164
1673777557 163
1673777558 129
1673777558 110
1673777558 116
1673777559 172
1673777561 173
1673777561 103
1673777561 135
1673777561 138
1673777561 144
1673777562 152
1673777562 170
1673777563 115
1673777563 187
1673777563 167
1673777563 101
1673777563 115
1673777563 125
1673777563 179
1673777564 150
1673777564 168
1673777565 183
1673777565 154
1673777565 165
1673777566 103
1673777566 194
1673777566 108
1673777566 199
1673777566 132
1673777568 148
1673777569 126
1673777569 178
1673777569 156
1673777569 189
1673777570 179
1673777570 157
1673777571 192
1673777571 172
1673777571 108
1673777572 186
1673777572 183
1673777572 169
1673777572 175
1673777572 196
1673777573 111
1673777573 174
1673777574 145
1673777574 166
1673777575 142
1673777576 105
1673777576 111
1673777576 112
1673777576 143
1673777578 169
1673777578 147
1673777578 104
1673777578 152
1673777579 171
1673777579 152
1673777579 151
1673777580 103
1673777580 200
1673777581 114
1673777581 134
1673777581 179
1673777582 122
1673777582 142
1673777582 114
1673777582 157
1673777583 155
1673777584 149
1673777584 160
1673777584 147
1673777584 162
1673777584 112
1673777585 162
1673777585 162
1673777586 112
1673777586 159
1673777587 180
1673777587 133
1673777587 104
1673777588 160
1673777588 175
1673777588 181
1673777589 115
1673777589 151
1673777591 110
1673777592 185
1673777592 172
1673777592 180
1673777592 151
1673777592 161
1673777593 200
1673777593 116
1673777593 161
1673777593 122
1673777594 183
1673777594 163
1673777595 158
1673777595 150
1673777595 144
1673777595 170
1673777595 135
1673777595 151
1673777595 168
1673777596 177
1673777596 169
1673777596 173
1673777596 167
1673777596 149
1673777597 164
1673777597 132
1673777598 118
1673777598 172
1673777599 103
1673777599 190
1673777599 200
1673777599 136
1673777600 179
1673777600 152
1673777601 156
1673777601 102
1673777601 193
1673777602 154
1673777602 200
1673777602 101
1673777602 184
1673777602 183
1673777602 183
1673777602 157
1673777603 124
1673777603 122
1673777603 188
1673777603 127
1673777603 149
1673777604 143
1673777604 173
1673777605 169
1673777605 120
1673777606 112
1673777606 165
1673777607 185
1673777607 106
1673777607 106
1673777607 199
1673777607 161
1673777607 114
1673777608 101
1673777609 168
1673777610 166
1673777610 159
1673777610 155
1673777611 174
1673777611 135
1673777612 123
1673777612 169
1673777612 133
1673777612 141
1673777612 196
1673777613 176
1673777613 158
1673777614 174
1673777614 162
1673777615 121
1673777616 144
1673777617 161
1673777617 185
1673777617 185
1673777618 199
1673777618 114
1673777619 106
1673777619 174
1673777619 155
1673777619 120
1673777619 159
1673777620 142
1673777620 154
1673777621 118
1673777622 163
1673777622 134
1673777623 148
1673777623 103
1673777623 129
1673777624 193
1673777624 159
1673777624 124
1673777625 152
1673777625 188
1673777625 113
1673777625 160
1673777626 198
1673777626 193
1673777626 104
1673777627 163
1673777627 181
1673777627 145
1673777628 187
1673777629 197
1673777629 186
1673777630 128
1673777630 150
1673777630 158
1673777630 152
1673777630 130
1673777631 152
1673777631 195
1673777631 175
1673777631 154
1673777631 176
1673777632 141
1673777633 158
1673777633 104
1673777633 150
1673777633 130
1673777633 182
1673777634 168
1673777634 199
1673777634 119
1673777634 177
1673777635 150
1673777635 145
1673777635 174
1673777636 191
1673777636 163
1673777636 170
1673777636 177
1673777636 168
1673777637 134
1673777637 193
1673777637 108
1673777637 193
1673777638 158
1673777639 107
1673777639 144
1673777640 144
1673777641 109
1673777641 145
1673777642 193
1673777642 195
1673777642 172
1673777644 139
1673777644 131
1673777644 119
1673777644 198
1673777645 143
1673777645 196
1673777645 134
1673777646 152
1673777646 160
1673777647 153
1673777648 158
1673777652 171
1673777654 194
1673777657 121
1673777657 109
1673777661 180
1673777663 166
1673777664 120
1673777664 118
1673777664 161
1673777666 135
1673777666 143
1673777667 116
1673777670 185
1673777671 101
1673777674 189
1673777675 169
1673777676 158
1673777677 111
1673777678 189
1673777679 188
1673777679 143
1673777681 149
1673777681 133
1673777682 147
1673777683 152
1673777683 145
1673777684 137
1673777685 169
1673777687 198
1673777688 128
1673777688 179
1673777689 147
1673777689 141
1673777689 154
1673777690 103
1673777690 141
1673777691 150
1673777691 150
1673777691 133
1673777692 195
1673777693 174
1673777694 166
1673777694 128
1673777695 143
1673777695 106
1673777695 110
1673777695 143
1673777696 199
1673777696 133
1673777696 114
1673777697 172
1673777697 161
1673777697 125
1673777698 157
1673777698 102
1673777698 171
1673777698 144
1673777699 119
1673777699 152
1673777700 187
1673777700 146
1673777701 161
1673777703 131
1673777703 143
1673777704 147
1673777705 116
1673777705 164
1673777707 146
1673777707 134
1673777707 195
1673777708 103
1673777708 183
1673777709 159
1673777716 104
1673777716 158
1673777716 148
1673777717 110
1673777717 140
1673777718 106
1673777718 187
1673777718 138
1673777718 154
1673777718 148
1673777719 127
1673777719 132
1673777719 146
1673777720 121
1673777720 162
1673777720 130
1673777721 108
1673777721 174
1673777721 138
1673777722 136
1673777722 136
1673777722 121
1673777723 147
1673777723 163
1673777724 132
1673777724 108
1673777724 176
1673777724 140
1673777725 173
1673777726 106
1673777726 198
1673777726 162
1673777727 131
1673777727 158
1673777727 120
1673777728 189
1673777728 156
1673777728 145
1673777729 175
1673777729 178
1673777729 131
1673777729 116
1673777729 148
1673777729 132
1673777730 197
1673777730 198
1673777730 184
1673777730 176
1673777730 134
1673777730 146
1673777731 110
1673777731 177
1673777731 138
1673777732 130
1673777732 103
1673777732 130
1673777733 152
1673777733 131
1673777733 116
1673777734 165
1673777735 127
1673777735 150
1673777735 133
1673777736 121
1673777736 176
1673777736 163
1673777736 186
1673777737 193
1673777737 169
1673777738 163
1673777738 112
1673777738 117
1673777738 181
1673777739 171
1673777739 135
1673777739 127
1673777739 180
1673777739 196
1673777739 143
1673777740 192
1673777740 170
1673777740 113
1673777740 130
1673777740 101
1673777740 138
1673777741 133
1673777741 147
1673777741 145
1673777741 131
1673777741 136
1673777742 157
1673777743 161
1673777743 190
1673777743 195
1673777743 144
1673777743 182
1673777744 154
1673777744 138
1673777744 139
1673777744 135
1673777745 171
1673777745 157
1673777745 196
1673777746 196
1673777746 127
1673777747 177
1673777747 113
1673777747 199
1673777748 199
1673777749 124
1673777749 193
1673777749 178
1673777749 112
1673777749 101
1673777750 120
1673777750 104
1673777750 126
1673777751 166
1673777751 152
1673777751 181
1673777751 161
1673777751 192
1673777751 194
1673777752 133
1673777752 132
1673777752 128
1673777752 138
1673777752 138
1673777752 121
1673777752 140
1673777753 152
1673777753 151
1673777753 156
1673777753 182
1673777753 197
1673777754 158
1673777754 169
1673777754 121
1673777754 124
1673777754 161
1673777755 169
1673777755 167
1673777755 175
1673777755 147
1673777755 160
1673777755 167
1673777756 138
1673777756 115
1673777756 108
1673777756 166
1673777756 147
1673777757 112
1673777757 111
1673777757 193
1673777757 139
1673777758 124
1673777758 131
1673777758 104
1673777759 144
1673777759 155
1673777759 153
1673777760 126
1673777760 118
1673777760 125
1673777760 126
1673777761 109
1673777762 151
1673777762 110
1673777762 125
1673777763 146
1673777763 164
1673777763 169
1673777766 163
1673777766 104
1673777767 194
1673777775 183
1673777776 195
1673777777 143
1673777777 157
1673777777 131
1673777778 154
1673777779 194
1673777781 151
1673777782 198
1673777783 150
1673777787 132
1673777787 164
1673777800 159
1673777802 173
1673777802 134
1673777804 110
1673777805 116
1673777806 117
1673777807 190
1673777808 190
1673777808 120
1673777811 120
1673777811 119
1673777811 119
1673777811 180
1673777812 160
1673777812 132
1673777812 146
1673777813 130
1673777814 116
1673777815 124
1673777816 161
1673777817 150
1673777817 200
1673777818 129
1673777820 143
1673777820 136
1673777823 156
1673777833 103
1673777834 171
1673777834 113
1673777834 121
1673777838 149
1673777838 116
1673777839 123
1673777839 148
1673777839 168
1673777844 135
1673777844 135
1673777848 181
1673777849 114
1673777851 194
1673777853 161
1673777853 174
1673777855 130
1673777857 158
1673777857 180
1673777857 145
1673777859 181
1673777867 105
1673777867 123
1673777868 155
1673777868 168
1673777869 122
1673777869 170
1673777871 183
1673777871 155
1673777872 196
1673777872 196
1673777875 153
1673777876 135
1673777881 116
1673777885 144
1673777892 148
1673777903 180
1673777903 155
1673777904 127
1673777908 143
1673777908 151
1673777908 126
1673777909 128
1673777909 147
1673777910 108
1673777910 116
1673777911 128
1673777911 192
1673777911 146
1673777912 126
1673777912 105
1673777913 128
1673777914 174
1673777915 167
1673777915 190
1673777917 169
1673777917 196
1673777918 191
1673777920 158
1673777920 118
1673777924 127
1673777925 126
1673777925 188
1673777925 184
1673777927 179
1673777927 190
1673777927 125
1673777928 150
1673777928 120
1673777928 163
1673777928 110
1673777928 183
1673777928 188
1673777929 144
1673777930 189
1673777931 185
1673777931 116
1673777933 115
1673777933 153
1673777934 125
1673777935 155
1673777935 195
1673777936 198
1673777936 172
1673777938 176
1673777938 128
1673777938 145
1673777939 166
1673777939 120
1673777939 155
1673777940 161
1673777940 138
1673777940 141
1673777941 141
1673777943 198
1673777943 138
1673777944 172
1673777944 147
1673777945 166
1673777946 162
1673777946 164
1673777947 146
1673777947 137
1673777948 131
1673777953 116
1673777954 179
1673777955 177
1673777957 129
1673777957 186
1673777959 164
1673777959 171
1673777959 103
1673777960 156
1673777961 161
1673777961 156
1673777963 101
1673777964 101
1673777964 160
1673777965 118
1673777965 162
1673777968 143
1673777968 167
1673777968 166
1673777968 139
1673777968 183
1673777969 116
1673777970 183
1673777971 142
1673777972 166
1673777973 116
1673777973 112
1673777974 117
1673777981 197
1673777981 113
1673777982 127
1673777984 146
1673777984 152
1673777984 101
1673777986 135
1673777987 108
1673777987 162
1673777987 111
1673777987 109
1673777988 103
1673777990 180
1673777995 141
1673778001 138
1673778002 111
1673778003 198
1673778004 106
1673778004 168
1673778004 106
1673778004 154
1673778005 122
1673778007 161
1673778010 147
1673778011 166
1673778011 138
1673778012 198
1673778012 123
1673778012 177
1673778012 104
1673778014 119
1673778016 154
1673778018 166
1673778018 177
1673778018 141
1673778018 150
1673778024 134
1673778026 127
1673778026 187
1673778027 131
1673778027 154
1673778030 137
1673778030 159
1673778030 156
1673778030 188
1673778034 109
1673778038 119
1673778048 143
1673778048 121
1673778049 158
1673778056 150
1673778063 153
1673778064 136
1673778064 149
1673778067 167
1673778071 164
1673778072 146
1673778072 169
1673778076 158
1673778079 136
1673778080 137
1673778083 180
1673778083 157
1673778100 190
1673778101 121
1673778102 140
1673778105 150
1673778108 107
1673778108 159
1673778119 167
1673778119 143
1673778122 163
1673778122 153
1673778123 147
1673778123 138
1673778123 133
1673778123 133
1673778124 136
1673778125 147
1673778126 111
1673778128 146
1673778129 152
1673778129 172
1673778129 181
1673778130 180
1673778133 137
1673778134 122
1673778139 123
1673778139 113
1673778139 185
1673778140 192
1673778140 107
1673778143 112
1673778144 200
1673778147 154
1673778147 107
1673778148 166
1673778149 190
1673778149 193
1673778154 186
1673778157 128
1673778157 193
1673778159 180
1673778159 121
1673778160 166
1673778160 172
1673778160 153
1673778161 191
1673778167 127
1673778167 196
1673778168 117
1673778168 121
1673778168 185
1673778168 152
1673778169 185
1673778170 167
1673778171 154
1673778176 134
1673778176 126
1673778176 195
1673778177 179
1673778179 177
1673778181 141
1673778189 132
1673778190 186
1673778194 198
1673778195 125
1673778196 180
1673778196 101
1673778197 154
1673778197 111
1673778198 156
1673778198 195
1673778198 121
1673778199 186
1673778199 143
1673778200 103
1673778203 185
1673778203 155
1673778204 134
1673778205 124
1673778205 129
1673778206 138
1673778209 164
1673778209 119
1673778209 145
1673778209 153
1673778210 173
1673778211 200
1673778211 151
1673778211 146
1673778212 146
1673778212 126
1673778212 164
1673778212 139
1673778212 122
1673778214 184
1673778214 139
1673778216 126
1673778216 169
1673778218 180
1673778218 192
1673778219 109
1673778219 134
1673778222 189
1673778223 176
1673778224 164
1673778224 194
1673778224 110
1673778224 163
1673778224 111
1673778224 169
1673778225 194
1673778225 123
1673778225 166
1673778225 172
1673778225 193
1673778225 181
1673778226 177
1673778229 137
1673778233 175
1673778234 111
1673778234 128
1673778235 157
1673778235 161
1673778235 198
1673778235 170
1673778236 108
1673778236 122
1673778237 132
1673778237 162
1673778238 188
1673778238 130
1673778239 188
1673778239 102
1673778240 134
1673778240 178
1673778240 138
1673778240 179
1673778241 115
1673778241 145
1673778241 111
1673778242 198
1673778242 175
1673778242 176
1673778242 158
1673778243 179
1673778243 150
1673778244 130
1673778245 131
1673778245 135
1673778245 102
1673778246 181
1673778246 108
1673778246 160
1673778246 139
1673778246 165
1673778247 186
1673778248 130
1673778248 150
1673778249 107
1673778249 174
1673778249 163
1673778249 122
1673778250 187
1673778250 173
1673778251 115
1673778252 125
1673778252 165
1673778253 116
1673778253 180
1673778253 135
1673778254 160
1673778254 131
1673778255 106
1673778255 142
1673778255 157
1673778255 119
1673778256 116
1673778256 152
1673778257 162
1673778257 161
1673778257 101
1673778257 115
1673778258 160
1673778258 130
1673778258 139
1673778258 188
1673778259 171
1673778259 183
1673778259 101
1673778260 131
1673778260 148
1673778261 107
1673778261 137
1673778261 192
1673778261 120
1673778262 172
1673778262 130
1673778262 135
1673778263 152
1673778263 191
1673778264 114
1673778264 155
1673778264 133
1673778264 175
1673778265 128
1673778266 104
1673778266 153
1673778267 156
1673778267 146
1673778268 185
1673778269 159
1673778269 115
1673778269 176
1673778269 112
1673778270 120
1673778271 200
1673778272 162
1673778272 138
1673778273 177
1673778273 143
1673778273 107
1673778273 149
1673778273 190
1673778274 135
1673778275 131
1673778275 200
1673778277 134
1673778277 102
1673778278 194
1673778278 166
1673778278 115
1673778279 170
1673778279 160
1673778280 145
1673778281 111
1673778281 137
1673778282 128
1673778282 161
1673778282 169
1673778283 184
1673778283 106
1673778283 118
1673778283 138
1673778283 196
1673778284 114
1673778284 183
1673778284 108
1673778284 190
1673778285 148
1673778285 181
1673778286 102
1673778286 160
1673778287 127
1673778287 181
1673778287 198
1673778288 157
1673778288 192
1673778288 107
1673778289 174
1673778289 129
1673778289 123
1673778289 183
1673778290 132
1673778290 130
1673778290 131
1673778291 136
1673778291 143
1673778291 153
1673778292 147
1673778293 148
1673778293 108
1673778294 130
1673778295 152
1673778295 195
1673778295 104
1673778295 198
1673778296 182
1673778296 130
1673778296 145
1673778297 187
1673778298 151
1673778298 102
1673778299 165
1673778299 197
1673778299 127
1673778300 104
1673778300 158
1673778301 169
1673778301 132
1673778302 185
1673778303 159
1673778303 137
1673778303 121
1673778304 110
1673778304 114
1673778304 128
1673778305 129
1673778305 176
1673778305 150
1673778305 187
1673778306 152
1673778306 163
1673778307 136
1673778307 118
1673778307 149
1673778307 171
1673778308 178
1673778308 127
1673778308 112
1673778309 124
1673778310 153
1673778310 186
1673778310 121
1673778310 184
1673778310 193
1673778311 159
1673778311 154
1673778311 149
1673778311 152
1673778312 196
1673778312 113
1673778313 146
1673778313 111
1673778313 136
1673778314 184
1673778314 182
1673778314 199
1673778314 168
1673778314 189
1673778315 132
1673778316 200
1673778316 156
1673778316 171
1673778318 171
1673778318 152
1673778318 117
1673778319 162
1673778319 182
1673778319 122
1673778320 130
1673778320 171
1673778320 188
1673778320 131
1673778320 114
1673778321 138
1673778321 161
1673778321 173
1673778321 188
1673778321 140
1673778322 149
1673778322 163
1673778322 103
1673778323 153
1673778323 109
1673778323 138
1673778324 128
1673778324 186
1673778325 197
1673778325 172
1673778325 135
1673778325 175
1673778325 183
1673778325 197
1673778327 140
1673778329 154
1673778329 161
1673778329 112
1673778331 128
1673778331 195
1673778331 123
1673778332 168
1673778332 101
1673778332 121
1673778333 156
1673778333 174
1673778333 148
1673778333 179
1673778334 193
1673778334 148
1673778335 102
1673778335 127
1673778337 111
1673778337 151
1673778337 138
1673778338 111
1673778338 199
1673778339 177
1673778339 191
1673778339 194
1673778340 135
1673778340 186
1673778341 132
1673778342 147
1673778342 153
1673778343 141
1673778343 148
1673778343 195
1673778343 188
1673778344 198
1673778344 151
1673778344 177
1673778344 138
1673778344 150
1673778345 178
1673778347 181
1673778347 166
1673778347 164
1673778349 138
1673778349 167
1673778350 112
1673778350 138
1673778351 108
1673778351 128
1673778351 102
1673778352 110
1673778352 166
1673778352 153
1673778353 185
1673778353 102
1673778353 150
1673778354 192
1673778354 173
1673778355 122
1673778355 158
1673778355 117
1673778356 155
1673778356 194
1673778356 182
1673778357 104
1673778357 182
1673778357 172
1673778358 139
1673778358 182
1673778358 165
1673778358 107
1673778359 101
1673778360 193
1673778360 195
1673778360 157
1673778361 179
1673778361 149
1673778362 169
1673778362 101
1673778362 146
1673778363 128
1673778364 180
1673778365 148
1673778366 155
1673778366 132
1673778366 104
1673778366 175
1673778367 123
1673778368 135
1673778369 186
1673778369 191
1673778369 110
1673778370 106
1673778370 141
1673778371 169
1673778371 149
1673778371 145
1673778371 195
1673778372 146
1673778372 190
1673778372 186
1673778372 156
1673778373 145
1673778374 103
1673778374 158
1673778375 137
1673778375 198
1673778375 116
1673778376 183
1673778376 137
1673778377 185
1673778377 160
1673778378 108
1673778378 127
1673778378 174
1673778379 174
1673778380 136
1673778380 145
1673778380 189
1673778380 195
1673778381 193
1673778381 144
1673778381 140
1673778381 143
1673778381 193
1673778382 132
1673778382 154
1673778382 172
1673778383 196
1673778383 149
1673778383 139
1673778383 196
1673778383 136
1673778384 116
1673778384 195
1673778384 158
1673778384 126
1673778384 200
1673778384 119
1673778384 178
1673778385 197
1673778385 171
1673778385 178
1673778386 109
1673778386 114
1673778386 168
1673778386 108
1673778386 103
1673778387 114
1673778387 171
1673778388 154
1673778388 198
1673778388 156
1673778388 144
1673778388 156
1673778389 129
1673778389 156
1673778390 189
1673778390 199
1673778390 117
1673778391 109
1673778392 187
1673778392 110
1673778392 120
1673778392 123
1673778393 188
1673778393 138
1673778393 128
1673778393 184
1673778393 175
1673778394 157
1673778394 172
1673778394 176
1673778394 106
1673778395 121
1673778395 196
1673778395 138
1673778396 159
1673778396 200
1673778396 134
1673778397 138
1673778397 111
1673778397 178
1673778397 132
1673778398 106
1673778398 119
1673778399 142
1673778399 138
1673778400 120
1673778400 129
1673778400 118
1673778401 142
1673778401 152
1673778401 111
1673778401 161
1673778403 200
1673778404 127
1673778404 118
1673778404 200
1673778405 143
1673778405 166
1673778405 127
1673778405 114
1673778405 168
1673778406 163
1673778406 141
1673778406 179
1673778407 168
1673778407 179
1673778407 173
1673778408 136
1673778408 185
1673778408 165
1673778408 194
1673778409 120
1673778409 189
1673778409 187
1673778410 149
1673778410 174
1673778410 118
1673778410 195
1673778410 114
1673778411 144
1673778412 144
1673778413 199
1673778413 167
1673778413 171
1673778413 144
1673778414 104
1673778414 115
1673778414 172
1673778416 105
1673778416 143
1673778417 169
1673778417 189
1673778417 134
1673778418 164
1673778418 175
1673778418 158
1673778418 188
1673778418 121
1673778418 129
1673778419 148
1673778419 163
1673778420 194
1673778420 104
1673778420 117
1673778420 184
1673778420 108
1673778420 121
1673778421 195
1673778421 165
1673778421 113
1673778421 102
1673778422 190
1673778422 174
1673778422 199
1673778422 112
1673778422 163
1673778423 105
1673778424 108
1673778424 135
1673778425 172
1673778425 113
1673778425 180
1673778425 191
1673778425 190
1673778425 137
1673778426 154
1673778426 143
1673778427 186
1673778427 134
1673778427 131
1673778428 177
1673778429 180
1673778429 117
1673778429 129
1673778430 107
1673778430 112
1673778430 199
1673778430 110
1673778430 107
1673778430 160
1673778431 102
1673778431 186
1673778433 136
1673778433 104
1673778434 157
1673778435 164
1673778435 135
1673778435 108
1673778435 198
1673778435 117
1673778435 176
1673778436 139
1673778436 119
1673778437 161
1673778437 167
1673778438 172
1673778438 118
1673778438 188
1673778439 173
1673778439 169
1673778439 165
1673778440 115
1673778440 123
1673778440 151
1673778441 164
1673778442 106
1673778442 139
1673778443 151
1673778444 131
1673778445 157
1673778445 118
1673778446 145
1673778446 133
1673778447 168
1673778447 163
1673778448 145
1673778448 116
1673778448 121
1673778449 126
1673778450 166
1673778450 130
1673778451 191
1673778451 158
1673778452 200
1673778452 198
1673778453 158
1673778454 188
1673778454 185
1673778454 140
1673778454 104
1673778455 156
1673778455 159
1673778456 112
1673778456 149
1673778456 160
1673778456 111
1673778456 179
1673778457 185
1673778457 103
1673778457 110
1673778457 156
1673778457 181
1673778458 161
1673778458 191
1673778458 136
1673778458 167
1673778459 135
1673778460 163
1673778460 105
1673778460 144
1673778460 169
1673778461 159
1673778461 131
1673778461 125
1673778462 179
1673778462 161
1673778462 158
1673778462 142
1673778462 180
1673778462 109
1673778463 144
1673778463 119
1673778464 172
1673778464 103
1673778465 189
1673778465 166
1673778465 170
1673778465 169
1673778465 173
1673778465 140
1673778466 119
1673778466 162
1673778466 154
1673778466 107
1673778466 166
1673778467 187
1673778467 126
1673778467 155
1673778467 157
1673778468 158
1673778468 174
1673778468 155
1673778468 173
1673778469 132
1673778469 166
1673778470 160
1673778470 153
1673778470 181
1673778471 157
1673778471 149
1673778471 142
1673778472 159
1673778472 153
1673778472 118
1673778473 110
1673778474 131
1673778474 119
1673778474 145
1673778475 182
1673778476 181
1673778478 137
1673778478 155
1673778478 155
1673778478 189
1673778479 131
1673778479 175
1673778481 181
1673778481 196
1673778481 164
1673778481 171
1673778482 179
1673778483 167
1673778484 137
1673778485 103
1673778485 159
1673778485 113
1673778485 135
1673778486 189
1673778487 172
1673778487 131
1673778487 160
1673778487 148
1673778488 172
1673778488 187
1673778488 101
1673778488 178
1673778488 164
1673778490 133
1673778490 108
1673778490 174
1673778490 138
1673778490 106
1673778491 149
1673778491 138
1673778491 125
1673778491 195
1673778492 192
1673778492 119
1673778492 192
1673778492 109
1673778493 188
1673778493 127
1673778494 195
1673778494 160
1673778494 115
1673778495 130
1673778495 134
1673778495 138
1673778496 138
1673778496 133
1673778497 119
1673778497 198
1673778497 158
1673778498 188
1673778498 112
1673778498 159
1673778499 193
1673778500 124
1673778501 193
1673778501 118
1673778501 119
1673778502 171
1673778502 148
1673778502 173
1673778502 150
1673778503 129
1673778504 126
1673778504 132
1673778504 164
1673778504 175
1673778504 137
1673778504 172
1673778505 183
1673778505 114
1673778506 191
1673778508 112
1673778508 128
1673778508 154
1673778508 157
1673778509 127
1673778509 194
1673778510 137
1673778510 165
1673778510 142
1673778510 119
1673778510 121
1673778511 105
1673778511 183
1673778511 187
1673778512 137
1673778512 166
1673778513 176
1673778513 157
1673778513 121
1673778513 168
1673778513 170
1673778513 158
1673778513 121
1673778514 184
1673778514 181
1673778516 127
1673778516 129
1673778516 158
1673778517 113
1673778518 119
1673778518 114
1673778519 200
1673778519 122
1673778519 183
1673778519 192
1673778520 121
1673778520 141
1673778520 173
1673778520 102
1673778521 176
1673778521 162
1673778522 194
1673778522 152
1673778522 133
1673778523 163
1673778523 148
1673778523 141
1673778523 109
1673778523 115
1673778525 148
1673778525 112
1673778526 109
1673778526 158
1673778526 133
1673778526 193
1673778527 167
1673778527 119
1673778528 152
1673778528 167
1673778528 172
1673778528 184
1673778528 141
1673778529 121
1673778529 112
1673778530 115
1673778530 188
1673778530 189
1673778531 181
1673778531 182
1673778531 187
1673778531 127
1673778532 117
1673778532 180
1673778532 190
1673778532 132
1673778532 162
1673778533 127
1673778535 112
1673778535 153
1673778536 134
1673778537 182
1673778537 168
1673778538 137
1673778539 192
1673778539 183
1673778539 154
1673778540 118
1673778540 148
1673778540 196
1673778540 154
1673778540 155
1673778540 164
1673778541 129
1673778541 132
1673778541 138
1673778542 156
1673778542 189
1673778543 187
1673778543 122
1673778543 110
1673778544 107
1673778544 155
1673778544 119
1673778545 104
1673778545 171
1673778545 180
1673778545 113
1673778545 183
1673778545 166
1673778546 192
1673778546 172
1673778546 121
1673778546 160
1673778546 152
1673778547 138
1673778547 125
1673778547 153
1673778547 130
1673778548 138
1673778548 179
1673778548 124
1673778548 129
1673778549 152
1673778549 162
1673778549 152
1673778549 170
1673778549 167
1673778550 190
1673778551 143
1673778551 135
1673778551 144
1673778552 130
1673778552 133
1673778552 151
1673778553 179
1673778554 164
1673778555 137
1673778555 115
1673778555 173
1673778555 167
1673778555 172
1673778556 175
1673778556 136
1673778556 108
1673778557 174
1673778557 182
1673778558 138
1673778558 128
1673778559 150
1673778559 196
1673778559 199
1673778559 131
1673778559 156
1673778559 120
1673778560 148
1673778560 130
1673778560 194
1673778560 151
1673778560 197
1673778560 131
1673778560 110
1673778561 168
1673778561 126
1673778561 152
1673778562 150
1673778562 186
1673778562 128
1673778563 114
1673778563 142
1673778563 106
1673778564 132
1673778564 143
1673778564 174
1673778564 151
1673778565 156
1673778566 140
1673778566 115
1673778567 114
1673778567 156
1673778568 168
1673778568 135
1673778569 126
1673778569 154
1673778569 127
1673778569 181
1673778570 138
1673778570 175
1673778570 200
1673778571 126
1673778572 165
1673778572 190
1673778573 113
1673778573 189
1673778573 196
1673778574 135
1673778574 157
1673778575 163
1673778575 120
1673778575 119
1673778576 126
1673778576 120
1673778577 158
1673778577 133
1673778577 175
1673778577 174
1673778577 153
1673778577 198
1673778578 147
1673778578 145
1673778578 134
1673778579 134
1673778579 184
1673778579 140
1673778579 180
1673778579 121
1673778580 141
1673778580 162
1673778580 196
1673778580 172
1673778580 186
1673778581 146
1673778581 171
1673778581 136
1673778581 128
1673778582 154
1673778582 105
1673778582 132
1673778583 144
1673778584 131
1673778584 158
1673778584 160
1673778584 136
1673778584 172
1673778585 193
1673778585 140
1673778585 182
1673778585 129
1673778585 142
1673778586 137
1673778587 101
1673778587 195
1673778588 194
1673778588 197
1673778589 129
1673778589 114
1673778590 166
1673778590 166
1673778590 119
1673778590 158
1673778591 124
1673778591 143
1673778591 156
1673778591 179
1673778591 180
1673778592 189
1673778593 177
1673778593 111
1673778593 138
1673778593 135
1673778594 163
1673778594 190
1673778594 160
1673778594 164
1673778595 179
1673778595 123
1673778596 188
1673778596 111
1673778597 120
1673778597 159
1673778597 165
1673778598 115
1673778598 173
1673778598 193
1673778598 159
1673778598 125
1673778599 105
1673778599 140
1673778599 157
1673778600 158
1673778600 103
1673778600 147
1673778600 182
1673778600 193
1673778600 145
1673778601 162
1673778601 150
1673778601 177
1673778602 171
1673778602 120
1673778602 188
1673778602 133
1673778602 108
1673778603 114
1673778603 118
1673778603 162
1673778603 127
1673778604 130
1673778604 129
1673778606 138
1673778607 140
1673778608 177
1673778609 150
1673778609 190
1673778609 130
1673778609 151
1673778609 190
1673778610 122
1673778610 130
1673778610 187
1673778610 157
1673778611 172
1673778611 170
1673778611 198
1673778612 165
1673778612 194
1673778612 154
1673778613 179
1673778614 145
1673778615 174
1673778615 127
1673778615 115
1673778617 190
1673778617 123
1673778617 197
1673778617 137
1673778617 172
1673778618 153
1673778618 185
1673778619 177
1673778619 117
1673778620 151
1673778622 144
1673778622 135
1673778622 152
1673778623 159
1673778623 149
1673778624 180
1673778624 158
1673778626 127
1673778627 117
1673778627 115
1673778628 185
1673778628 150
1673778628 145
1673778628 194
1673778629 104
1673778631 132
1673778631 131
1673778632 144
1673778632 168
1673778633 103
1673778633 144
1673778634 136
1673778634 129
1673778634 121
1673778634 156
1673778634 172
1673778634 146
1673778636 198
1673778637 101
1673778637 154
1673778638 164
1673778638 182
1673778638 133
1673778638 111
1673778639 176
1673778639 172
1673778641 189
1673778641 117
1673778641 132
1673778642 126
1673778642 109
1673778643 156
1673778643 131
1673778643 198
1673778643 195
1673778644 189
1673778645 105
1673778645 143
1673778645 145
1673778646 166
1673778646 159
1673778647 172
1673778648 166
1673778648 200
1673778649 184
1673778649 172
1673778649 102
1673778650 121
1673778650 160
1673778650 152
1673778651 163
1673778651 160
1673778652 136
1673778652 148
1673778653 164
1673778654 110
1673778654 104
1673778654 109
1673778655 112
1673778655 147
1673778657 103
1673778658 148
1673778658 134
1673778658 170
1673778658 148
1673778658 172
1673778658 168
1673778658 112
1673778658 104
1673778659 141
1673778659 200
1673778659 195
1673778659 129
1673778660 193
1673778660 133
1673778660 157
1673778661 130
1673778661 156
1673778661 162
1673778661 139
1673778662 162
1673778663 153
1673778663 197
1673778663 139
1673778665 141
1673778666 200
1673778666 102
1673778666 190
1673778666 102
1673778667 197
1673778667 197
1673778668 104
1673778668 114
1673778668 159
1673778669 129
1673778669 105
1673778669 161
1673778670 192
1673778672 132
1673778672 193
1673778672 189
1673778672 160
1673778672 140
1673778673 148
1673778673 197
1673778674 173
1673778674 104
1673778674 177
1673778674 186
1673778675 130
1673778675 159
1673778675 148
1673778675 115
1673778676 152
1673778676 197
1673778676 125
1673778676 157
1673778677 144
1673778678 176
1673778678 161
1673778679 174
1673778680 196
1673778680 153
1673778680 173
1673778681 102
1673778681 165
1673778681 158
1673778682 160
1673778682 121
1673778682 172
1673778683 132
1673778684 139
1673778684 178
1673778685 138
1673778686 147
1673778686 157
1673778686 199
1673778686 105
1673778687 185
1673778687 108
1673778687 116
1673778687 117
1673778687 104
1673778687 173
1673778687 169
1673778688 190
1673778689 192
1673778689 200
1673778690 143
1673778690 122
1673778691 161
1673778691 120
1673778691 105
1673778692 109
1673778692 140
1673778693 173
1673778693 112
1673778693 164
1673778693 197
1673778693 164
1673778694 124
1673778694 188
1673778694 102
1673778694 132
1673778695 193
1673778695 111
1673778696 145
1673778697 145
1673778697 159
1673778698 161
1673778698 141
1673778698 124
1673778698 108
1673778698 181
1673778698 161
1673778699 113
1673778699 158
1673778699 190
1673778699 168
1673778700 122
1673778700 140
1673778700 130
1673778700 145
1673778701 135
1673778701 165
1673778701 137
1673778702 186
1673778702 106
1673778702 117
1673778703 119
1673778703 134
1673778704 122
1673778704 163
1673778704 151
1673778705 171
1673778705 138
1673778705 121
1673778705 131
1673778705 125
1673778705 137
1673778705 176
1673778706 129
1673778708 113
1673778708 172
1673778708 116
1673778709 177
1673778709 185
1673778710 183
1673778710 119
1673778711 132
1673778711 107
1673778711 145
1673778711 155
1673778712 141
1673778712 187
1673778713 104
1673778714 107
1673778715 192
1673778715 112
1673778715 178
1673778715 160
1673778715 138
1673778716 150
1673778716 181
1673778716 121
1673778717 142
1673778718 116
1673778719 130
1673778719 168
1673778720 156
1673778721 137
1673778722 197
1673778723 149
1673778723 168
1673778723 137
1673778724 173
1673778724 170
1673778724 142
1673778724 112
1673778725 135
1673778726 136
1673778726 181
1673778728 146
1673778728 158
1673778729 142
1673778730 188
1673778732 123
1673778732 188
1673778733 152
1673778734 120
1673778734 191
1673778736 131
1673778736 134
1673778737 179
1673778737 152
1673778737 156
1673778737 114
1673778738 197
1673778738 103
1673778738 178
1673778738 112
1673778738 191
1673778739 161
1673778740 103
1673778740 168
1673778741 115
1673778741 103
1673778741 193
1673778741 193
1673778741 115
1673778743 132
1673778743 130
1673778743 159
1673778743 159
1673778743 136
1673778744 108
1673778744 161
1673778744 119
1673778745 197
1673778745 181
1673778745 149
1673778745 198
1673778745 191
1673778745 146
1673778746 184
1673778746 167
1673778746 126
1673778746 118
1673778747 124
1673778747 154
1673778747 184
1673778747 143
1673778747 161
1673778748 123
1673778748 198
1673778748 101
1673778748 117
1673778749 109
1673778749 128
1673778750 120
1673778750 179
1673778750 134
1673778750 115
1673778751 101
1673778751 186
1673778751 161
1673778753 141
1673778753 128
1673778753 161
1673778753 152
1673778754 173
1673778755 165
1673778755 139
1673778756 115
1673778756 136
1673778756 101
1673778756 174
1673778757 191
1673778758 191
1673778758 144
1673778758 135
1673778758 136
1673778759 111
1673778759 154
1673778759 108
1673778759 109
1673778760 151
1673778760 191
1673778761 114
1673778761 135
1673778761 160
1673778761 124
1673778761 179
1673778761 141
1673778762 103
1673778763 160
1673778763 122
1673778764 154
1673778764 144
1673778764 177
1673778765 171
1673778765 142
1673778765 128
1673778765 172
1673778766 177
1673778766 113
1673778767 134
1673778767 126
1673778767 115
1673778767 140
1673778768 125
1673778768 106
1673778768 153
1673778769 135
1673778770 158
1673778770 108
1673778770 174
1673778771 143
1673778771 145
1673778772 122
1673778772 181
1673778773 137
1673778773 137
1673778773 199
1673778773 170
1673778774 158
1673778774 148
1673778776 146
1673778776 149
1673778777 133
1673778777 157
1673778778 197
1673778778 151
1673778778 115
1673778778 157
1673778779 189
1673778779 110
1673778779 126
1673778779 105
1673778780 179
1673778780 151
1673778780 113
1673778781 133
1673778781 183
1673778781 186
1673778781 144
1673778782 193
1673778782 120
1673778782 129
1673778783 189
1673778783 125
1673778784 142
1673778784 103
1673778785 126
1673778785 121
1673778785 129
1673778786 173
1673778786 120
1673778786 140
1673778786 193
1673778786 112
1673778786 177
1673778786 109
1673778787 136
1673778787 192
1673778787 139
1673778788 178
1673778788 190
1673778789 136
1673778789 111
1673778790 174
1673778790 106
1673778791 194
1673778791 116
1673778791 159
1673778792 160
1673778792 147
1673778792 179
1673778792 182
1673778793 154
1673778793 125
1673778794 184
1673778794 157
1673778795 131
1673778795 102
1673778795 160
1673778796 165
1673778796 107
1673778796 150
1673778798 190
1673778798 116
1673778798 153
1673778799 137
1673778799 197
1673778799 163
1673778800 182
1673778800 159
1673778801 194
1673778801 129
1673778801 128
1673778801 155
1673778801 198
1673778801 169
1673778802 179
1673778803 176
1673778803 133
1673778803 138
1673778803 131
1673778803 196
1673778804 139
1673778804 163
1673778805 174
1673778805 154
1673778806 115
1673778806 150
1673778807 187
1673778807 102
1673778808 170
1673778808 156
1673778808 125
1673778808 146
1673778808 110
1673778808 165
1673778809 197
1673778809 182
1673778809 156
1673778810 183
1673778810 121
1673778810 184
1673778810 153
1673778810 191
1673778811 161
1673778811 155
1673778812 110
1673778813 190
1673778814 146
1673778814 190
1673778815 108
1673778815 190
1673778816 126
1673778816 182
1673778816 187
1673778816 101
1673778817 167
1673778817 158
1673778817 109
1673778818 192
1673778818 157
1673778818 141
1673778818 150
1673778821 158
1673778821 197
1673778823 118
1673778823 186
1673778823 167
1673778823 101
1673778824 198
1673778824 198
1673778824 162
1673778826 150
1673778826 131
1673778826 118
1673778827 157
1673778827 150
1673778828 119
1673778829 172
1673778829 164
1673778829 147
1673778831 186
1673778831 196
1673778831 150
1673778831 166
1673778831 141
1673778831 194
1673778832 197
1673778832 188
1673778832 148
1673778833 127
1673778834 169
1673778834 164
1673778834 105
1673778834 119
1673778835 135
1673778835 138
1673778836 147
1673778836 114
1673778836 157
1673778836 196
1673778837 127
1673778837 194
1673778837 111
1673778837 163
1673778838 135
1673778838 150
1673778838 137
1673778839 134
1673778839 190
1673778839 124
1673778839 133
1673778839 150
1673778840 188
1673778841 163
1673778841 104
1673778841 192
1673778841 154
1673778841 153
1673778841 163
1673778843 118
1673778843 170
1673778843 193
1673778844 125
1673778844 162
1673778844 175
1673778845 178
1673778845 122
1673778845 122
1673778846 161
1673778846 164
1673778846 140
1673778846 129
1673778847 122
1673778847 134
1673778848 197
1673778848 120
1673778849 200
1673778849 145
1673778849 188
1673778850 199
1673778850 169
1673778851 114
1673778851 139
1673778851 198
1673778851 103
1673778851 104
1673778851 194
1673778852 172
1673778852 126
1673778853 144
1673778853 169
1673778853 159
1673778853 155
1673778854 138
1673778854 182
1673778854 160
1673778854 194
1673778854 119
1673778854 125
1673778855 139
1673778855 106
1673778855 197
1673778855 127
1673778855 188
1673778856 116
1673778857 112
1673778859 160
1673778861 186
1673778861 123
1673778862 106
1673778862 197
1673778863 127
1673778863 171
1673778863 142
1673778863 114
1673778863 124
1673778864 102
1673778864 101
1673778865 125
1673778865 186
1673778865 115
1673778866 184
1673778866 173
1673778866 123
1673778867 102
1673778867 173
1673778868 141
1673778868 190
1673778869 117
1673778869 168
1673778869 187
1673778869 151
1673778870 109
1673778870 123
1673778870 191
1673778870 134
1673778871 172
1673778871 166
1673778871 185
1673778873 120
1673778873 192
1673778873 103
1673778875 189
1673778875 162
1673778875 189
1673778875 123
1673778876 117
1673778877 198
1673778877 157
1673778877 130
1673778878 128
1673778878 111
1673778879 181
1673778879 146
1673778879 107
1673778880 178
1673778880 181
1673778880 149
1673778881 121
1673778881 142
1673778882 103
1673778882 135
1673778882 125
1673778882 155
1673778883 138
1673778883 171
1673778883 141
1673778883 172
1673778885 103
1673778885 113
1673778885 124
1673778885 119
1673778887 118
1673778887 137
1673778889 193
1673778889 175
1673778889 184
1673778890 115
1673778891 131
1673778891 169
1673778891 156
1673778891 114
1673778892 175
1673778892 103
1673778892 107
1673778892 125
1673778893 143
1673778893 173
1673778894 113
1673778894 123
1673778894 191
1673778895 146
1673778895 158
1673778896 110
1673778896 149
1673778896 162
1673778896 189
1673778897 126
1673778897 155
1673778897 157
1673778897 149
1673778897 107
1673778898 129
1673778898 160
1673778898 198
1673778898 200
1673778899 124
1673778899 120
1673778900 106
1673778900 170
1673778900 180
1673778901 157
1673778901 178
1673778901 173
1673778901 131
1673778902 156
1673778902 149
1673778902 114
1673778902 158
1673778902 104
1673778903 101
1673778903 179
1673778903 128
1673778904 121
1673778904 124
1673778905 177
1673778905 145
1673778905 150
1673778905 158
1673778905 167
1673778906 120
1673778906 188
1673778906 150
1673778906 142
1673778906 119
1673778906 166
1673778907 146
1673778908 140
1673778908 162
1673778908 199
1673778908 181
1673778909 132
1673778909 116
1673778910 133
1673778910 138
1673778910 143
1673778911 133
1673778911 167
1673778912 180
1673778912 114
1673778913 187
1673778914 132
1673778914 128
1673778915 157
1673778915 140
1673778915 130
1673778916 194
1673778916 157
1673778916 115
1673778916 190
1673778917 192
1673778918 181
1673778919 156
1673778919 135
1673778919 111
1673778919 132
1673778920 110
1673778921 186
1673778921 191
1673778921 160
1673778921 162
1673778922 119
1673778922 110
1673778922 191
1673778923 156
1673778923 119
1673778923 188
1673778924 168
1673778925 179
1673778926 114
1673778926 120
1673778926 127
1673778927 115
1673778928 190
1673778928 187
1673778928 101
1673778929 150
1673778929 152
1673778929 139
1673778929 198
1673778929 148
1673778930 116
1673778931 159
1673778931 193
1673778931 133
1673778931 143
1673778931 192
1673778933 180
1673778933 171
1673778933 140
1673778933 143
1673778933 199
1673778934 123
1673778935 170
1673778935 155
1673778935 101
1673778936 135
1673778936 185
1673778936 159
1673778936 198
1673778937 162
1673778937 112
1673778937 101
1673778937 194
1673778937 194
1673778938 187
1673778938 189
1673778939 179
1673778939 173
1673778939 144
1673778940 183
1673778941 102
1673778942 188
1673778942 193
1673778942 155
1673778942 179
1673778943 173
1673778943 154
1673778943 105
1673778943 124
1673778943 129
1673778944 172
1673778945 188
1673778945 148
1673778945 169
1673778945 198
1673778945 119
1673778945 136
1673778946 174
1673778946 199
1673778947 189
1673778947 128
1673778947 179
1673778947 190
1673778947 186
1673778948 113
1673778948 142
1673778948 195
1673778948 144
1673778948 119
1673778949 115
1673778949 125
1673778950 173
1673778950 113
1673778950 181
1673778951 107
1673778952 101
1673778952 168
1673778953 185
1673778953 160
1673778954 129
1673778955 102
1673778955 102
1673778956 107
1673778956 112
1673778957 188
1673778957 161
1673778958 161
1673778958 196
1673778958 182
1673778959 159
1673778959 157
1673778959 131
1673778959 162
1673778959 146
1673778960 177
1673778962 113
1673778962 148
1673778964 163
1673778964 182
1673778964 146
1673778965 142
1673778966 108
1673778967 154
1673778967 117
1673778967 114
1673778968 142
1673778969 169
1673778969 118
1673778970 191
1673778970 146
1673778970 166
1673778970 141
1673778970 155
1673778971 145
1673778971 129
1673778971 168
1673778972 135
1673778972 117
1673778973 144
1673778973 197
1673778973 199
1673778974 172
1673778974 135
1673778974 197
1673778974 156
1673778975 172
1673778975 151
1673778976 146
1673778976 188
1673778976 107
1673778979 130
1673778979 121
1673778980 186
1673778981 164
1673778981 127
1673778981 187
1673778981 177
1673778982 154
1673778982 119
1673778982 157
1673778982 151
1673778983 178
1673778983 131
1673778984 198
1673778984 116
1673778984 105
1673778985 189
1673778985 199
1673778985 151
1673778985 120
1673778985 123
1673778985 178
1673778986 161
1673778986 127
1673778986 193
1673778986 125
1673778987 177
1673778987 159
1673778987 127
1673778987 199
1673778988 113
1673778988 156
1673778988 178
1673778988 143
1673778989 147
1673778989 195
1673778990 171
1673778990 153
1673778990 114
1673778990 157
1673778991 186
1673778991 150
1673778991 143
1673778991 164
1673778991 188
1673778992 171
1673778992 126
1673778993 136
1673778993 178
1673778993 101
1673778993 126
1673778993 164
1673778993 190
1673778995 195
1673778995 193
1673778995 127
1673778995 148
1673778995 146
1673778996 122
1673778997 170
1673778997 167
1673778997 184
1673778998 142
1673778998 142
1673778999 158
1673778999 189
1673778999 102
1673778999 126
1673779000 124
1673779000 165
1673779000 191
1673779001 165
1673779001 139
1673779001 145
1673779001 191
1673779001 125
1673779001 133
1673779001 150
1673779003 196
1673779005 169
1673779005 171
1673779006 198
1673779006 116
1673779006 141
1673779006 106
1673779006 176
1673779006 175
1673779006 198
1673779007 133
1673779008 141
1673779008 156
1673779008 178
1673779010 155
1673779010 197
1673779010 159
1673779012 150
1673779012 104
1673779012 179
1673779012 145
1673779013 157
1673779013 167
1673779014 173
1673779014 170
1673779014 176
1673779015 143
1673779015 136
1673779015 184
1673779016 108
1673779016 173
1673779017 129
1673779017 131
1673779018 102
1673779018 175
1673779018 136
1673779018 129
1673779018 139
1673779019 108
1673779019 160
1673779019 170
1673779019 198
1673779020 200
1673779020 186
1673779020 118
1673779020 165
1673779020 192
1673779021 179
1673779021 174
1673779022 104
1673779022 153
1673779023 121
1673779024 194
1673779025 172
1673779025 113
1673779025 200
1673779025 104
1673779025 167
1673779026 187
1673779026 148
1673779026 122
1673779026 178
1673779026 140
1673779027 148
1673779027 184
1673779027 135
1673779027 171
1673779028 195
1673779028 143
1673779028 162
1673779028 128
1673779029 146
1673779030 139
1673779030 148
1673779031 133
1673779031 188
1673779032 135
1673779032 104
1673779033 128
1673779034 145
1673779035 142
1673779035 132
1673779035 162
1673779036 192
1673779036 171
1673779036 105
1673779037 188
1673779037 131
1673779038 104
1673779039 105
1673779040 156
1673779040 195
1673779040 154
1673779041 136
1673779041 193
1673779042 200
1673779042 118
1673779043 186
1673779043 154
1673779044 195
1673779044 144
1673779044 155
1673779044 160
1673779045 131
1673779045 140
1673779045 169
1673779045 157
1673779045 102
1673779045 128
1673779046 122
1673779046 161
1673779046 178
1673779047 188
1673779047 148
1673779048 196
1673779048 194
1673779048 148
1673779048 156
1673779049 140
1673779049 153
1673779049 124
1673779050 165
1673779050 186
1673779051 130
1673779051 135
1673779052 180
1673779052 187
1673779052 172
1673779052 111
1673779052 176
1673779053 144
1673779053 175
1673779053 138
1673779053 177
1673779054 177
1673779054 120
1673779054 109
1673779054 119
1673779054 154
1673779055 198
1673779055 167
1673779055 119
1673779056 120
1673779056 143
1673779057 189
1673779057 200
1673779058 106
1673779058 155
1673779058 177
1673779059 183
1673779059 116
1673779059 152
1673779059 177
1673779059 186
1673779060 149
1673779061 104
1673779061 151
1673779062 197
1673779062 171
1673779063 169
1673779063 140
1673779063 152
1673779063 106
1673779064 188
1673779064 125
1673779064 160
1673779065 154
1673779065 138
1673779065 144
1673779066 187
1673779066 125
1673779066 164
1673779067 176
1673779067 107
1673779067 131
1673779067 156
1673779067 196
1673779068 101
1673779068 200
1673779068 106
1673779068 150
1673779069 144
1673779069 169
1673779069 126
1673779069 163
1673779069 130
1673779069 143
1673779070 169
1673779070 140
1673779071 130
1673779071 121
1673779071 107
1673779072 181
1673779072 174
1673779072 151
1673779072 127
1673779072 138
1673779073 131
1673779073 128
1673779073 177
1673779074 152
1673779075 129
1673779075 167
1673779075 131
1673779075 163
1673779075 125
1673779075 192
1673779075 156
1673779075 171
1673779075 198
1673779076 114
1673779077 155
1673779078 122
1673779078 138
1673779078 158
1673779078 157
1673779078 120
1673779079 144
1673779079 135
1673779079 136
1673779079 116
1673779080 149
1673779080 122
1673779080 132
1673779080 118
1673779080 165
1673779081 137
1673779081 101
1673779081 147
1673779082 149
1673779082 191
1673779082 190
1673779083 128
1673779083 200
1673779083 155
1673779083 196
1673779084 182
1673779084 144
1673779085 196
1673779085 177
1673779086 179
1673779086 199
1673779087 158
1673779087 157
1673779087 123
1673779088 198
1673779089 188
1673779089 179
1673779090 143
1673779091 190
1673779092 136
1673779092 141
1673779092 116
1673779093 153
1673779094 187
1673779094 130
1673779095 191
1673779095 183
1673779096 153
1673779096 190
1673779096 133
1673779097 118
1673779097 158
1673779098 195
1673779098 161
1673779098 193
1673779098 188
1673779099 167
1673779099 158
1673779099 172
1673779099 156
1673779099 165
1673779099 120
1673779099 196
1673779100 190
1673779100 143
1673779100 166
1673779100 176
1673779100 138
1673779100 162
1673779100 196
1673779101 195
1673779101 199
1673779101 124
1673779101 114
1673779102 118
1673779102 172
1673779102 130
1673779103 152
1673779103 113
1673779103 160
1673779103 178
1673779104 112
1673779105 143
1673779105 110
1673779106 179
1673779106 123
1673779106 119
1673779106 184
1673779106 191
1673779106 101
1673779107 136
1673779107 140
1673779108 182
1673779109 136
1673779109 158
1673779109 103
1673779109 125
1673779110 112
1673779110 155
1673779110 111
1673779110 159
1673779110 120
1673779111 170
1673779112 133
1673779113 151
1673779113 126
1673779114 194
1673779114 169
1673779115 110
1673779115 132
1673779116 102
1673779116 152
1673779116 179
1673779116 139
1673779116 124
1673779117 131
1673779117 111
1673779118 196
1673779118 160
1673779118 153
1673779118 158
1673779119 136
1673779119 200
1673779119 144
1673779119 187
1673779119 193
1673779120 116
1673779120 156
1673779121 170
1673779121 187
1673779121 143
1673779122 173
1673779122 137
1673779122 190
1673779122 115
1673779122 173
1673779123 110
1673779124 145
1673779124 158
1673779124 144
1673779125 147
1673779125 162
1673779125 188
1673779125 145
1673779125 194
1673779126 154
1673779126 148
1673779128 123
1673779128 122
1673779128 198
1673779129 145
1673779129 160
1673779129 150
1673779129 105
1673779130 188
1673779130 160
1673779130 115
1673779131 170
1673779131 143
1673779132 183
1673779132 133
1673779132 108
1673779132 107
1673779132 165
1673779133 140
1673779133 116
1673779135 151
1673779136 193
1673779138 186
1673779138 116
1673779138 109
1673779138 118
1673779139 169
1673779140 123
1673779140 185
1673779141 153
1673779142 187
1673779142 118
1673779142 145
1673779143 182
1673779143 155
1673779143 173
1673779144 160
1673779144 111
1673779145 175
1673779145 175
1673779147 179
1673779147 169
1673779147 133
1673779148 179
1673779148 145
1673779149 181
1673779149 184
1673779149 119
1673779149 133
1673779149 165
1673779150 111
1673779151 173
1673779151 174
1673779152 123
1673779152 176
1673779152 183
1673779153 171
1673779153 123
1673779153 131
1673779153 132
1673779153 158
1673779154 170
1673779154 186
1673779155 172
1673779155 159
1673779155 128
1673779155 181
1673779156 158
1673779156 197
1673779157 134
1673779157 168
1673779157 137
1673779159 143
1673779160 145
1673779160 141
1673779160 154
1673779161 145
1673779161 121
1673779161 195
1673779162 130
1673779163 160
1673779164 108
1673779164 148
1673779165 173
1673779165 137
1673779166 171
1673779166 137
1673779166 120
1673779167 162
1673779167 109
1673779168 110
1673779168 109
1673779168 149
1673779168 129
1673779168 167
1673779169 184
1673779169 138
1673779169 151
1673779169 173
1673779170 183
1673779170 138
1673779171 158
1673779172 165
1673779172 169
1673779172 187
1673779174 139
1673779174 182
1673779174 132
1673779175 166
1673779175 147
1673779175 184
1673779176 128
1673779176 142
1673779176 126
1673779176 168
1673779177 152
1673779177 116
1673779177 198
1673779178 140
1673779178 198
1673779178 104
1673779178 170
1673779180 107
1673779180 200
1673779181 166
1673779181 109
1673779181 152
1673779181 188
1673779181 152
1673779181 178
1673779182 180
1673779182 193
1673779182 149
1673779183 104
1673779183 130
1673779183 115
1673779183 125
1673779184 138
1673779184 176
1673779184 152
1673779185 129
1673779186 124
1673779186 154
1673779187 116
1673779187 132
1673779187 166
1673779187 130
1673779188 135
1673779189 144
1673779190 181
1673779190 177
1673779190 124
1673779190 152
1673779191 185
1673779191 118
1673779192 146
1673779192 109
1673779192 136
1673779192 147
1673779192 162
1673779193 134
1673779193 139
1673779194 149
1673779194 145
1673779195 111
1673779195 142
1673779195 128
1673779195 140
1673779195 164
1673779195 117
1673779196 147
1673779197 155
1673779197 108
1673779197 109
1673779198 113
1673779198 151
1673779198 108
1673779198 138
1673779199 161
1673779199 127
1673779200 162
1673779200 135
1673779201 161
1673779201 200
1673779202 168
1673779202 162
1673779202 109
1673779203 102
1673779203 190
1673779204 161
1673779205 169
1673779205 117
1673779205 114
1673779206 102
1673779206 109
1673779206 105
1673779207 113
1673779208 117
1673779208 128
1673779208 158
1673779209 133
1673779209 107
1673779209 143
1673779210 156
1673779210 154
1673779210 134
1673779211 158
1673779212 148
1673779212 134
1673779213 121
1673779213 139
1673779213 169
1673779214 132
1673779214 142
1673779214 159
1673779215 155
1673779215 166
1673779215 121
1673779215 111
1673779215 190
1673779215 162
1673779216 180
1673779216 169
1673779216 158
1673779217 133
1673779218 124
1673779218 113
1673779220 158
1673779220 184
1673779220 171
1673779221 183
1673779221 150
1673779221 131
1673779222 161
1673779223 130
1673779223 102
1673779224 107
1673779224 110
1673779224 200
1673779225 155
1673779225 172
1673779225 133
1673779226 101
1673779226 171
1673779226 195
1673779227 153
1673779227 106
1673779228 187
1673779228 154
1673779228 173
1673779229 123
1673779229 168
1673779229 199
1673779229 143
1673779230 114
1673779230 148
1673779230 122
1673779230 101
1673779231 189
1673779231 199
1673779232 124
1673779232 142
1673779232 164
1673779232 175
1673779232 144
1673779233 165
1673779233 117
1673779234 102
1673779234 137
1673779234 182
1673779234 103
1673779235 106
1673779235 176
1673779235 130
1673779236 170
1673779236 146
1673779236 138
1673779236 197
1673779237 142
1673779238 180
1673779238 133
1673779238 102
1673779239 122
1673779240 126
1673779240 147
1673779240 104
1673779240 170
1673779241 187
1673779241 197
1673779241 119
1673779242 192
1673779242 163
1673779243 106
1673779243 121
1673779243 112
1673779244 197
1673779245 109
1673779245 175
1673779245 197
1673779245 161
1673779246 176
1673779246 120
1673779246 152
1673779246 127
1673779246 142
1673779247 144
1673779248 176
1673779248 178
1673779248 175
1673779248 195
1673779248 135
1673779249 101
1673779249 147
1673779250 178
1673779250 153
1673779250 176
1673779250 193
1673779250 186
1673779251 116
1673779251 110
1673779252 168
1673779252 198
1673779252 198
1673779252 152
1673779252 104
1673779253 192
1673779253 162
1673779253 129
1673779253 200
1673779253 129
1673779253 116
1673779254 130
1673779255 166
1673779256 144
1673779256 124
1673779257 199
1673779257 126
1673779258 165
1673779258 145
1673779258 167
1673779259 121
1673779259 149
1673779259 171
1673779259 197
1673779260 144
1673779260 139
1673779260 134
1673779261 169
1673779261 137
1673779261 163
1673779261 106
1673779262 191
1673779263 175
1673779263 184
1673779263 149
1673779263 194
1673779263 118
1673779263 188
1673779264 110
1673779264 200
1673779265 146
1673779265 151
1673779266 168
1673779266 152
1673779266 191
1673779267 144
1673779267 166
1673779267 116
1673779268 150
1673779268 127
1673779269 190
1673779269 118
1673779270 154
1673779270 123
1673779270 188
1673779270 107
1673779271 154
1673779271 183
1673779271 180
1673779271 135
1673779272 118
1673779272 101
1673779272 125
1673779273 107
1673779273 159
1673779274 135
1673779274 153
1673779274 155
1673779274 160
1673779274 113
1673779275 147
1673779276 121
1673779276 172
1673779277 152
1673779277 131
1673779277 195
1673779277 114
1673779278 181
1673779278 145
1673779278 141
1673779278 104
1673779279 122
1673779279 114
1673779279 190
1673779279 137
1673779281 161
1673779281 176
1673779281 164
1673779282 193
1673779282 119
1673779282 193
1673779282 142
1673779282 155
1673779283 181
1673779283 199
1673779283 161
1673779284 116
1673779284 143
1673779285 138
1673779286 136
1673779286 186
1673779286 182
1673779287 190
1673779288 148
1673779289 198
1673779290 173
1673779290 144
1673779290 172
1673779291 129
