1673776802 180
1673776802 176
1673776802 103
1673776804 183
1673776804 190
1673776806 101
1673776807 103
1673776808 161
1673776810 200
1673776811 195
1673776812 138
1673776813 158
1673776813 165
1673776814 115
1673776816 130
1673776817 145
1673776817 138
1673776817 129
1673776820 116
1673776821 186
1673776821 153
1673776823 177
1673776824 140
1673776824 190
1673776824 147
1673776827 176
1673776830 123
1673776830 184
1673776830 144
1673776831 117
1673776831 155
1673776833 123
1673776833 159
1673776836 182
1673776836 119
1673776836 172
1673776838 186
1673776838 175
1673776841 119
1673776842 147
1673776842 145
1673776842 194
1673776847 186
1673776849 128
1673776849 128
1673776849 105
1673776849 112
1673776850 110
1673776851 114
1673776853 102
1673776853 190
1673776853 185
1673776858 185
1673776859 119
1673776860 162
1673776861 181
1673776862 181
1673776862 145
1673776867 111
1673776867 149
1673776870 138
1673776871 103
1673776871 198
1673776871 125
1673776871 152
1673776872 153
1673776874 104
1673776876 199
1673776877 183
1673776878 129
1673776880 189
1673776881 144
1673776882 107
1673776882 196
1673776882 157
1673776883 124
1673776883 170
1673776885 143
1673776886 158
1673776887 120
1673776888 149
1673776888 140
1673776888 138
1673776890 106
1673776892 111
1673776894 108
1673776895 139
1673776898 148
1673776898 179
1673776899 137
1673776899 135
1673776900 158
1673776900 131
1673776901 109
1673776903 133
1673776904 139
1673776907 178
1673776908 149
1673776917 134
1673776917 188
1673776920 131
1673776920 124
1673776921 175
1673776922 153
1673776922 188
1673776923 134
1673776923 171
1673776924 181
1673776924 198
1673776925 195
1673776925 137
1673776926 159
1673776926 101
1673776926 104
1673776927 121
1673776928 110
1673776928 181
1673776929 131
1673776929 122
1673776931 194
1673776931 117
1673776932 170
1673776932 160
1673776932 135
1673776933 157
1673776933 195
1673776934 139
1673776935 167
1673776936 164
1673776937 112
1673776937 178
1673776938 106
1673776938 144
1673776939 124
1673776939 145
1673776939 131
1673776939 108
1673776940 178
1673776940 171
1673776941 134
1673776942 163
1673776942 154
1673776942 172
1673776943 129
1673776944 134
1673776944 197
1673776944 154
1673776944 188
1673776944 121
1673776944 139
1673776944 135
1673776945 151
1673776945 148
1673776945 149
1673776946 152
1673776947 183
1673776947 194
1673776948 172
1673776950 128
1673776950 126
1673776952 149
1673776952 189
1673776952 108
1673776952 117
1673776952 154
1673776952 193
1673776953 145
1673776953 108
1673776955 154
1673776955 117
1673776956 154
1673776956 109
1673776956 145
1673776956 102
1673776956 117
1673776957 147
1673776957 114
1673776957 124
1673776958 155
1673776958 156
1673776959 134
1673776959 102
1673776960 137
1673776960 188
1673776961 150
1673776961 124
1673776961 151
1673776962 160
1673776962 189
1673776962 164
1673776963 157
1673776963 182
1673776963 162
1673776964 144
1673776964 167
1673776964 112
1673776964 170
1673776964 102
1673776964 113
1673776964 165
1673776964 199
1673776965 162
1673776965 167
1673776965 102
1673776966 153
1673776966 153
1673776966 159
1673776967 151
1673776967 179
1673776968 135
1673776969 141
1673776969 114
1673776969 120
1673776969 138
1673776970 196
1673776970 159
1673776971 163
1673776971 145
1673776971 112
1673776971 176
1673776971 138
1673776972 118
1673776972 182
1673776972 122
1673776973 179
1673776973 189
1673776973 144
1673776974 134
1673776974 136
1673776974 145
1673776974 157
1673776974 186
1673776975 172
1673776975 147
1673776975 103
1673776976 193
1673776976 150
1673776976 113
1673776977 134
1673776977 173
1673776977 200
1673776977 133
1673776977 162
1673776978 189
1673776978 160
1673776978 134
1673776978 107
1673776979 191
1673776980 191
1673776980 161
1673776980 147
1673776981 151
1673776981 138
1673776981 200
1673776982 147
1673776982 150
1673776982 113
1673776982 176
1673776983 193
1673776984 154
1673776985 146
1673776985 122
1673776987 176
1673776988 124
1673776988 140
1673776989 130
1673776992 185
1673776992 109
1673776992 146
1673776995 183
1673776995 195
1673776996 136
1673776996 109
1673776996 107
1673776997 119
1673776998 182
1673776998 172
1673776998 101
1673776999 163
1673776999 104
1673776999 111
1673777000 194
1673777001 135
1673777001 159
1673777001 126
1673777002 118
1673777003 175
1673777003 101
1673777003 155
1673777003 163
1673777004 140
1673777004 147
1673777006 165
1673777007 197
1673777007 189
1673777007 121
1673777007 179
1673777008 185
1673777009 156
1673777009 136
1673777010 125
1673777010 198
1673777011 110
1673777011 116
1673777011 190
1673777012 112
1673777012 173
1673777012 179
1673777013 180
1673777013 161
1673777014 109
1673777015 144
1673777015 131
1673777016 144
1673777016 108
1673777018 198
1673777018 136
1673777018 123
1673777019 122
1673777019 155
1673777020 141
1673777020 175
1673777021 163
1673777022 151
1673777022 155
1673777023 150
1673777023 149
1673777024 113
1673777025 136
1673777025 145
1673777025 128
1673777025 144
1673777026 149
1673777026 106
1673777026 173
1673777026 168
1673777028 153
1673777028 192
1673777029 191
1673777029 112
1673777029 178
1673777029 104
1673777029 200
1673777030 126
1673777030 167
1673777031 187
1673777031 149
1673777031 142
1673777032 167
1673777032 107
1673777033 199
1673777033 147
1673777033 134
1673777034 184
1673777034 189
1673777034 195
1673777035 151
1673777035 103
1673777035 126
1673777036 168
1673777036 172
1673777036 143
1673777036 185
1673777037 188
1673777037 170
1673777037 118
1673777039 186
1673777039 197
1673777039 129
1673777040 131
1673777041 187
1673777041 135
1673777042 131
1673777042 148
1673777042 151
1673777043 143
1673777043 165
1673777043 127
1673777044 138
1673777044 105
1673777044 137
1673777044 140
1673777044 161
1673777045 195
1673777046 129
1673777046 118
1673777047 159
1673777047 195
1673777048 196
1673777048 107
1673777049 152
1673777050 172
1673777050 114
1673777050 155
1673777050 147
1673777050 176
1673777050 120
1673777050 182
1673777050 172
1673777051 136
1673777051 135
1673777051 198
1673777051 172
1673777051 125
1673777051 102
1673777052 134
1673777052 134
1673777052 192
1673777052 152
1673777052 179
1673777053 184
1673777053 112
1673777053 132
1673777053 121
1673777053 171
1673777054 175
1673777054 125
1673777055 122
1673777056 151
1673777056 112
1673777056 178
1673777056 131
1673777057 163
1673777057 124
1673777057 113
1673777058 140
1673777058 200
1673777058 182
1673777058 167
1673777058 174
1673777059 120
1673777059 106
1673777059 135
1673777059 118
1673777060 145
1673777060 152
1673777061 181
1673777061 157
1673777061 115
1673777062 164
1673777062 161
1673777062 104
1673777063 171
1673777063 134
1673777063 142
1673777063 196
1673777063 152
1673777064 105
1673777064 131
1673777064 162
1673777064 194
1673777064 169
1673777064 115
1673777064 187
1673777065 104
1673777066 132
1673777066 102
1673777067 171
1673777067 115
1673777067 189
1673777068 109
1673777068 155
1673777068 193
1673777069 103
1673777070 135
1673777070 179
1673777070 182
1673777071 134
1673777071 185
1673777071 122
1673777071 172
1673777071 165
1673777072 198
1673777073 182
1673777073 174
1673777073 133
1673777073 181
1673777074 154
1673777075 170
1673777075 114
1673777075 148
1673777075 194
1673777075 161
1673777076 142
1673777076 103
1673777076 182
1673777076 168
1673777077 102
1673777077 170
1673777077 195
1673777077 155
1673777078 152
1673777078 147
1673777078 139
1673777078 105
1673777078 157
1673777079 176
1673777079 109
1673777080 200
1673777080 186
1673777080 173
1673777081 124
1673777082 184
1673777083 135
1673777083 146
1673777083 182
1673777083 159
1673777083 136
1673777084 181
1673777085 126
1673777085 175
1673777085 125
1673777086 155
1673777086 106
1673777087 107
1673777087 153
1673777087 112
1673777088 119
1673777089 183
1673777089 186
1673777089 191
1673777090 175
1673777090 122
1673777090 155
1673777091 148
1673777091 103
1673777092 143
1673777092 149
1673777093 133
1673777093 115
1673777093 170
1673777093 175
1673777093 157
1673777095 180
1673777095 178
1673777095 111
1673777095 185
1673777096 150
1673777096 192
1673777097 115
1673777097 189
1673777097 140
1673777098 118
1673777098 185
1673777099 118
1673777099 173
1673777099 190
1673777099 130
1673777100 123
1673777100 151
1673777100 115
1673777101 120
1673777101 170
1673777101 187
1673777101 108
1673777101 155
1673777101 199
1673777102 157
1673777102 184
1673777103 161
1673777103 188
1673777103 194
1673777103 140
1673777103 122
1673777103 109
1673777103 192
1673777104 133
1673777104 185
1673777104 191
1673777105 192
1673777105 106
1673777106 120
1673777106 116
1673777106 143
1673777106 148
1673777106 145
1673777107 173
1673777107 106
1673777107 137
1673777108 115
1673777108 109
1673777108 118
1673777109 115
1673777109 103
1673777109 145
1673777110 110
1673777110 112
1673777111 197
1673777111 121
1673777112 191
1673777112 141
1673777113 114
1673777113 181
1673777113 173
1673777114 107
1673777114 139
1673777114 124
1673777114 127
1673777114 183
1673777115 159
1673777115 114
1673777117 154
1673777118 145
1673777118 140
1673777118 128
1673777119 149
1673777119 176
1673777120 179
1673777120 111
1673777120 149
1673777120 104
1673777120 158
1673777121 111
1673777121 157
1673777122 174
1673777122 196
1673777123 140
1673777123 160
1673777123 186
1673777123 117
1673777124 111
1673777124 140
1673777124 184
1673777125 102
1673777126 155
1673777126 105
1673777126 152
1673777127 124
1673777127 135
1673777128 106
1673777128 191
1673777128 164
1673777130 135
1673777130 193
1673777130 116
1673777131 138
1673777132 115
1673777132 103
1673777133 192
1673777133 131
1673777133 138
1673777133 148
1673777134 161
1673777134 169
1673777134 130
1673777135 114
1673777136 195
1673777136 176
1673777137 111
1673777137 111
1673777138 187
1673777138 131
1673777138 190
1673777138 121
1673777139 191
1673777139 160
1673777140 106
1673777141 195
1673777141 140
1673777141 140
1673777142 175
1673777142 169
1673777142 154
1673777143 104
1673777143 103
1673777143 152
1673777144 104
1673777144 179
1673777144 166
1673777144 156
1673777145 191
1673777145 145
1673777145 140
1673777145 102
1673777146 153
1673777147 120
1673777147 140
1673777148 195
1673777149 164
1673777149 173
1673777149 199
1673777149 187
1673777150 155
1673777150 163
1673777150 145
1673777150 148
1673777150 166
1673777150 122
1673777151 126
1673777152 117
1673777152 128
1673777153 171
1673777153 109
1673777153 147
1673777153 116
1673777154 162
1673777154 117
1673777154 176
1673777154 151
1673777154 130
1673777155 180
1673777155 156
1673777155 155
1673777156 123
1673777156 103
1673777156 146
1673777156 134
1673777156 107
1673777157 125
1673777157 171
1673777157 123
1673777157 189
1673777158 162
1673777158 192
1673777160 193
1673777160 187
1673777160 181
1673777160 125
1673777160 128
1673777161 159
1673777161 133
1673777161 134
1673777162 105
1673777162 120
1673777162 181
1673777162 105
1673777162 147
1673777163 102
1673777164 130
1673777164 129
1673777164 168
1673777165 105
1673777165 181
1673777165 147
1673777166 148
1673777166 111
1673777167 179
1673777167 132
1673777167 191
1673777167 108
1673777167 120
1673777167 120
1673777167 182
1673777168 181
1673777168 166
1673777168 121
1673777169 120
1673777169 113
1673777170 144
1673777170 120
1673777170 120
1673777170 142
1673777170 174
1673777171 111
1673777171 113
1673777171 118
1673777172 194
1673777173 158
1673777173 195
1673777173 143
1673777174 130
1673777174 130
1673777174 118
1673777174 130
1673777174 155
1673777175 182
1673777175 124
1673777175 172
1673777176 101
1673777177 149
1673777178 127
1673777178 148
1673777178 172
1673777178 156
1673777178 178
1673777178 189
1673777179 189
1673777179 167
1673777180 102
1673777180 115
1673777181 159
1673777181 119
1673777181 151
1673777181 156
1673777182 134
1673777182 163
1673777183 107
1673777183 117
1673777183 169
1673777184 135
1673777184 143
1673777184 192
1673777184 103
1673777185 170
1673777185 114
1673777185 111
1673777186 169
1673777186 166
1673777187 165
1673777187 115
1673777187 176
1673777187 172
1673777189 106
1673777189 192
1673777189 149
1673777189 156
1673777189 138
1673777190 138
1673777190 157
1673777190 132
1673777190 122
1673777190 161
1673777191 101
1673777191 162
1673777191 195
1673777192 193
1673777192 140
1673777192 144
1673777192 178
1673777193 184
1673777193 172
1673777193 192
1673777193 142
1673777194 103
1673777194 167
1673777195 113
1673777195 198
1673777195 154
1673777195 176
1673777196 116
1673777196 187
1673777197 195
1673777198 108
1673777198 119
1673777198 149
1673777199 186
1673777199 140
1673777199 167
1673777200 170
1673777200 144
1673777201 173
1673777201 194
1673777201 177
1673777202 122
1673777202 162
1673777202 172
1673777202 183
1673777203 159
1673777203 132
1673777203 153
1673777203 131
1673777203 114
1673777203 105
1673777204 155
1673777204 164
1673777204 111
1673777204 188
1673777205 183
1673777205 118
1673777205 161
1673777206 110
1673777206 110
1673777207 185
1673777207 159
1673777208 182
1673777209 120
1673777209 157
1673777210 113
1673777210 103
1673777211 144
1673777211 193
1673777212 189
1673777212 110
1673777212 117
1673777212 118
1673777213 108
1673777213 116
1673777214 127
1673777214 172
1673777214 149
1673777215 133
1673777215 179
1673777216 163
1673777216 137
1673777216 179
1673777216 128
1673777217 144
1673777217 157
1673777218 189
1673777218 173
1673777218 138
1673777219 134
1673777220 104
1673777220 180
1673777221 167
1673777222 190
1673777222 118
1673777222 159
1673777222 169
1673777222 184
1673777223 136
1673777223 152
1673777224 137
1673777224 162
1673777225 164
1673777225 110
1673777225 103
1673777225 198
1673777226 181
1673777226 124
1673777227 136
1673777227 115
1673777227 163
1673777228 117
1673777229 181
1673777229 106
1673777229 123
1673777229 184
1673777230 142
1673777232 177
1673777234 134
1673777234 175
1673777234 158
1673777235 175
1673777235 166
1673777236 149
1673777236 183
1673777236 177
1673777238 105
1673777238 156
1673777239 138
1673777240 150
1673777240 186
1673777241 110
1673777241 173
1673777243 122
1673777244 119
1673777244 124
1673777244 124
1673777247 172
1673777247 120
1673777248 143
1673777248 109
1673777250 172
1673777250 129
1673777250 122
1673777250 156
1673777251 120
1673777251 167
1673777252 150
1673777252 107
1673777252 141
1673777253 125
1673777254 136
1673777254 159
1673777255 141
1673777255 194
1673777255 123
1673777255 159
1673777255 129
1673777256 180
1673777256 155
1673777256 165
1673777256 154
1673777257 128
1673777257 179
1673777257 121
1673777258 126
1673777258 125
1673777258 200
1673777258 189
1673777259 192
1673777261 160
1673777261 146
1673777261 115
1673777262 170
1673777262 109
1673777262 147
1673777263 117
1673777263 115
1673777263 180
1673777264 195
1673777264 146
1673777264 199
1673777264 175
1673777264 152
1673777265 195
1673777266 160
1673777266 165
1673777266 132
1673777266 115
1673777266 101
1673777267 164
1673777267 143
1673777268 101
1673777268 197
1673777269 156
1673777269 102
1673777269 184
1673777270 161
1673777270 164
1673777270 148
1673777270 114
1673777270 138
1673777270 164
1673777270 127
1673777271 102
1673777271 197
1673777271 101
1673777273 149
1673777273 175
1673777274 141
1673777274 128
1673777274 103
1673777275 152
1673777276 106
1673777276 175
1673777276 131
1673777276 160
1673777276 134
1673777277 109
1673777277 114
1673777277 114
1673777277 124
1673777278 116
1673777278 151
1673777278 186
1673777278 157
1673777279 179
1673777279 130
1673777279 164
1673777280 170
1673777280 188
1673777280 103
1673777281 146
1673777281 110
1673777282 114
1673777282 112
1673777282 184
1673777282 187
1673777282 127
1673777282 152
1673777282 122
1673777283 130
1673777283 172
1673777283 150
1673777284 188
1673777284 141
1673777284 182
1673777285 139
1673777285 111
1673777285 173
1673777285 136
1673777286 194
1673777286 167
1673777286 123
1673777287 157
1673777287 124
1673777287 125
1673777287 180
1673777287 191
1673777288 104
1673777288 189
1673777288 166
1673777288 194
1673777289 195
1673777289 187
1673777289 195
1673777289 186
1673777290 105
1673777290 128
1673777290 180
1673777291 200
1673777291 141
1673777291 167
1673777291 102
1673777291 127
1673777291 161
1673777292 112
1673777294 121
1673777294 131
1673777294 199
1673777294 165
1673777294 192
1673777294 130
1673777295 152
1673777295 136
1673777295 174
1673777295 138
1673777295 192
1673777296 172
1673777297 198
1673777298 143
1673777298 150
1673777298 153
1673777298 103
1673777299 152
1673777299 158
1673777299 182
1673777300 182
1673777301 140
1673777301 105
1673777302 187
1673777302 133
1673777302 137
1673777302 187
1673777303 163
1673777303 194
1673777303 103
1673777303 165
1673777303 107
1673777303 116
1673777305 123
1673777305 146
1673777305 182
1673777305 140
1673777306 130
1673777306 125
1673777306 178
1673777306 173
1673777307 165
1673777308 108
1673777308 125
1673777308 153
1673777308 196
1673777308 176
1673777310 165
1673777310 200
1673777310 163
1673777310 128
1673777311 101
1673777311 121
1673777311 193
1673777311 165
1673777311 141
1673777311 141
1673777311 170
1673777311 182
1673777311 103
1673777312 134
1673777312 182
1673777312 144
1673777312 163
1673777313 145
1673777313 165
1673777315 138
1673777315 137
1673777315 110
1673777315 157
1673777316 104
1673777316 120
1673777317 151
1673777317 156
1673777317 138
1673777317 134
1673777318 121
1673777318 167
1673777318 180
1673777318 101
1673777319 112
1673777319 165
1673777319 128
1673777320 128
1673777320 186
1673777320 147
1673777321 143
1673777321 142
1673777322 156
1673777322 141
1673777323 120
1673777324 177
1673777324 169
1673777325 140
1673777326 143
1673777327 111
1673777328 154
1673777328 148
1673777329 148
1673777329 147
1673777329 101
1673777329 193
1673777329 159
1673777330 141
1673777330 186
1673777331 200
1673777331 145
1673777332 146
1673777332 121
1673777333 146
1673777333 101
1673777333 163
1673777333 156
1673777333 185
1673777334 173
1673777334 118
1673777335 169
1673777335 179
1673777336 176
1673777336 177
1673777336 160
1673777336 115
1673777337 105
1673777337 118
1673777337 162
1673777338 151
1673777338 181
1673777338 148
1673777338 177
1673777338 143
1673777339 118
1673777339 103
1673777339 154
1673777339 145
1673777340 177
1673777341 191
1673777341 106
1673777341 189
1673777342 118
1673777343 174
1673777345 101
1673777346 196
1673777360 171
1673777360 129
1673777361 197
1673777361 102
1673777362 176
1673777363 151
1673777363 200
1673777363 153
1673777364 186
1673777364 172
1673777365 119
1673777365 121
1673777366 149
1673777366 131
1673777366 110
1673777366 158
1673777366 138
1673777366 132
1673777367 189
1673777367 127
1673777367 126
1673777368 129
1673777368 179
1673777369 123
1673777369 124
1673777369 172
1673777370 118
1673777370 198
1673777370 131
1673777371 121
1673777371 135
1673777371 109
1673777371 114
1673777371 138
1673777372 180
1673777372 161
1673777373 177
1673777373 193
1673777373 106
1673777373 129
1673777374 169
1673777374 153
1673777375 139
1673777375 105
1673777376 154
1673777376 150
1673777376 182
1673777377 121
1673777377 128
1673777377 136
1673777378 122
1673777379 103
1673777379 106
1673777379 173
1673777379 131
1673777380 158
1673777380 114
1673777380 120
1673777381 102
1673777381 112
1673777381 189
1673777381 113
1673777381 109
1673777382 158
1673777382 156
1673777382 147
1673777382 135
1673777383 184
1673777383 163
1673777384 120
1673777384 168
1673777384 153
1673777384 167
1673777384 130
1673777384 137
1673777385 181
1673777385 145
1673777385 157
1673777385 169
1673777386 193
1673777386 106
1673777386 135
1673777387 113
1673777387 168
1673777387 106
1673777387 103
1673777387 196
1673777388 123
1673777388 180
1673777388 114
1673777388 134
1673777388 167
1673777389 183
1673777389 150
1673777389 200
1673777390 178
1673777390 196
1673777390 127
1673777390 140
1673777390 155
1673777391 159
1673777391 101
1673777391 108
1673777392 112
1673777392 107
1673777392 101
1673777393 137
1673777393 160
1673777394 102
1673777394 147
1673777395 118
1673777395 182
1673777395 155
1673777397 102
1673777397 154
1673777397 133
1673777397 175
1673777397 164
1673777397 154
1673777398 199
1673777399 155
1673777399 195
1673777399 103
1673777400 135
1673777400 199
1673777401 187
1673777402 107
1673777402 176
1673777403 124
1673777403 142
1673777403 157
1673777403 189
1673777403 137
1673777406 104
1673777407 121
1673777407 188
1673777407 108
1673777407 127
1673777407 142
1673777407 132
1673777409 108
1673777409 196
1673777409 140
1673777410 119
1673777411 139
1673777411 110
1673777412 110
1673777412 193
1673777412 143
1673777413 142
1673777414 192
1673777414 193
1673777415 198
1673777415 112
1673777416 183
1673777416 119
1673777416 166
1673777417 194
1673777417 110
1673777417 120
1673777417 191
1673777417 198
1673777417 176
1673777418 158
1673777418 169
1673777418 133
1673777418 115
1673777418 194
1673777418 149
1673777419 149
1673777419 109
1673777419 192
1673777419 160
1673777420 187
1673777420 191
1673777420 170
1673777420 190
1673777422 137
1673777422 189
1673777422 105
1673777422 165
1673777422 185
1673777422 145
1673777423 165
1673777423 154
1673777424 104
1673777424 186
1673777424 104
1673777425 102
1673777425 156
1673777426 199
1673777426 117
1673777426 104
1673777427 168
1673777427 127
1673777427 171
1673777428 187
1673777428 167
1673777428 114
1673777428 140
1673777428 145
1673777429 160
1673777429 138
1673777429 117
1673777430 116
1673777430 141
1673777430 139
1673777431 134
1673777431 153
1673777431 111
1673777431 169
1673777431 131
1673777432 161
1673777432 143
1673777432 156
1673777432 149
1673777433 196
1673777433 112
1673777433 132
1673777433 104
1673777434 109
1673777435 102
1673777435 144
1673777436 180
1673777437 117
1673777437 131
1673777438 173
1673777438 194
1673777438 165
1673777438 175
1673777438 117
1673777439 141
1673777439 149
1673777439 166
1673777440 117
1673777440 198
1673777440 139
1673777441 102
1673777441 198
1673777441 115
1673777441 194
1673777441 164
1673777441 163
1673777442 104
1673777442 185
1673777442 159
1673777442 129
1673777442 161
1673777443 127
1673777443 196
1673777443 199
1673777443 197
1673777443 197
1673777444 162
1673777445 180
1673777445 153
1673777445 115
1673777445 110
1673777446 178
1673777446 119
1673777446 120
1673777446 162
1673777447 109
1673777448 166
1673777448 131
1673777449 131
1673777449 120
1673777450 179
1673777451 149
1673777451 164
1673777452 131
1673777452 179
1673777453 186
1673777454 153
1673777454 108
1673777454 116
1673777454 143
1673777455 164
1673777455 144
1673777456 190
1673777456 129
1673777456 105
1673777456 151
1673777457 101
1673777457 136
1673777457 102
1673777457 158
1673777458 111
1673777458 105
1673777459 144
1673777459 142
1673777459 133
1673777459 104
1673777460 191
1673777460 101
1673777460 121
1673777460 150
1673777461 129
1673777461 195
1673777462 110
1673777462 161
1673777462 113
1673777462 106
1673777462 158
1673777462 168
1673777464 158
1673777464 185
1673777464 133
1673777464 180
1673777464 102
1673777464 111
1673777464 142
1673777464 174
1673777465 104
1673777465 142
1673777466 108
1673777466 103
1673777466 151
1673777467 128
1673777467 141
1673777467 159
1673777467 196
1673777467 117
1673777467 112
1673777467 121
1673777467 106
1673777467 152
1673777468 126
1673777468 170
1673777468 112
1673777469 182
1673777469 151
1673777469 119
1673777469 125
1673777469 132
1673777469 119
1673777470 154
1673777470 156
1673777470 124
1673777470 175
1673777471 166
1673777471 179
1673777471 114
1673777471 198
1673777471 188
1673777471 197
1673777472 154
1673777472 129
1673777472 183
1673777473 162
1673777474 120
1673777474 178
1673777475 176
1673777475 116
1673777476 200
1673777476 106
1673777477 186
1673777478 149
1673777479 150
1673777479 114
1673777479 169
1673777480 171
1673777480 110
1673777480 163
1673777481 185
1673777481 114
1673777481 182
1673777481 118
1673777481 132
1673777481 157
1673777482 115
1673777482 165
1673777482 110
1673777483 167
1673777484 153
1673777485 166
1673777485 107
1673777485 189
1673777486 133
1673777486 183
1673777486 168
1673777487 105
1673777487 132
1673777487 110
1673777488 121
1673777488 158
1673777489 104
1673777489 164
1673777489 154
1673777489 189
1673777490 172
1673777490 178
1673777491 192
1673777491 139
1673777491 142
1673777491 166
1673777491 190
1673777492 114
1673777492 117
1673777493 164
1673777493 146
1673777493 121
1673777493 101
1673777493 120
1673777494 197
1673777494 122
1673777494 164
1673777495 119
1673777495 176
1673777496 187
1673777496 157
1673777496 195
1673777496 137
1673777497 165
1673777497 153
1673777497 154
1673777498 161
1673777498 145
1673777499 199
1673777499 182
1673777500 140
1673777500 122
1673777500 138
1673777500 152
1673777501 149
1673777501 170
1673777501 164
1673777501 113
1673777501 163
1673777502 195
1673777502 141
1673777503 123
1673777503 101
1673777503 104
1673777505 101
1673777506 109
1673777506 164
1673777506 193
1673777507 169
1673777508 172
1673777508 171
1673777508 165
1673777508 110
1673777509 141
1673777509 145
1673777510 185
1673777510 129
1673777510 133
1673777511 194
1673777511 123
1673777511 104
1673777512 128
1673777512 164
1673777512 143
1673777512 169
1673777513 143
1673777513 110
1673777513 129
1673777513 113
1673777514 128
1673777514 147
1673777514 144
1673777515 102
1673777515 113
1673777515 172
1673777516 170
1673777516 116
1673777516 137
1673777516 164
1673777517 196
1673777517 145
1673777517 188
1673777517 193
1673777518 186
1673777518 101
1673777519 159
1673777519 179
1673777522 144
1673777522 185
1673777523 104
1673777524 150
1673777524 112
1673777524 174
1673777525 109
1673777525 105
1673777525 115
1673777526 195
1673777526 133
1673777526 121
1673777527 197
1673777527 149
1673777527 195
1673777527 156
1673777527 156
1673777528 141
1673777528 134
1673777528 196
1673777529 189
1673777529 163
1673777530 117
1673777530 186
1673777531 156
1673777531 175
1673777531 105
1673777531 110
1673777531 111
1673777532 116
1673777532 105
1673777532 172
1673777532 103
1673777532 163
1673777532 150
1673777534 116
1673777534 106
1673777534 142
1673777535 131
1673777535 101
1673777535 129
1673777535 183
1673777535 181
1673777536 191
1673777536 151
1673777537 170
1673777539 147
1673777540 155
1673777540 177
1673777540 128
1673777541 126
1673777541 132
1673777541 126
1673777543 113
1673777543 121
1673777543 174
1673777543 115
1673777544 123
1673777544 143
1673777545 125
1673777545 180
1673777545 161
1673777545 189
1673777547 186
1673777547 108
1673777547 167
1673777547 141
1673777547 165
1673777547 191
1673777547 165
1673777548 152
1673777549 128
1673777549 139
1673777549 154
1673777549 170
1673777549 104
1673777549 107
1673777550 101
1673777550 139
1673777550 121
1673777550 111
1673777551 149
1673777551 110
1673777551 106
1673777552 166
1673777553 103
1673777554 136
1673777554 113
1673777555 187
1673777555 192
1673777555 168
1673777556 159
1673777556 188
1673777556 195
1673777556 198
1673777557 104
1673777557 155
1673777557 136
1673777557 108
1673777558 126
1673777558 155
1673777558 193
1673777559 143
1673777559 110
1673777559 183
1673777561 188
1673777561 198
1673777561 199
1673777562 189
1673777562 135
1673777563 117
1673777563 160
1673777563 200
1673777563 102
1673777564 175
1673777564 141
1673777564 194
1673777564 116
1673777565 194
1673777565 122
1673777566 188
1673777566 181
1673777566 152
1673777566 136
1673777567 145
1673777568 164
1673777568 116
1673777569 153
1673777569 118
1673777569 187
1673777569 142
1673777569 160
1673777570 199
1673777570 140
1673777570 105
1673777570 194
1673777570 197
1673777571 159
1673777571 169
1673777572 190
1673777572 116
1673777573 161
1673777573 168
1673777573 142
1673777573 159
1673777573 191
1673777573 104
1673777574 153
1673777574 114
1673777574 107
1673777574 200
1673777575 130
1673777575 172
1673777577 181
1673777577 172
1673777577 156
1673777578 152
1673777578 156
1673777579 192
1673777579 182
1673777579 103
1673777579 172
1673777579 124
1673777580 140
1673777581 191
1673777581 163
1673777581 183
1673777581 115
1673777581 148
1673777581 128
1673777581 200
1673777582 136
1673777582 195
1673777583 113
1673777583 129
1673777583 107
1673777584 190
1673777584 154
1673777584 112
1673777584 138
1673777584 190
1673777584 179
1673777585 170
1673777585 113
1673777585 154
1673777585 164
1673777585 160
1673777586 119
1673777586 121
1673777586 148
1673777586 165
1673777587 145
1673777587 119
1673777587 139
1673777588 148
1673777588 127
1673777588 185
1673777588 164
1673777589 144
1673777589 196
1673777590 103
1673777590 105
1673777590 194
1673777591 131
1673777591 104
1673777591 116
1673777592 118
1673777593 119
1673777593 115
1673777593 197
1673777594 197
1673777595 105
1673777596 112
1673777596 153
1673777597 120
1673777597 149
1673777597 167
1673777597 162
1673777598 143
1673777598 166
1673777598 171
1673777598 114
1673777598 190
1673777598 179
1673777599 149
1673777599 184
1673777599 125
1673777599 131
1673777599 170
1673777600 136
1673777600 109
1673777600 168
1673777601 165
1673777601 131
1673777602 181
1673777602 138
1673777602 159
1673777602 126
1673777603 192
1673777603 170
1673777603 149
1673777603 154
1673777603 196
1673777604 131
1673777604 131
1673777604 132
1673777604 126
1673777605 161
1673777605 110
1673777606 142
1673777606 200
1673777606 115
1673777607 138
1673777607 200
1673777607 127
1673777608 185
1673777608 198
1673777608 187
1673777608 151
1673777609 187
1673777609 115
1673777610 141
1673777610 170
1673777611 138
1673777613 166
1673777613 113
1673777613 158
1673777613 119
1673777613 129
1673777614 197
1673777614 115
1673777614 111
1673777614 173
1673777614 115
1673777614 144
1673777614 126
1673777615 124
1673777617 200
1673777617 120
1673777618 170
1673777619 163
1673777619 123
1673777620 146
1673777620 166
1673777620 115
1673777620 121
1673777621 117
1673777621 163
1673777621 153
1673777621 188
1673777621 128
1673777621 113
1673777621 129
1673777621 141
1673777622 184
1673777622 126
1673777623 195
1673777624 195
1673777624 124
1673777625 163
1673777625 137
1673777626 165
1673777626 186
1673777627 107
1673777628 171
1673777628 194
1673777628 200
1673777628 175
1673777629 141
1673777629 177
1673777630 136
1673777630 107
1673777630 199
1673777630 119
1673777630 156
1673777631 118
1673777631 167
1673777632 174
1673777632 101
1673777632 159
1673777633 146
1673777633 121
1673777635 104
1673777636 200
1673777636 177
1673777636 152
1673777636 152
1673777637 179
1673777638 129
1673777638 132
1673777638 188
1673777639 137
1673777639 109
1673777639 103
1673777640 199
1673777640 113
1673777641 153
1673777641 114
1673777641 190
1673777642 195
1673777642 164
1673777642 102
1673777642 132
1673777642 103
1673777642 103
1673777642 127
1673777642 109
1673777642 126
1673777643 133
1673777643 133
1673777643 116
1673777643 184
1673777643 129
1673777647 179
1673777647 174
1673777647 142
1673777647 187
1673777648 107
1673777651 121
1673777652 173
1673777652 183
1673777652 131
1673777652 101
1673777655 155
1673777655 193
1673777655 196
1673777657 180
1673777660 112
1673777662 176
1673777662 160
1673777662 163
1673777662 177
1673777663 109
1673777663 103
1673777663 132
1673777664 123
1673777665 156
1673777666 155
1673777666 181
1673777669 189
1673777670 104
1673777670 183
1673777670 181
1673777670 166
1673777670 145
1673777671 151
1673777672 115
1673777672 101
1673777673 130
1673777674 173
1673777675 107
1673777675 113
1673777676 181
1673777677 140
1673777682 127
1673777682 149
1673777683 134
1673777684 175
1673777685 127
1673777687 167
1673777687 161
1673777688 132
1673777688 173
1673777688 141
1673777690 176
1673777690 151
1673777691 146
1673777692 147
1673777692 160
1673777693 196
1673777694 192
1673777695 106
1673777696 161
1673777696 180
1673777697 146
1673777698 121
1673777699 127
1673777699 127
1673777700 145
1673777700 127
1673777700 134
1673777701 125
1673777701 171
1673777701 162
1673777701 194
1673777701 121
1673777701 157
1673777701 181
1673777702 153
1673777702 114
1673777702 161
1673777702 148
1673777703 155
1673777705 195
1673777706 158
1673777707 141
1673777707 136
1673777708 181
1673777709 136
1673777718 132
1673777718 106
1673777719 145
1673777719 180
1673777720 139
1673777720 197
1673777720 135
1673777720 153
1673777720 148
1673777720 129
1673777721 161
1673777721 169
1673777721 178
1673777722 125
1673777722 141
1673777722 103
1673777723 184
1673777723 133
1673777723 191
1673777723 146
1673777723 191
1673777724 137
1673777724 140
1673777724 154
1673777724 127
1673777724 151
1673777725 140
1673777725 178
1673777726 162
1673777727 153
1673777727 187
1673777727 191
1673777727 117
1673777727 146
1673777727 146
1673777727 153
1673777728 105
1673777728 107
1673777728 139
1673777728 166
1673777728 125
1673777729 128
1673777729 183
1673777730 126
1673777730 168
1673777731 141
1673777731 157
1673777731 197
1673777731 142
1673777731 111
1673777731 186
1673777732 106
1673777732 198
1673777733 126
1673777733 150
1673777733 159
1673777733 196
1673777734 136
1673777735 150
1673777735 184
1673777735 109
1673777735 140
1673777736 129
1673777736 118
1673777736 132
1673777736 117
1673777736 176
1673777737 103
1673777737 199
1673777737 198
1673777738 166
1673777738 131
1673777738 110
1673777739 157
1673777739 151
1673777739 147
1673777740 114
1673777740 111
1673777741 181
1673777741 102
1673777741 108
1673777742 102
1673777742 195
1673777742 104
1673777743 158
1673777743 169
1673777745 157
1673777745 103
1673777745 179
1673777745 181
1673777745 173
1673777746 129
1673777746 141
1673777747 162
1673777747 113
1673777748 119
1673777748 102
1673777748 160
1673777748 101
1673777748 189
1673777749 156
1673777750 131
1673777750 154
1673777751 119
1673777751 150
1673777751 193
1673777751 148
1673777751 119
1673777751 102
1673777752 107
1673777752 152
1673777753 142
1673777753 180
1673777753 198
1673777754 107
1673777754 105
1673777754 137
1673777754 129
1673777754 149
1673777755 145
1673777755 165
1673777756 106
1673777757 184
1673777757 182
1673777758 154
1673777758 117
1673777758 119
1673777758 138
1673777758 119
1673777758 113
1673777759 111
1673777759 188
1673777760 198
1673777760 115
1673777761 198
1673777761 109
1673777761 199
1673777761 109
1673777761 177
1673777762 156
1673777762 129
1673777762 140
1673777762 111
1673777763 106
1673777763 194
1673777773 153
1673777774 180
1673777774 174
1673777775 199
1673777775 132
1673777775 152
1673777775 179
1673777776 130
1673777776 121
1673777776 155
1673777776 104
1673777779 160
1673777781 129
1673777782 154
1673777782 138
1673777782 169
1673777782 158
1673777784 132
1673777786 139
1673777786 182
1673777786 154
1673777798 107
1673777802 105
1673777804 194
1673777804 195
1673777804 147
1673777805 104
1673777805 106
1673777806 190
1673777806 150
1673777806 164
1673777807 193
1673777810 152
1673777810 192
1673777811 178
1673777812 131
1673777812 175
1673777812 110
1673777812 131
1673777812 110
1673777813 109
1673777814 181
1673777814 138
1673777815 158
1673777815 179
1673777817 121
1673777819 189
1673777819 109
1673777820 126
1673777820 177
1673777822 116
1673777827 158
1673777833 171
1673777833 131
1673777834 138
1673777835 156
1673777835 148
1673777836 118
1673777836 134
1673777837 117
1673777837 168
1673777840 128
1673777844 130
1673777844 103
1673777844 127
1673777844 155
1673777849 105
1673777849 127
1673777849 107
1673777859 140
1673777860 135
1673777861 158
1673777867 186
1673777867 181
1673777867 163
1673777868 193
1673777869 125
1673777869 109
1673777869 125
1673777872 146
1673777873 145
1673777873 142
1673777875 190
1673777875 176
1673777875 122
1673777876 186
1673777876 165
1673777892 192
1673777902 194
1673777902 195
1673777904 109
1673777908 181
1673777908 126
1673777909 115
1673777909 113
1673777909 145
1673777910 142
1673777911 141
1673777911 165
1673777912 131
1673777913 103
1673777914 149
1673777914 128
1673777915 122
1673777915 111
1673777916 145
1673777916 110
1673777916 122
1673777916 150
1673777917 141
1673777917 172
1673777917 189
1673777920 183
1673777921 189
1673777925 122
1673777927 108
1673777927 198
1673777928 107
1673777928 125
1673777928 145
1673777930 138
1673777931 168
1673777932 106
1673777933 152
1673777935 198
1673777936 188
1673777936 197
1673777936 164
1673777936 110
1673777937 196
1673777938 166
1673777939 172
1673777939 152
1673777939 125
1673777940 120
1673777940 121
1673777940 146
1673777940 109
1673777941 157
1673777941 133
1673777943 148
1673777943 194
1673777943 125
1673777943 144
1673777944 105
1673777944 170
1673777945 174
1673777945 135
1673777946 160
1673777946 149
1673777946 171
1673777946 165
1673777946 156
1673777947 183
1673777947 119
1673777948 145
1673777948 130
1673777948 157
1673777949 157
1673777950 148
1673777953 136
1673777953 195
1673777957 103
1673777958 130
1673777958 122
1673777959 119
1673777959 162
1673777959 198
1673777959 107
1673777959 118
1673777960 111
1673777963 114
1673777964 169
1673777967 168
1673777967 137
1673777968 150
1673777968 105
1673777968 108
1673777968 106
1673777968 132
1673777968 111
1673777969 160
1673777970 136
1673777970 174
1673777971 177
1673777971 142
1673777971 166
1673777972 178
1673777972 140
1673777972 129
1673777972 134
1673777973 128
1673777974 192
1673777978 180
1673777978 164
1673777978 162
1673777978 167
1673777980 198
1673777984 141
1673777985 113
1673777985 138
1673777986 163
1673777986 200
1673777986 165
1673777986 171
1673777986 123
1673777986 124
1673777988 169
1673777991 125
1673777997 117
1673777998 148
1673777998 166
1673778002 170
1673778002 102
1673778002 115
1673778004 190
1673778005 141
1673778007 188
1673778007 188
1673778007 183
1673778008 116
1673778009 126
1673778011 145
1673778011 167
1673778011 186
1673778013 130
1673778014 134
1673778016 147
1673778017 148
1673778017 111
1673778017 189
1673778018 129
1673778018 101
1673778018 186
1673778019 156
1673778022 103
1673778026 138
1673778027 175
1673778028 175
1673778030 199
1673778030 197
1673778034 124
1673778037 129
1673778037 167
1673778043 138
1673778048 117
1673778049 139
1673778049 129
1673778050 153
1673778050 135
1673778056 107
1673778056 167
1673778056 169
1673778057 174
1673778057 104
1673778057 102
1673778064 154
1673778064 178
1673778065 108
1673778067 150
1673778072 116
1673778072 116
1673778072 107
1673778083 147
1673778084 134
1673778086 157
1673778086 189
1673778094 116
1673778094 119
1673778100 162
1673778100 114
1673778101 180
1673778102 105
1673778107 151
1673778123 101
1673778123 129
1673778123 138
1673778124 128
1673778124 158
1673778124 138
1673778129 115
1673778129 118
1673778130 200
1673778130 193
1673778133 159
1673778133 197
1673778133 170
1673778134 166
1673778139 166
1673778139 150
1673778140 148
1673778140 170
1673778140 101
1673778141 158
1673778141 154
1673778147 195
1673778151 102
1673778157 145
1673778159 147
1673778159 177
1673778159 199
1673778160 110
1673778160 115
1673778160 167
1673778160 120
1673778161 194
1673778161 101
1673778161 141
1673778161 106
1673778164 170
1673778164 121
1673778165 103
1673778165 101
1673778165 127
1673778167 140
1673778168 181
1673778168 118
1673778168 128
1673778170 132
1673778176 150
1673778177 138
1673778177 148
1673778177 173
1673778180 109
1673778180 177
1673778188 117
1673778188 136
1673778190 147
1673778190 106
1673778190 153
1673778190 149
1673778196 137
1673778196 197
1673778196 115
1673778199 121
1673778199 144
1673778200 104
1673778201 101
1673778201 115
1673778204 148
1673778204 152
1673778207 145
1673778207 145
1673778209 194
1673778209 128
1673778209 117
1673778209 112
1673778211 133
1673778211 193
1673778212 159
1673778213 156
1673778215 199
1673778215 109
1673778216 142
1673778216 152
1673778216 145
1673778217 137
1673778217 183
1673778217 102
1673778217 194
1673778218 125
1673778218 198
1673778219 192
1673778219 126
1673778221 161
1673778221 117
1673778222 150
1673778223 148
1673778223 127
1673778223 145
1673778224 150
1673778224 148
1673778228 136
1673778229 193
1673778229 113
1673778230 172
1673778231 183
1673778232 110
1673778233 199
1673778234 178
1673778234 127
1673778234 196
1673778234 113
1673778234 160
1673778234 143
1673778235 148
1673778236 142
1673778236 156
1673778237 180
1673778238 153
1673778238 172
1673778238 166
1673778238 105
1673778238 171
1673778238 107
1673778240 162
1673778240 182
1673778240 168
1673778241 118
1673778241 103
1673778241 190
1673778241 117
1673778242 159
1673778242 164
1673778242 200
1673778243 133
1673778246 127
1673778246 146
1673778247 127
1673778247 194
1673778247 134
1673778248 191
1673778248 173
1673778248 185
1673778249 156
1673778250 193
1673778251 110
1673778252 125
1673778252 148
1673778252 177
1673778253 131
1673778253 170
1673778253 165
1673778254 180
1673778254 171
1673778254 122
1673778255 105
1673778255 101
1673778256 168
1673778256 126
1673778256 101
1673778256 146
1673778257 167
1673778258 107
1673778258 148
1673778259 159
1673778259 130
1673778259 182
1673778260 102
1673778260 154
1673778261 151
1673778261 111
1673778262 149
1673778263 116
1673778263 145
1673778263 180
1673778264 188
1673778264 152
1673778264 120
1673778264 163
1673778265 167
1673778265 133
1673778265 173
1673778265 130
1673778266 159
1673778266 160
1673778267 127
1673778267 159
1673778267 196
1673778267 199
1673778268 149
1673778269 123
1673778269 104
1673778270 143
1673778270 131
1673778270 140
1673778271 169
1673778271 139
1673778271 157
1673778271 173
1673778271 182
1673778271 197
1673778272 169
1673778272 109
1673778273 160
1673778273 159
1673778274 119
1673778274 104
1673778274 116
1673778274 135
1673778275 109
1673778275 186
1673778275 163
1673778275 193
1673778275 119
1673778276 136
1673778277 179
1673778278 190
1673778279 166
1673778280 164
1673778280 194
1673778280 142
1673778280 112
1673778280 118
1673778280 158
1673778281 118
1673778281 164
1673778281 150
1673778281 115
1673778281 191
1673778281 191
1673778282 175
1673778282 133
1673778282 149
1673778283 158
1673778283 160
1673778283 197
1673778284 159
1673778284 189
1673778284 194
1673778285 178
1673778285 163
1673778286 182
1673778286 135
1673778286 171
1673778287 116
1673778288 196
1673778288 187
1673778288 109
1673778288 198
1673778289 159
1673778290 111
1673778290 150
1673778290 164
1673778290 103
1673778291 127
1673778291 102
1673778291 186
1673778291 187
1673778291 135
1673778291 118
1673778292 181
1673778292 140
1673778293 113
1673778293 120
1673778293 199
1673778294 196
1673778294 176
1673778295 200
1673778295 123
1673778295 140
1673778295 109
1673778295 143
1673778295 190
1673778296 103
1673778296 163
1673778296 112
1673778296 151
1673778296 117
1673778296 109
1673778297 183
1673778297 102
1673778297 164
1673778298 187
1673778299 186
1673778299 172
1673778301 192
1673778301 115
1673778301 140
1673778303 189
1673778303 146
1673778303 138
1673778303 184
1673778303 196
1673778304 137
1673778304 154
1673778305 151
1673778305 146
1673778306 102
1673778306 103
1673778306 120
1673778307 115
1673778307 187
1673778308 101
1673778308 180
1673778308 197
1673778308 186
1673778309 167
1673778309 180
1673778309 171
1673778310 169
1673778311 184
1673778311 121
1673778312 134
1673778312 158
1673778313 117
1673778314 156
1673778315 169
1673778316 109
1673778316 121
1673778316 149
1673778317 165
1673778317 131
1673778317 141
1673778318 132
1673778318 154
1673778319 106
1673778319 109
1673778319 143
1673778319 165
1673778320 180
1673778321 132
1673778321 103
1673778321 152
1673778321 160
1673778322 101
1673778323 102
1673778323 115
1673778323 174
1673778323 127
1673778323 149
1673778323 152
1673778323 131
1673778324 121
1673778324 112
1673778324 119
1673778324 163
1673778324 123
1673778325 161
1673778325 178
1673778325 170
1673778325 185
1673778326 198
1673778326 182
1673778327 109
1673778327 119
1673778327 179
1673778327 112
1673778327 161
1673778328 171
1673778328 195
1673778329 149
1673778329 166
1673778330 127
1673778330 166
1673778330 140
1673778331 110
1673778331 155
1673778332 149
1673778332 137
1673778332 149
1673778333 123
1673778334 173
1673778335 147
1673778335 131
1673778335 198
1673778336 120
1673778336 182
1673778336 168
1673778336 134
1673778336 198
1673778337 115
1673778337 174
1673778337 109
1673778337 134
1673778337 153
1673778338 128
1673778338 157
1673778338 160
1673778339 197
1673778339 122
1673778340 103
1673778340 181
1673778341 142
1673778341 124
1673778341 129
1673778342 143
1673778342 199
1673778342 144
1673778343 186
1673778343 169
1673778343 185
1673778344 158
1673778344 191
1673778344 143
1673778344 175
1673778344 111
1673778345 167
1673778345 104
1673778345 170
1673778345 163
1673778346 192
1673778346 157
1673778346 111
1673778346 173
1673778346 122
1673778347 134
1673778348 165
1673778348 163
1673778349 128
1673778350 192
1673778350 187
1673778350 106
1673778350 102
1673778351 170
1673778352 189
1673778352 138
1673778352 159
1673778353 148
1673778353 182
1673778353 165
1673778353 155
1673778354 139
1673778354 122
1673778354 123
1673778354 173
1673778354 160
1673778354 198
1673778355 196
1673778356 193
1673778356 127
1673778357 105
1673778357 181
1673778358 166
1673778358 144
1673778358 175
1673778359 170
1673778359 145
1673778360 128
1673778360 134
1673778360 127
1673778360 170
1673778361 185
1673778361 191
1673778362 115
1673778362 139
1673778363 175
1673778363 147
1673778363 169
1673778364 200
1673778364 186
1673778364 178
1673778365 127
1673778365 186
1673778365 103
1673778365 200
1673778366 130
1673778366 140
1673778366 130
1673778366 146
1673778366 113
1673778367 191
1673778367 119
1673778367 191
1673778368 167
1673778369 159
1673778369 104
1673778369 154
1673778370 125
1673778370 124
1673778371 116
1673778371 188
1673778371 138
1673778372 166
1673778373 106
1673778373 174
1673778373 136
1673778374 139
1673778374 157
1673778374 141
1673778375 115
1673778375 196
1673778375 124
1673778376 120
1673778376 154
1673778376 190
1673778376 111
1673778376 147
1673778376 190
1673778377 142
1673778377 153
1673778377 118
1673778377 185
1673778377 186
1673778378 198
1673778379 108
1673778379 194
1673778380 107
1673778380 139
1673778381 135
1673778382 131
1673778382 177
1673778382 112
1673778383 127
1673778383 139
1673778384 185
1673778384 122
1673778384 118
1673778386 111
1673778387 164
1673778387 170
1673778387 185
1673778390 154
1673778390 198
1673778390 187
1673778390 145
1673778391 125
1673778391 135
1673778391 136
1673778392 124
1673778392 129
1673778393 157
1673778393 192
1673778394 190
1673778394 145
1673778394 143
1673778394 197
1673778394 171
1673778395 119
1673778395 194
1673778396 118
1673778396 105
1673778397 194
1673778397 153
1673778397 115
1673778398 171
1673778400 164
1673778400 110
1673778400 104
1673778401 148
1673778402 141
1673778402 156
1673778402 111
1673778403 164
1673778403 157
1673778403 175
1673778403 183
1673778403 187
1673778403 170
1673778403 124
1673778404 165
1673778405 156
1673778406 149
1673778406 190
1673778406 122
1673778406 171
1673778406 119
1673778407 121
1673778407 165
1673778408 179
1673778409 193
1673778410 186
1673778410 169
1673778410 125
1673778411 121
1673778411 101
1673778411 134
1673778412 152
1673778412 174
1673778412 189
1673778412 172
1673778412 133
1673778413 148
1673778413 200
1673778414 143
1673778415 182
1673778416 111
1673778417 192
1673778417 151
1673778417 188
1673778418 155
1673778418 181
1673778418 158
1673778420 142
1673778421 159
1673778421 167
1673778422 124
1673778423 120
1673778423 196
1673778423 121
1673778424 190
1673778424 170
1673778424 187
1673778426 115
1673778426 190
1673778427 157
1673778428 118
1673778429 107
1673778429 181
1673778429 112
1673778430 192
1673778430 139
1673778431 200
1673778431 163
1673778432 150
1673778432 124
1673778433 114
1673778433 131
1673778433 161
1673778433 190
1673778434 135
1673778434 184
1673778435 122
1673778435 132
1673778435 168
1673778435 147
1673778436 160
1673778436 141
1673778437 155
1673778437 195
1673778437 112
1673778438 120
1673778438 123
1673778439 132
1673778439 196
1673778439 128
1673778439 194
1673778440 173
1673778440 186
1673778440 172
1673778440 140
1673778441 146
1673778442 125
1673778442 117
1673778443 193
1673778443 151
1673778443 157
1673778443 188
1673778443 180
1673778444 190
1673778444 109
1673778445 130
1673778446 171
1673778446 129
1673778447 151
1673778447 124
1673778447 168
1673778447 146
1673778448 153
1673778448 129
1673778450 128
1673778450 145
1673778450 149
1673778450 148
1673778451 155
1673778451 161
1673778451 184
1673778453 191
1673778453 134
1673778454 121
1673778454 146
1673778454 123
1673778455 117
1673778455 183
1673778456 123
1673778456 133
1673778456 116
1673778456 200
1673778456 161
1673778457 183
1673778457 160
1673778457 197
1673778457 197
1673778458 108
1673778458 125
1673778458 176
1673778459 103
1673778460 120
1673778460 135
1673778460 140
1673778460 193
1673778461 191
1673778461 182
1673778462 123
1673778463 133
1673778463 107
1673778464 155
1673778464 164
1673778464 129
1673778464 171
1673778465 159
1673778465 167
1673778465 130
1673778465 177
1673778466 128
1673778466 136
1673778467 138
1673778468 180
1673778468 118
1673778469 179
1673778470 157
1673778472 171
1673778472 118
1673778472 168
1673778472 172
1673778472 171
1673778472 166
1673778473 161
1673778473 167
1673778473 120
1673778473 131
1673778474 138
1673778474 164
1673778475 123
1673778475 164
1673778475 177
1673778475 199
1673778475 191
1673778475 162
1673778477 193
1673778477 142
1673778477 120
1673778477 131
1673778477 110
1673778478 137
1673778479 126
1673778479 183
1673778479 178
1673778479 196
1673778480 140
1673778480 163
1673778481 171
1673778481 158
1673778481 122
1673778481 160
1673778482 125
1673778482 166
1673778482 112
1673778483 106
1673778483 120
1673778483 183
1673778484 115
1673778484 194
1673778484 131
1673778484 136
1673778484 121
1673778485 177
1673778485 169
1673778486 198
1673778486 109
1673778487 113
1673778487 119
1673778487 102
1673778488 130
1673778488 198
1673778488 163
1673778488 171
1673778489 148
1673778490 111
1673778490 130
1673778490 138
1673778490 113
1673778491 194
1673778492 188
1673778492 157
1673778493 182
1673778493 147
1673778493 119
1673778493 163
1673778494 180
1673778494 141
1673778495 138
1673778496 158
1673778496 157
1673778496 120
1673778496 131
1673778497 199
1673778498 119
1673778498 158
1673778498 145
1673778500 148
1673778500 106
1673778500 149
1673778500 162
1673778500 198
1673778501 199
1673778501 115
1673778501 142
1673778501 179
1673778502 164
1673778502 187
1673778502 185
1673778502 196
1673778502 181
1673778503 173
1673778503 172
1673778503 117
1673778503 127
1673778503 108
1673778503 194
1673778503 116
1673778504 111
1673778505 142
1673778505 148
1673778505 149
1673778505 144
1673778506 104
1673778506 126
1673778506 134
1673778506 183
1673778506 104
1673778506 184
1673778507 182
1673778507 131
1673778507 117
1673778508 170
1673778508 143
1673778508 110
1673778508 129
1673778508 159
1673778508 169
1673778509 160
1673778509 109
1673778509 147
1673778509 163
1673778509 169
1673778509 193
1673778510 177
1673778510 103
1673778510 155
1673778511 176
1673778512 176
1673778512 143
1673778513 108
1673778513 144
1673778513 189
1673778514 127
1673778514 136
1673778514 103
1673778514 144
1673778515 138
1673778516 122
1673778516 157
1673778516 147
1673778516 187
1673778517 178
1673778517 155
1673778517 190
1673778517 165
1673778518 121
1673778518 101
1673778518 129
1673778518 155
1673778518 178
1673778519 131
1673778519 103
1673778519 125
1673778519 142
1673778519 110
1673778519 108
1673778520 134
1673778520 111
1673778520 120
1673778520 152
1673778521 142
1673778521 153
1673778521 126
1673778521 173
1673778522 145
1673778522 194
1673778522 195
1673778523 148
1673778523 127
1673778523 198
1673778523 135
1673778524 101
1673778524 149
1673778524 192
1673778524 168
1673778524 145
1673778525 144
1673778525 149
1673778525 119
1673778526 187
1673778526 139
1673778527 118
1673778527 182
1673778528 185
1673778528 166
1673778528 180
1673778528 150
1673778529 106
1673778530 115
1673778530 197
1673778530 141
1673778530 141
1673778530 196
1673778531 191
1673778531 110
1673778532 101
1673778532 185
1673778533 106
1673778533 133
1673778533 164
1673778534 181
1673778534 116
1673778534 160
1673778535 171
1673778535 150
1673778535 179
1673778535 108
1673778536 177
1673778536 109
1673778536 183
1673778537 131
1673778537 192
1673778537 157
1673778538 107
1673778538 108
1673778539 191
1673778539 165
1673778539 136
1673778539 170
1673778540 120
1673778540 129
1673778541 200
1673778541 150
1673778541 167
1673778541 108
1673778541 162
1673778541 157
1673778541 197
1673778542 110
1673778542 107
1673778542 156
1673778542 139
1673778543 180
1673778543 183
1673778544 173
1673778545 129
1673778545 139
1673778545 132
1673778545 176
1673778545 162
1673778545 105
1673778546 142
1673778546 194
1673778546 167
1673778546 133
1673778547 155
1673778547 171
1673778547 106
1673778547 151
1673778547 115
1673778547 186
1673778548 120
1673778548 152
1673778548 104
1673778549 106
1673778549 178
1673778550 154
1673778551 174
1673778552 102
1673778552 190
1673778553 125
1673778553 157
1673778553 149
1673778553 185
1673778554 169
1673778554 141
1673778554 194
1673778556 103
1673778556 160
1673778556 117
1673778556 109
1673778556 166
1673778556 156
1673778556 183
1673778556 144
1673778556 151
1673778557 103
1673778558 178
1673778558 103
1673778558 162
1673778558 192
1673778559 102
1673778560 166
1673778560 114
1673778560 167
1673778561 103
1673778561 143
1673778562 197
1673778562 171
1673778563 150
1673778563 192
1673778563 139
1673778564 139
1673778565 149
1673778565 183
1673778565 141
1673778566 118
1673778566 198
1673778566 153
1673778567 110
1673778567 118
1673778567 149
1673778567 154
1673778567 102
1673778567 195
1673778568 195
1673778568 166
1673778568 108
1673778568 197
1673778569 162
1673778570 187
1673778570 109
1673778570 125
1673778570 197
1673778570 174
1673778571 151
1673778571 111
1673778572 178
1673778572 130
1673778573 155
1673778573 177
1673778573 175
1673778573 170
1673778574 166
1673778574 165
1673778575 109
1673778575 172
1673778576 185
1673778576 118
1673778576 171
1673778577 126
1673778577 127
1673778578 196
1673778578 159
1673778578 179
1673778579 138
1673778579 188
1673778580 168
1673778580 124
1673778580 116
1673778580 106
1673778580 173
1673778581 196
1673778582 196
1673778582 121
1673778582 105
1673778583 122
1673778584 102
1673778584 192
1673778584 178
1673778585 149
1673778586 126
1673778587 150
1673778588 142
1673778589 148
1673778589 183
1673778590 124
1673778590 106
1673778590 144
1673778591 107
1673778591 111
1673778592 184
1673778592 171
1673778592 127
1673778592 134
1673778592 127
1673778593 182
1673778593 156
1673778594 158
1673778594 199
1673778594 107
1673778594 107
1673778595 129
1673778595 145
1673778595 158
1673778595 128
1673778596 123
1673778596 123
1673778596 159
1673778596 125
1673778596 118
1673778596 104
1673778596 173
1673778597 147
1673778597 114
1673778598 101
1673778599 161
1673778599 133
1673778599 128
1673778599 130
1673778599 117
1673778600 170
1673778601 122
1673778601 120
1673778602 191
1673778602 110
1673778603 132
1673778603 105
1673778603 158
1673778604 115
1673778605 137
1673778605 155
1673778605 105
1673778606 128
1673778606 161
1673778606 156
1673778606 133
1673778607 155
1673778607 171
1673778608 124
1673778608 120
1673778608 125
1673778608 112
1673778608 112
1673778608 182
1673778608 116
1673778609 170
1673778609 112
1673778609 168
1673778611 187
1673778612 191
1673778612 154
1673778612 136
1673778613 126
1673778613 140
1673778613 185
1673778614 175
1673778615 148
1673778615 168
1673778615 191
1673778616 133
1673778616 129
1673778616 119
1673778617 143
1673778617 197
1673778617 165
1673778617 118
1673778617 198
1673778619 105
1673778619 130
1673778619 194
1673778620 111
1673778620 141
1673778620 185
1673778620 164
1673778620 102
1673778620 186
1673778620 128
1673778622 122
1673778622 185
1673778622 101
1673778622 110
1673778623 107
1673778623 175
1673778623 102
1673778623 187
1673778624 188
1673778625 153
1673778625 167
1673778625 114
1673778625 184
1673778626 142
1673778626 147
1673778626 169
1673778626 101
1673778626 172
1673778626 159
1673778627 129
1673778627 137
1673778628 103
1673778628 196
1673778628 176
1673778628 153
1673778629 125
1673778629 189
1673778629 185
1673778630 116
1673778630 108
1673778630 167
1673778630 104
1673778631 137
1673778632 179
1673778632 179
1673778632 105
1673778633 151
1673778633 151
1673778633 160
1673778634 159
1673778634 188
1673778634 199
1673778635 111
1673778636 200
1673778636 104
1673778636 160
1673778637 180
1673778637 162
1673778638 197
1673778638 193
1673778638 104
1673778638 143
1673778639 117
1673778639 145
1673778639 150
1673778639 105
1673778640 195
1673778640 138
1673778640 181
1673778641 162
1673778641 148
1673778641 154
1673778641 143
1673778642 160
1673778642 129
1673778642 147
1673778643 153
1673778643 200
1673778643 167
1673778644 171
1673778644 181
1673778644 192
1673778645 174
1673778645 102
1673778646 136
1673778646 163
1673778646 112
1673778647 136
1673778647 191
1673778647 126
1673778647 159
1673778647 141
1673778648 185
1673778648 199
1673778649 126
1673778649 143
1673778649 109
1673778650 199
1673778650 159
1673778650 146
1673778651 101
1673778651 176
1673778651 125
1673778652 158
1673778652 172
1673778652 179
1673778653 173
1673778653 102
1673778653 133
1673778653 195
1673778653 101
1673778654 123
1673778654 139
1673778655 101
1673778655 173
1673778656 103
1673778656 157
1673778656 109
1673778656 116
1673778656 129
1673778656 154
1673778656 195
1673778657 146
1673778657 163
1673778657 174
1673778657 111
1673778657 139
1673778658 104
1673778658 122
1673778658 107
1673778659 182
1673778659 121
1673778659 165
1673778659 170
1673778659 185
1673778659 174
1673778660 187
1673778661 152
1673778661 125
1673778662 132
1673778662 136
1673778662 119
1673778663 112
1673778663 199
1673778664 142
1673778664 174
1673778664 142
1673778665 159
1673778666 110
1673778666 165
1673778666 117
1673778666 108
1673778667 153
1673778668 161
1673778668 197
1673778669 151
1673778669 150
1673778669 193
1673778669 157
1673778669 189
1673778670 191
1673778670 124
1673778670 143
1673778671 185
1673778671 199
1673778671 173
1673778672 185
1673778672 112
1673778672 185
1673778674 131
1673778674 103
1673778674 118
1673778674 195
1673778675 101
1673778675 149
1673778675 153
1673778676 152
1673778676 169
1673778677 177
1673778677 112
1673778677 178
1673778678 115
1673778678 194
1673778678 163
1673778678 116
1673778678 192
1673778679 118
1673778680 177
1673778680 163
1673778680 199
1673778680 119
1673778680 138
1673778680 153
1673778681 132
1673778681 192
1673778681 193
1673778681 104
1673778681 155
1673778682 124
1673778682 185
1673778683 102
1673778683 188
1673778684 127
1673778685 197
1673778685 126
1673778686 184
1673778686 150
1673778688 147
1673778689 188
1673778689 162
1673778689 168
1673778689 171
1673778690 138
1673778691 140
1673778691 137
1673778693 140
1673778693 120
1673778693 194
1673778693 189
1673778694 177
1673778694 157
1673778695 131
1673778695 141
1673778695 135
1673778695 150
1673778696 194
1673778696 129
1673778696 166
1673778696 165
1673778697 115
1673778698 126
1673778699 144
1673778699 174
1673778699 115
1673778699 148
1673778700 170
1673778700 136
1673778701 186
1673778702 130
1673778702 170
1673778702 123
1673778703 172
1673778703 139
1673778703 101
1673778703 180
1673778704 115
1673778704 176
1673778704 116
1673778704 113
1673778704 128
1673778705 127
1673778706 122
1673778706 137
1673778706 121
1673778706 154
1673778706 165
1673778707 113
1673778708 118
1673778709 154
1673778709 200
1673778709 101
1673778709 106
1673778709 113
1673778710 184
1673778710 167
1673778711 164
1673778712 196
1673778712 167
1673778712 166
1673778712 129
1673778713 141
1673778713 115
1673778713 126
1673778714 177
1673778714 132
1673778714 167
1673778714 147
1673778715 193
1673778715 139
1673778715 164
1673778715 184
1673778715 158
1673778715 164
1673778715 117
1673778716 163
1673778717 146
1673778717 101
1673778718 150
1673778718 197
1673778719 167
1673778719 199
1673778719 147
1673778720 168
1673778720 195
1673778721 196
1673778722 200
1673778722 109
1673778722 184
1673778723 114
1673778723 139
1673778723 177
1673778723 165
1673778724 180
1673778724 187
1673778724 121
1673778725 188
1673778726 183
1673778726 167
1673778727 189
1673778727 163
1673778727 162
1673778728 183
1673778728 109
1673778728 167
1673778729 191
1673778729 110
1673778729 154
1673778729 184
1673778729 119
1673778730 116
1673778730 174
1673778731 129
1673778731 172
1673778731 188
1673778731 141
1673778732 149
1673778733 158
1673778733 192
1673778733 120
1673778733 136
1673778733 173
1673778734 186
1673778734 128
1673778734 129
1673778734 152
1673778735 139
1673778736 101
1673778737 184
1673778737 155
1673778737 128
1673778737 157
1673778737 137
1673778737 134
1673778738 175
1673778738 176
1673778738 144
1673778738 133
1673778738 196
1673778739 180
1673778739 183
1673778740 163
1673778741 133
1673778741 117
1673778741 177
1673778741 116
1673778742 200
1673778742 186
1673778742 176
1673778743 186
1673778743 168
1673778743 183
1673778743 125
1673778744 141
1673778744 128
1673778745 200
1673778745 146
1673778745 104
1673778746 174
1673778746 188
1673778746 199
1673778746 146
1673778747 107
1673778748 104
1673778749 103
1673778749 172
1673778749 186
1673778750 119
1673778750 108
1673778750 126
1673778751 151
1673778751 156
1673778751 163
1673778751 176
1673778752 187
1673778752 191
1673778752 120
1673778752 122
1673778752 124
1673778753 192
1673778753 140
1673778754 189
1673778754 156
1673778754 131
1673778754 159
1673778754 158
1673778755 142
1673778755 148
1673778755 174
1673778756 196
1673778756 147
1673778756 131
1673778756 156
1673778757 184
1673778757 152
1673778757 121
1673778757 197
1673778757 126
1673778757 184
1673778758 174
1673778758 111
1673778759 134
1673778759 198
1673778759 149
1673778759 187
1673778759 111
1673778759 139
1673778760 156
1673778760 191
1673778760 135
1673778760 194
1673778760 103
1673778761 186
1673778761 181
1673778761 157
1673778762 196
1673778762 159
1673778763 121
1673778763 123
1673778763 183
1673778764 195
1673778764 194
1673778765 156
1673778765 103
1673778765 157
1673778765 146
1673778765 129
1673778766 181
1673778766 193
1673778767 193
1673778767 158
1673778768 112
1673778768 126
1673778769 141
1673778769 111
1673778769 149
1673778769 186
1673778770 197
1673778771 173
1673778772 137
1673778772 115
1673778773 184
1673778773 173
1673778773 189
1673778773 108
1673778774 168
1673778774 138
1673778774 132
1673778774 150
1673778774 187
1673778774 199
1673778775 116
1673778775 187
1673778775 199
1673778776 170
1673778777 109
1673778777 140
1673778777 175
1673778778 112
1673778778 164
1673778778 151
1673778778 169
1673778779 149
1673778779 186
1673778779 151
1673778779 136
1673778780 178
1673778781 112
1673778781 111
1673778781 187
1673778782 184
1673778782 138
1673778783 132
1673778783 140
1673778783 200
1673778784 142
1673778784 181
1673778785 102
1673778785 130
1673778785 145
1673778785 133
1673778786 145
1673778786 184
1673778787 194
1673778787 128
1673778787 184
1673778787 145
1673778787 177
1673778787 121
1673778788 120
1673778788 136
1673778788 150
1673778788 120
1673778788 140
1673778789 151
1673778789 155
1673778790 116
1673778790 180
1673778790 168
1673778790 118
1673778790 120
1673778791 172
1673778791 137
1673778791 137
1673778791 141
1673778791 103
1673778791 185
1673778791 114
1673778792 146
1673778792 140
1673778792 113
1673778793 166
1673778793 133
1673778793 188
1673778794 199
1673778794 165
1673778794 106
1673778794 199
1673778795 146
1673778795 106
1673778795 196
1673778796 200
1673778798 109
1673778798 169
1673778798 138
1673778799 107
1673778799 181
1673778799 170
1673778799 117
1673778799 181
1673778799 113
1673778800 113
1673778800 127
1673778801 144
1673778801 189
1673778801 191
1673778801 145
1673778802 199
1673778802 116
1673778803 122
1673778803 180
1673778803 133
1673778804 196
1673778804 158
1673778804 146
1673778805 113
1673778805 115
1673778805 134
1673778805 167
1673778806 142
1673778806 103
1673778807 138
1673778807 116
1673778807 155
1673778807 175
1673778808 180
1673778809 125
1673778809 198
1673778809 131
1673778810 161
1673778810 194
1673778811 150
1673778812 187
1673778812 165
1673778812 199
1673778812 171
1673778813 140
1673778813 105
1673778813 191
1673778813 197
1673778815 107
1673778815 189
1673778815 151
1673778815 193
1673778815 199
1673778815 186
1673778815 158
1673778816 115
1673778817 105
1673778817 128
1673778817 150
1673778817 186
1673778818 107
1673778818 131
1673778818 196
1673778818 122
1673778818 104
1673778818 140
1673778818 128
1673778818 193
1673778818 187
1673778819 138
1673778819 176
1673778819 170
1673778819 168
1673778820 145
1673778820 195
1673778821 170
1673778821 193
1673778821 165
1673778822 194
1673778825 170
1673778825 132
1673778825 138
1673778826 173
1673778827 163
1673778828 128
1673778828 194
1673778828 180
1673778829 137
1673778829 178
1673778829 165
1673778830 160
1673778830 117
1673778830 105
1673778830 106
1673778830 125
1673778830 150
1673778830 114
1673778831 118
1673778831 135
1673778831 140
1673778832 150
1673778832 165
1673778832 139
1673778833 132
1673778833 109
1673778833 101
1673778833 112
1673778833 146
1673778834 103
1673778835 139
1673778835 149
1673778835 135
1673778836 176
1673778836 101
1673778836 128
1673778836 116
1673778837 146
1673778837 116
1673778838 139
1673778838 144
1673778839 194
1673778839 102
1673778840 121
1673778840 163
1673778840 118
1673778841 168
1673778841 133
1673778842 156
1673778842 131
1673778842 191
1673778843 153
1673778843 164
1673778843 147
1673778843 166
1673778844 187
1673778844 145
1673778844 143
1673778844 145
1673778845 126
1673778845 104
1673778846 148
1673778846 151
1673778847 126
1673778847 116
1673778847 183
1673778847 125
1673778847 113
1673778847 170
1673778849 153
1673778849 129
1673778849 121
1673778849 143
1673778849 109
1673778850 124
1673778850 196
1673778850 102
1673778850 102
1673778851 179
1673778851 199
1673778851 137
1673778852 125
1673778852 159
1673778852 198
1673778852 163
1673778852 196
1673778853 105
1673778854 145
1673778854 128
1673778854 172
1673778855 171
1673778856 116
1673778856 143
1673778856 146
1673778856 114
1673778856 128
1673778857 134
1673778857 110
1673778857 155
1673778857 185
1673778857 188
1673778857 123
1673778858 125
1673778858 148
1673778858 178
1673778858 154
1673778858 175
1673778858 122
1673778859 167
1673778859 144
1673778860 114
1673778861 195
1673778861 173
1673778861 123
1673778862 153
1673778862 113
1673778862 160
1673778862 181
1673778863 131
1673778863 168
1673778863 123
1673778864 150
1673778864 153
1673778864 118
1673778864 133
1673778864 182
1673778864 170
1673778866 159
1673778866 195
1673778866 178
1673778867 104
1673778867 173
1673778868 118
1673778868 147
1673778868 170
1673778868 154
1673778868 171
1673778869 175
1673778869 126
1673778869 126
1673778869 196
1673778869 186
1673778870 134
1673778870 115
1673778871 151
1673778871 120
1673778871 109
1673778871 141
1673778872 148
1673778872 167
1673778873 168
1673778873 106
1673778873 116
1673778874 156
1673778874 182
1673778874 180
1673778875 130
1673778875 156
1673778875 130
1673778875 174
1673778876 167
1673778876 107
1673778876 138
1673778877 144
1673778878 172
1673778879 147
1673778879 106
1673778879 188
1673778879 177
1673778880 200
1673778880 199
1673778880 182
1673778881 188
1673778881 134
1673778881 104
1673778881 107
1673778882 180
1673778882 168
1673778883 195
1673778883 113
1673778883 154
1673778883 177
1673778883 142
1673778884 149
1673778885 130
1673778885 152
1673778885 144
1673778885 164
1673778885 102
1673778886 125
1673778887 177
1673778887 183
1673778887 103
1673778888 110
1673778888 138
1673778888 182
1673778888 115
1673778889 115
1673778889 194
1673778889 166
1673778889 155
1673778890 105
1673778890 144
1673778891 114
1673778891 159
1673778891 123
1673778892 143
1673778892 141
1673778892 185
1673778892 139
1673778892 133
1673778893 178
1673778893 103
1673778894 200
1673778894 129
1673778894 175
1673778894 120
1673778894 172
1673778895 136
1673778895 179
1673778895 159
1673778896 120
1673778896 183
1673778896 104
1673778897 186
1673778897 176
1673778898 184
1673778899 136
1673778899 104
1673778899 189
1673778899 140
1673778899 160
1673778900 180
1673778901 148
1673778902 189
1673778902 131
1673778903 132
1673778903 167
1673778903 124
1673778903 137
1673778904 109
1673778904 121
1673778904 104
1673778904 101
1673778904 121
1673778905 145
1673778906 157
1673778906 187
1673778907 106
1673778907 193
1673778907 190
1673778907 190
1673778907 130
1673778907 178
1673778907 103
1673778908 200
1673778908 122
1673778908 103
1673778908 145
1673778908 182
1673778909 147
1673778909 160
1673778909 112
1673778909 185
1673778911 137
1673778911 143
1673778911 109
1673778911 182
1673778911 138
1673778911 133
1673778912 196
1673778912 139
1673778912 176
1673778912 106
1673778912 188
1673778913 156
1673778913 110
1673778913 142
1673778914 108
1673778915 105
1673778915 177
1673778915 111
1673778915 200
1673778916 180
1673778917 179
1673778917 146
1673778918 189
1673778918 119
1673778918 122
1673778918 133
1673778918 163
1673778918 161
1673778918 103
1673778919 188
1673778919 196
1673778920 126
1673778921 150
1673778921 153
1673778921 156
1673778922 194
1673778922 120
1673778923 187
1673778923 116
1673778923 143
1673778924 187
1673778924 170
1673778924 175
1673778924 106
1673778924 197
1673778925 156
1673778926 113
1673778927 151
1673778928 180
1673778928 159
1673778929 111
1673778930 177
1673778930 184
1673778930 135
1673778930 107
1673778931 183
1673778931 183
1673778932 113
1673778932 135
1673778933 102
1673778933 171
1673778933 132
1673778933 157
1673778933 190
1673778934 125
1673778934 156
1673778934 148
1673778934 136
1673778934 189
1673778935 102
1673778935 119
1673778935 104
1673778935 163
1673778936 193
1673778936 109
1673778936 114
1673778936 188
1673778937 180
1673778938 179
1673778939 128
1673778939 106
1673778939 180
1673778940 192
1673778940 194
1673778941 188
1673778941 185
1673778941 137
1673778941 120
1673778941 153
1673778942 144
1673778942 199
1673778942 161
1673778943 189
1673778943 117
1673778944 148
1673778944 114
1673778944 156
1673778944 130
1673778945 116
1673778945 198
1673778946 116
1673778946 114
1673778946 113
1673778946 101
1673778948 153
1673778948 136
1673778948 199
1673778949 187
1673778949 143
1673778949 181
1673778949 154
1673778949 123
1673778950 178
1673778950 189
1673778951 187
1673778951 184
1673778952 150
1673778952 156
1673778952 152
1673778952 160
1673778952 110
1673778953 167
1673778953 200
1673778953 164
1673778953 106
1673778954 148
1673778954 167
1673778955 132
1673778955 166
1673778956 123
1673778956 138
1673778957 173
1673778957 143
1673778958 105
1673778958 145
1673778958 129
1673778958 156
1673778958 142
1673778959 195
1673778959 106
1673778960 188
1673778961 145
1673778961 148
1673778961 135
1673778961 192
1673778962 143
1673778963 149
1673778963 200
1673778963 111
1673778964 164
1673778964 184
1673778964 129
1673778964 118
1673778965 194
1673778966 151
1673778966 118
1673778966 190
1673778966 189
1673778966 149
1673778967 138
1673778967 183
1673778967 180
1673778967 116
1673778967 198
1673778967 190
1673778968 155
1673778969 163
1673778970 158
1673778970 181
1673778970 196
1673778970 157
1673778971 151
1673778972 167
1673778972 168
1673778972 186
1673778973 154
1673778974 177
1673778974 111
1673778974 178
1673778975 131
1673778975 195
1673778975 102
1673778976 197
1673778976 186
1673778976 173
1673778976 141
1673778977 108
1673778977 109
1673778978 140
1673778978 122
1673778978 138
1673778979 173
1673778980 183
1673778980 198
1673778980 136
1673778980 196
1673778981 107
1673778981 134
1673778981 131
1673778982 150
1673778983 190
1673778983 162
1673778983 189
1673778983 198
1673778984 179
1673778984 106
1673778985 105
1673778985 191
1673778985 151
1673778986 176
1673778986 150
1673778986 199
1673778987 156
1673778988 158
1673778988 158
1673778989 125
1673778989 165
1673778990 167
1673778990 151
1673778990 147
1673778990 130
1673778990 125
1673778991 128
1673778991 195
1673778992 171
1673778993 104
1673778993 181
1673778993 132
1673778993 159
1673778993 121
1673778994 119
1673778994 149
1673778995 130
1673778995 191
1673778995 137
1673778996 181
1673778996 117
1673778996 177
1673778996 176
1673778996 157
1673778997 194
1673778998 129
1673778998 147
1673778998 184
1673778998 178
1673778998 133
1673778998 200
1673778999 181
1673778999 169
1673779000 159
1673779000 109
1673779000 198
1673779000 141
1673779002 180
1673779002 111
1673779003 144
1673779004 189
1673779004 170
1673779005 128
1673779005 120
1673779006 148
1673779006 159
1673779007 188
1673779007 102
1673779007 134
1673779007 150
1673779007 193
1673779008 132
1673779008 123
1673779008 184
1673779008 180
1673779009 116
1673779009 142
1673779011 130
1673779011 112
1673779012 135
1673779012 101
1673779013 104
1673779013 187
1673779013 128
1673779014 186
1673779014 141
1673779015 169
1673779015 135
1673779015 167
1673779015 153
1673779017 113
1673779017 168
1673779017 151
1673779018 103
1673779018 180
1673779019 114
1673779019 195
1673779019 150
1673779020 164
1673779020 177
1673779020 135
1673779020 178
1673779021 152
1673779021 159
1673779021 108
1673779021 183
1673779021 149
1673779022 163
1673779022 188
1673779022 150
1673779022 193
1673779022 102
1673779023 144
1673779023 103
1673779023 144
1673779023 158
1673779024 181
1673779024 194
1673779025 115
1673779025 118
1673779025 175
1673779026 135
1673779026 190
1673779026 151
1673779027 199
1673779027 166
1673779028 115
1673779029 153
1673779029 174
1673779029 177
1673779030 138
1673779030 177
1673779030 184
1673779030 133
1673779030 173
1673779031 158
1673779031 132
1673779031 162
1673779031 162
1673779032 189
1673779032 128
1673779033 138
1673779033 136
1673779033 108
1673779034 145
1673779034 192
1673779034 143
1673779035 139
1673779035 191
1673779035 103
1673779035 174
1673779035 157
1673779036 111
1673779036 135
1673779036 155
1673779036 173
1673779036 129
1673779036 131
1673779036 196
1673779036 111
1673779037 120
1673779037 127
1673779038 140
1673779038 154
1673779038 177
1673779038 164
1673779039 199
1673779040 198
1673779040 131
1673779040 177
1673779040 196
1673779041 184
1673779042 108
1673779042 102
1673779043 167
1673779043 174
1673779043 135
1673779044 153
1673779044 184
1673779044 196
1673779045 184
1673779046 190
1673779046 198
1673779046 108
1673779047 132
1673779047 153
1673779047 105
1673779047 106
1673779047 184
1673779047 160
1673779048 145
1673779048 168
1673779048 176
1673779048 133
1673779048 148
1673779049 194
1673779049 104
1673779050 154
1673779050 133
1673779050 174
1673779050 112
1673779051 136
1673779052 144
1673779052 131
1673779052 147
1673779053 199
1673779053 137
1673779053 164
1673779054 103
1673779054 192
1673779054 102
1673779055 161
1673779055 154
1673779055 131
1673779055 135
1673779056 198
1673779056 104
1673779056 129
1673779056 160
1673779056 125
1673779057 130
1673779057 118
1673779059 120
1673779060 147
1673779060 135
1673779061 190
1673779061 132
1673779061 165
1673779062 200
1673779063 120
1673779063 128
1673779064 173
1673779065 111
1673779065 109
1673779065 117
1673779066 117
1673779066 102
1673779067 164
1673779067 181
1673779068 122
1673779068 187
1673779069 132
1673779069 178
1673779069 110
1673779069 115
1673779070 129
1673779072 155
1673779073 163
1673779074 163
1673779074 125
1673779077 127
1673779077 119
1673779077 127
1673779078 104
1673779078 192
1673779079 102
1673779079 104
1673779079 159
1673779079 108
1673779080 160
1673779080 113
1673779081 161
1673779081 122
1673779082 186
1673779082 103
1673779083 176
1673779083 107
1673779083 132
1673779084 186
1673779085 135
1673779085 110
1673779085 120
1673779086 104
1673779086 140
1673779087 108
1673779087 182
1673779087 171
1673779087 121
1673779087 181
1673779087 113
1673779088 103
1673779088 166
1673779088 185
1673779089 119
1673779089 149
1673779089 189
1673779089 147
1673779089 154
1673779090 131
1673779090 171
1673779090 109
1673779090 125
1673779091 150
1673779091 185
1673779091 143
1673779091 139
1673779091 108
1673779091 192
1673779092 161
1673779092 192
1673779092 105
1673779093 196
1673779095 127
1673779095 180
1673779096 172
1673779096 114
1673779096 184
1673779096 111
1673779096 167
1673779097 135
1673779097 164
1673779097 198
1673779098 151
1673779098 129
1673779099 118
1673779099 159
1673779099 197
1673779100 116
1673779100 141
1673779100 177
1673779100 116
1673779100 171
1673779101 178
1673779101 180
1673779101 180
1673779102 195
1673779102 124
1673779102 171
1673779103 174
1673779103 170
1673779103 150
1673779104 178
1673779105 185
1673779105 116
1673779105 173
1673779106 195
1673779106 188
1673779106 177
1673779106 136
1673779107 147
1673779107 141
1673779108 125
1673779108 113
1673779109 130
1673779109 149
1673779109 122
1673779110 196
1673779110 198
1673779110 140
1673779111 174
1673779111 144
1673779111 199
1673779111 158
1673779111 120
1673779112 171
1673779112 167
1673779113 150
1673779113 199
1673779113 198
1673779113 174
1673779114 105
1673779115 198
1673779115 188
1673779116 143
1673779116 133
1673779116 137
1673779116 160
1673779117 144
1673779117 110
1673779119 115
1673779119 178
1673779119 147
1673779119 184
1673779120 153
1673779120 125
1673779121 118
1673779121 190
1673779122 133
1673779122 144
1673779122 150
1673779123 143
1673779123 103
1673779124 149
1673779124 192
1673779125 177
1673779125 120
1673779126 161
1673779126 125
1673779127 165
1673779127 102
1673779127 119
1673779127 132
1673779128 104
1673779128 107
1673779128 173
1673779129 156
1673779130 174
1673779130 184
1673779130 133
1673779131 195
1673779131 110
1673779131 119
1673779132 164
1673779132 144
1673779133 198
1673779133 158
1673779134 176
1673779135 195
1673779136 189
1673779136 148
1673779136 160
1673779136 131
1673779136 167
1673779137 160
1673779137 174
1673779139 189
1673779139 200
1673779139 151
1673779140 172
1673779140 189
1673779141 123
1673779141 101
1673779141 130
1673779141 189
1673779141 191
1673779141 174
1673779142 107
1673779142 185
1673779143 164
1673779143 165
1673779144 159
1673779144 186
1673779145 158
1673779145 146
1673779145 158
1673779145 132
1673779145 162
1673779145 108
1673779146 121
1673779146 165
1673779147 196
1673779147 130
1673779147 145
1673779148 160
1673779148 118
1673779148 105
1673779148 194
1673779150 124
1673779151 128
1673779152 111
1673779152 143
1673779152 140
1673779153 158
1673779153 151
1673779153 114
1673779153 123
1673779154 191
1673779154 132
1673779154 186
1673779154 128
1673779155 127
1673779155 159
1673779156 196
1673779156 148
1673779157 172
1673779157 114
1673779157 126
1673779157 106
1673779157 124
1673779157 182
1673779158 133
1673779158 180
1673779159 186
1673779159 113
1673779160 161
1673779161 183
1673779161 115
1673779162 183
1673779162 171
1673779162 200
1673779162 109
1673779163 161
1673779163 174
1673779163 186
1673779164 123
1673779164 119
1673779165 167
1673779165 172
1673779165 185
1673779166 117
1673779166 144
1673779166 130
1673779167 140
1673779167 198
1673779168 199
1673779168 135
1673779168 187
1673779168 127
1673779168 159
1673779169 136
1673779169 104
1673779169 158
1673779169 165
1673779169 104
1673779170 178
1673779170 196
1673779170 148
1673779170 191
1673779171 132
1673779171 186
1673779171 115
1673779171 166
1673779171 111
1673779172 132
1673779172 156
1673779172 148
1673779172 126
1673779173 196
1673779173 151
1673779173 180
1673779173 117
1673779173 189
1673779174 104
1673779174 150
1673779174 145
1673779175 183
1673779176 193
1673779176 111
1673779176 150
1673779176 171
1673779177 183
1673779178 178
1673779178 200
1673779178 101
1673779178 128
1673779178 121
1673779179 189
1673779180 164
1673779180 104
1673779180 156
1673779181 168
1673779181 124
1673779181 158
1673779181 157
1673779182 165
1673779182 166
1673779182 159
1673779183 116
1673779184 123
1673779184 184
1673779184 118
1673779184 160
1673779184 151
1673779184 113
1673779184 127
1673779184 193
1673779184 113
1673779184 147
1673779185 183
1673779185 101
1673779185 148
1673779185 113
1673779186 165
1673779187 190
1673779187 117
1673779188 135
1673779188 114
1673779188 173
1673779188 148
1673779189 149
1673779189 150
1673779189 156
1673779190 135
1673779192 136
1673779192 197
1673779192 193
1673779193 184
1673779193 102
1673779194 106
1673779194 186
1673779194 138
1673779195 176
1673779195 135
1673779195 103
1673779196 151
1673779196 175
1673779196 110
1673779196 105
1673779196 128
1673779196 168
1673779197 102
1673779198 166
1673779199 144
1673779199 186
1673779199 142
1673779200 146
1673779200 108
1673779201 166
1673779201 162
1673779202 115
1673779202 109
1673779203 146
1673779203 126
1673779203 165
1673779203 123
1673779204 146
1673779205 106
1673779206 168
1673779206 155
1673779206 189
1673779206 101
1673779207 152
1673779207 152
1673779207 109
1673779207 179
1673779208 159
1673779208 189
1673779208 115
1673779208 141
1673779208 103
1673779209 198
1673779209 113
1673779209 197
1673779209 113
1673779210 109
1673779210 158
1673779210 144
1673779210 126
1673779210 194
1673779211 132
1673779211 107
1673779211 135
1673779212 133
1673779212 180
1673779212 200
1673779212 192
1673779212 101
1673779214 160
1673779214 181
1673779214 173
1673779215 185
1673779216 106
1673779216 127
1673779217 143
1673779217 196
1673779217 137
1673779217 114
1673779218 128
1673779218 123
1673779219 127
1673779219 160
1673779219 199
1673779220 185
1673779220 196
1673779221 155
1673779222 168
1673779222 108
1673779222 173
1673779223 196
1673779223 184
1673779223 142
1673779223 133
1673779223 166
1673779224 167
1673779225 165
1673779225 123
1673779225 185
1673779227 171
1673779227 176
1673779228 157
1673779228 158
1673779230 148
1673779230 107
1673779230 151
1673779230 160
1673779231 113
1673779231 172
1673779231 142
1673779232 136
1673779233 168
1673779233 115
1673779233 115
1673779234 189
1673779235 176
1673779235 176
1673779235 182
1673779236 189
1673779236 162
1673779237 150
1673779237 199
1673779237 167
1673779238 117
1673779238 171
1673779238 161
1673779238 176
1673779238 145
1673779239 128
1673779239 181
1673779240 123
1673779240 105
1673779240 174
1673779241 196
1673779241 156
1673779242 190
1673779242 112
1673779242 118
1673779243 157
1673779243 167
1673779243 113
1673779244 137
1673779244 136
1673779245 149
1673779245 149
1673779245 197
1673779246 191
1673779246 163
1673779246 165
1673779247 108
1673779247 173
1673779247 182
1673779248 123
1673779249 154
1673779249 169
1673779250 124
1673779251 200
1673779251 173
1673779251 126
1673779251 159
1673779252 177
1673779252 192
1673779253 109
1673779253 170
1673779253 142
1673779254 167
1673779254 166
1673779255 131
1673779255 185
1673779255 165
1673779255 139
1673779256 195
1673779256 114
1673779257 186
1673779258 175
1673779258 129
1673779258 114
1673779259 115
1673779261 199
1673779261 151
1673779261 182
1673779261 160
1673779261 150
1673779261 151
1673779261 167
1673779262 112
1673779262 101
1673779262 131
1673779263 193
1673779263 123
1673779264 155
1673779264 182
1673779265 165
1673779266 170
1673779267 174
1673779267 107
1673779267 180
1673779267 127
1673779267 122
1673779268 107
1673779268 144
1673779268 155
1673779268 126
1673779269 162
1673779269 111
1673779269 189
1673779269 124
1673779269 157
1673779271 194
1673779271 190
1673779272 174
1673779273 101
1673779273 130
1673779274 153
1673779274 185
1673779275 142
1673779275 155
1673779275 101
1673779276 153
1673779276 145
1673779276 186
1673779277 126
1673779278 147
1673779278 158
1673779279 166
1673779279 150
1673779280 175
1673779280 153
1673779281 193
1673779281 161
1673779281 108
1673779282 139
1673779283 150
1673779283 175
1673779284 181
1673779285 152
1673779286 138
1673779286 115
1673779286 129
1673779286 190
1673779287 130
1673779287 148
1673779287 153
1673779288 135
1673779288 197
1673779288 116
1673779288 183
1673779289 197
1673779289 127
1673779289 195
1673779290 188
1673779290 191
