1673776802 198
1673776804 146
1673776806 189
1673776806 151
1673776807 200
1673776808 186
1673776808 116
1673776810 116
1673776810 102
1673776814 145
1673776815 124
1673776816 185
1673776817 154
1673776818 198
1673776818 185
1673776818 173
1673776819 165
1673776821 184
1673776821 128
1673776823 126
1673776824 120
1673776825 105
1673776825 139
1673776826 197
1673776828 143
1673776828 101
1673776828 116
1673776828 141
1673776829 121
1673776829 160
1673776831 113
1673776832 200
1673776833 145
1673776835 159
1673776835 192
1673776835 182
1673776838 177
1673776839 155
1673776840 187
1673776840 120
1673776840 150
1673776841 159
1673776841 168
1673776842 126
1673776844 186
1673776849 182
1673776850 137
1673776850 163
1673776850 119
1673776851 164
1673776852 182
1673776853 116
1673776853 161
1673776856 104
1673776857 144
1673776857 125
1673776857 177
1673776858 139
1673776858 112
1673776859 109
1673776862 198
1673776862 134
1673776867 187
1673776873 135
1673776875 117
1673776875 137
1673776875 200
1673776878 112
1673776879 161
1673776879 168
1673776879 121
1673776881 149
1673776881 177
1673776883 112
1673776883 174
1673776883 192
1673776886 196
1673776886 157
1673776887 177
1673776889 157
1673776889 190
1673776890 195
1673776890 173
1673776892 190
1673776893 107
1673776893 143
1673776893 120
1673776894 173
1673776895 108
1673776896 124
1673776896 169
1673776896 180
1673776897 193
1673776897 138
1673776898 101
1673776898 188
1673776899 139
1673776900 132
1673776901 129
1673776903 105
1673776903 195
1673776906 136
1673776907 135
1673776915 191
1673776917 103
1673776917 179
1673776921 200
1673776921 104
1673776922 108
1673776922 194
1673776923 178
1673776923 137
1673776923 150
1673776924 163
1673776925 177
1673776925 143
1673776926 197
1673776926 168
1673776926 172
1673776927 155
1673776928 136
1673776928 188
1673776929 153
1673776930 194
1673776931 199
1673776931 186
1673776931 107
1673776932 162
1673776932 148
1673776932 148
1673776932 143
1673776933 191
1673776933 115
1673776934 143
1673776934 181
1673776935 194
1673776936 140
1673776936 170
1673776938 125
1673776938 133
1673776938 124
1673776938 169
1673776939 128
1673776939 126
1673776939 153
1673776940 193
1673776941 134
1673776942 194
1673776942 136
1673776942 177
1673776943 138
1673776943 158
1673776943 160
1673776944 153
1673776944 156
1673776944 162
1673776945 112
1673776945 126
1673776945 180
1673776945 158
1673776946 132
1673776946 144
1673776947 176
1673776947 185
1673776947 156
1673776948 133
1673776948 122
1673776948 123
1673776949 178
1673776949 131
1673776949 196
1673776950 133
1673776950 176
1673776950 151
1673776950 157
1673776951 150
1673776951 103
1673776951 167
1673776952 182
1673776953 111
1673776953 152
1673776953 118
1673776954 168
1673776954 131
1673776954 142
1673776955 104
1673776955 171
1673776955 174
1673776956 154
1673776956 171
1673776956 181
1673776956 169
1673776958 151
1673776958 161
1673776960 150
1673776960 135
1673776960 135
1673776961 176
1673776961 147
1673776961 190
1673776961 105
1673776962 185
1673776962 147
1673776962 159
1673776962 169
1673776963 143
1673776963 141
1673776963 102
1673776963 163
1673776964 141
1673776964 184
1673776966 156
1673776966 109
1673776967 131
1673776968 108
1673776968 121
1673776968 146
1673776968 162
1673776968 101
1673776968 154
1673776969 160
1673776969 138
1673776969 130
1673776970 168
1673776970 131
1673776970 144
1673776971 197
1673776972 187
1673776972 133
1673776972 172
1673776972 149
1673776972 111
1673776973 116
1673776973 161
1673776974 147
1673776975 128
1673776975 121
1673776976 103
1673776976 160
1673776976 156
1673776977 142
1673776977 165
1673776977 116
1673776978 119
1673776978 122
1673776978 130
1673776978 116
1673776979 159
1673776979 193
1673776979 170
1673776980 168
1673776980 163
1673776980 129
1673776981 142
1673776981 168
1673776981 138
1673776981 108
1673776981 147
1673776982 171
1673776982 126
1673776982 200
1673776982 190
1673776983 122
1673776983 122
1673776984 160
1673776985 111
1673776985 181
1673776986 150
1673776986 128
1673776986 179
1673776986 113
1673776987 145
1673776988 154
1673776989 199
1673776989 175
1673776989 160
1673776989 112
1673776990 158
1673776990 195
1673776992 167
1673776992 112
1673776992 173
1673776993 192
1673776993 143
1673776997 154
1673776997 134
1673776998 120
1673776998 109
1673776999 133
1673776999 112
1673776999 160
1673777000 144
1673777000 195
1673777000 144
1673777001 163
1673777001 149
1673777001 192
1673777002 140
1673777002 189
1673777002 121
1673777002 156
1673777002 190
1673777002 186
1673777003 179
1673777003 194
1673777004 122
1673777004 193
1673777004 199
1673777004 143
1673777004 151
1673777005 177
1673777006 180
1673777006 117
1673777007 140
1673777007 163
1673777008 109
1673777008 177
1673777009 187
1673777009 113
1673777009 114
1673777010 161
1673777010 196
1673777010 182
1673777011 103
1673777011 142
1673777011 134
1673777012 196
1673777012 128
1673777013 158
1673777013 128
1673777014 191
1673777014 190
1673777014 134
1673777015 172
1673777015 139
1673777016 120
1673777016 163
1673777018 144
1673777018 128
1673777018 164
1673777018 103
1673777018 120
1673777019 191
1673777019 140
1673777019 105
1673777020 174
1673777020 110
1673777020 106
1673777020 156
1673777022 128
1673777023 154
1673777023 165
1673777023 173
1673777023 146
1673777023 133
1673777023 130
1673777024 190
1673777024 137
1673777024 110
1673777025 171
1673777025 162
1673777025 119
1673777026 146
1673777026 173
1673777027 195
1673777027 200
1673777027 139
1673777027 165
1673777027 149
1673777028 175
1673777028 175
1673777028 170
1673777028 163
1673777029 127
1673777029 198
1673777030 180
1673777030 139
1673777030 107
1673777031 115
1673777031 113
1673777031 119
1673777031 139
1673777032 169
1673777032 127
1673777032 149
1673777032 105
1673777032 171
1673777033 182
1673777033 132
1673777033 188
1673777033 171
1673777034 186
1673777034 168
1673777034 180
1673777035 152
1673777035 122
1673777035 158
1673777035 168
1673777035 103
1673777035 172
1673777035 113
1673777036 105
1673777036 153
1673777036 157
1673777037 169
1673777038 146
1673777039 139
1673777039 146
1673777040 149
1673777040 115
1673777040 101
1673777040 153
1673777040 182
1673777040 126
1673777041 107
1673777042 140
1673777043 106
1673777043 116
1673777044 194
1673777045 186
1673777047 125
1673777048 166
1673777048 131
1673777049 141
1673777050 199
1673777050 164
1673777050 172
1673777051 193
1673777051 194
1673777051 114
1673777052 168
1673777052 116
1673777053 161
1673777053 166
1673777054 125
1673777054 174
1673777054 163
1673777054 171
1673777055 162
1673777055 145
1673777055 194
1673777056 187
1673777056 168
1673777056 176
1673777057 185
1673777057 173
1673777057 198
1673777058 200
1673777059 195
1673777059 169
1673777060 192
1673777060 181
1673777060 159
1673777061 184
1673777062 197
1673777062 126
1673777062 180
1673777062 125
1673777062 121
1673777063 126
1673777063 182
1673777063 176
1673777063 193
1673777063 131
1673777063 196
1673777063 161
1673777064 198
1673777064 172
1673777064 114
1673777064 114
1673777066 198
1673777066 157
1673777067 105
1673777067 200
1673777067 120
1673777067 109
1673777068 190
1673777069 133
1673777069 116
1673777069 128
1673777069 132
1673777069 102
1673777069 166
1673777070 170
1673777071 181
1673777071 196
1673777071 171
1673777072 181
1673777072 140
1673777072 103
1673777073 172
1673777073 163
1673777074 128
1673777074 147
1673777074 160
1673777074 186
1673777074 183
1673777075 109
1673777075 174
1673777075 109
1673777075 106
1673777076 129
1673777076 122
1673777076 106
1673777076 109
1673777076 168
1673777077 151
1673777078 183
1673777078 111
1673777079 105
1673777080 107
1673777080 179
1673777080 149
1673777080 108
1673777081 128
1673777081 158
1673777082 144
1673777083 167
1673777083 176
1673777083 197
1673777083 161
1673777083 150
1673777083 196
1673777084 194
1673777084 182
1673777084 158
1673777085 177
1673777085 145
1673777086 151
1673777086 108
1673777086 156
1673777087 176
1673777087 145
1673777087 154
1673777087 115
1673777088 200
1673777088 195
1673777088 188
1673777089 158
1673777090 171
1673777090 162
1673777091 110
1673777092 183
1673777092 115
1673777092 150
1673777093 122
1673777093 132
1673777093 140
1673777095 196
1673777095 136
1673777095 197
1673777096 116
1673777096 128
1673777096 137
1673777096 135
1673777096 150
1673777098 126
1673777098 144
1673777098 167
1673777098 112
1673777098 155
1673777099 134
1673777099 194
1673777099 183
1673777100 166
1673777100 135
1673777100 195
1673777100 159
1673777101 137
1673777101 118
1673777101 173
1673777102 109
1673777103 146
1673777103 111
1673777104 133
1673777104 104
1673777106 199
1673777106 129
1673777106 140
1673777106 179
1673777107 187
1673777107 127
1673777108 156
1673777108 163
1673777109 182
1673777110 157
1673777110 161
1673777110 159
1673777110 184
1673777110 169
1673777110 197
1673777111 167
1673777111 166
1673777111 196
1673777112 167
1673777112 191
1673777112 101
1673777113 145
1673777113 186
1673777114 181
1673777115 136
1673777115 172
1673777115 186
1673777115 111
1673777116 149
1673777116 105
1673777117 140
1673777117 129
1673777117 150
1673777118 153
1673777118 158
1673777119 166
1673777119 116
1673777119 192
1673777120 112
1673777120 182
1673777120 129
1673777120 146
1673777120 200
1673777120 140
1673777121 144
1673777121 156
1673777121 165
1673777122 151
1673777122 171
1673777123 178
1673777123 101
1673777123 168
1673777124 170
1673777124 123
1673777124 188
1673777124 108
1673777125 171
1673777126 149
1673777126 139
1673777127 143
1673777127 103
1673777128 102
1673777128 123
1673777129 143
1673777130 169
1673777130 191
1673777131 166
1673777131 130
1673777131 113
1673777131 129
1673777132 107
1673777132 181
1673777132 192
1673777132 131
1673777132 109
1673777133 191
1673777133 159
1673777134 126
1673777134 133
1673777134 140
1673777135 200
1673777135 133
1673777136 125
1673777136 119
1673777136 146
1673777137 163
1673777137 106
1673777137 189
1673777138 165
1673777138 109
1673777138 136
1673777138 176
1673777139 134
1673777139 116
1673777140 129
1673777140 144
1673777141 196
1673777142 167
1673777142 164
1673777142 158
1673777143 170
1673777144 181
1673777145 161
1673777145 175
1673777145 111
1673777145 191
1673777145 123
1673777145 120
1673777145 164
1673777146 180
1673777146 169
1673777146 133
1673777148 103
1673777148 143
1673777149 175
1673777150 143
1673777151 168
1673777151 141
1673777151 171
1673777152 117
1673777153 141
1673777153 174
1673777154 146
1673777154 115
1673777154 102
1673777155 200
1673777155 137
1673777155 138
1673777156 109
1673777156 135
1673777157 167
1673777157 118
1673777158 151
1673777158 114
1673777158 169
1673777158 105
1673777161 174
1673777161 122
1673777161 103
1673777161 118
1673777161 137
1673777162 130
1673777162 167
1673777162 155
1673777163 103
1673777163 143
1673777163 123
1673777163 129
1673777163 176
1673777164 172
1673777164 165
1673777164 174
1673777164 129
1673777165 190
1673777165 154
1673777165 149
1673777166 103
1673777166 145
1673777166 125
1673777166 109
1673777167 142
1673777167 151
1673777167 133
1673777168 164
1673777169 105
1673777169 134
1673777170 129
1673777170 153
1673777171 169
1673777171 114
1673777171 122
1673777171 187
1673777171 155
1673777171 179
1673777172 165
1673777172 196
1673777172 166
1673777172 197
1673777173 128
1673777173 184
1673777173 108
1673777173 173
1673777173 179
1673777174 186
1673777174 149
1673777174 126
1673777176 200
1673777176 120
1673777176 112
1673777176 107
1673777177 146
1673777177 175
1673777177 173
1673777177 118
1673777178 130
1673777178 120
1673777178 147
1673777179 188
1673777180 118
1673777182 110
1673777182 167
1673777182 199
1673777183 145
1673777183 101
1673777183 138
1673777183 144
1673777184 140
1673777184 186
1673777184 183
1673777184 128
1673777184 141
1673777186 146
1673777186 176
1673777187 198
1673777187 189
1673777187 146
1673777187 153
1673777187 169
1673777188 173
1673777189 148
1673777190 196
1673777190 154
1673777190 198
1673777190 198
1673777191 175
1673777191 177
1673777191 182
1673777193 167
1673777194 162
1673777194 144
1673777195 170
1673777195 115
1673777196 136
1673777196 189
1673777196 172
1673777196 116
1673777197 130
1673777197 120
1673777197 171
1673777197 114
1673777197 153
1673777197 154
1673777197 159
1673777198 139
1673777199 176
1673777199 184
1673777200 143
1673777200 161
1673777200 163
1673777200 125
1673777201 139
1673777202 185
1673777202 114
1673777202 170
1673777203 166
1673777203 142
1673777203 188
1673777204 139
1673777204 187
1673777204 152
1673777204 199
1673777204 153
1673777204 104
1673777204 109
1673777205 189
1673777206 170
1673777206 116
1673777206 110
1673777207 128
1673777207 129
1673777207 175
1673777207 157
1673777207 126
1673777208 155
1673777208 109
1673777208 121
1673777208 169
1673777208 103
1673777209 192
1673777209 191
1673777209 165
1673777209 170
1673777210 115
1673777210 190
1673777211 141
1673777211 106
1673777211 114
1673777211 121
1673777212 171
1673777212 189
1673777212 145
1673777212 134
1673777213 194
1673777213 110
1673777213 155
1673777214 128
1673777214 149
1673777214 124
1673777217 200
1673777217 200
1673777217 171
1673777217 175
1673777218 157
1673777218 109
1673777218 174
1673777219 136
1673777219 138
1673777219 110
1673777219 129
1673777221 155
1673777221 152
1673777222 107
1673777223 129
1673777224 179
1673777224 197
1673777224 158
1673777225 131
1673777225 197
1673777226 146
1673777227 109
1673777229 195
1673777229 178
1673777230 200
1673777232 105
1673777233 180
1673777233 165
1673777234 133
1673777234 140
1673777235 156
1673777235 120
1673777236 133
1673777237 159
1673777237 179
1673777239 156
1673777240 118
1673777240 107
1673777240 176
1673777241 109
1673777242 181
1673777244 114
1673777244 149
1673777245 102
1673777247 161
1673777247 111
1673777247 138
1673777247 139
1673777248 115
1673777249 131
1673777249 105
1673777249 117
1673777250 148
1673777250 177
1673777250 159
1673777250 171
1673777250 182
1673777251 106
1673777251 109
1673777252 164
1673777252 154
1673777252 171
1673777252 188
1673777252 149
1673777253 103
1673777253 177
1673777253 147
1673777253 139
1673777254 133
1673777255 112
1673777255 106
1673777256 179
1673777257 102
1673777257 140
1673777257 106
1673777258 195
1673777258 171
1673777258 154
1673777258 174
1673777258 193
1673777259 101
1673777259 131
1673777260 125
1673777261 180
1673777261 183
1673777262 128
1673777262 186
1673777262 147
1673777262 152
1673777262 194
1673777263 108
1673777263 151
1673777263 177
1673777263 106
1673777264 199
1673777264 122
1673777265 104
1673777265 138
1673777265 163
1673777265 121
1673777266 125
1673777266 194
1673777267 111
1673777267 167
1673777268 148
1673777268 128
1673777268 129
1673777268 196
1673777269 183
1673777269 125
1673777270 193
1673777270 117
1673777270 174
1673777270 171
1673777270 115
1673777272 145
1673777272 189
1673777272 196
1673777272 141
1673777273 110
1673777273 157
1673777273 138
1673777273 134
1673777274 200
1673777274 132
1673777275 111
1673777275 127
1673777275 123
1673777275 118
1673777276 134
1673777276 120
1673777276 181
1673777277 196
1673777277 172
1673777277 188
1673777277 134
1673777278 164
1673777278 144
1673777279 127
1673777279 156
1673777279 137
1673777279 172
1673777279 106
1673777280 108
1673777280 122
1673777281 103
1673777282 183
1673777282 137
1673777282 166
1673777283 105
1673777284 133
1673777284 155
1673777284 157
1673777284 101
1673777286 147
1673777287 173
1673777287 152
1673777287 141
1673777287 184
1673777287 150
1673777289 195
1673777289 130
1673777290 152
1673777290 162
1673777290 173
1673777290 172
1673777290 195
1673777291 197
1673777292 166
1673777292 111
1673777292 200
1673777292 142
1673777292 178
1673777292 197
1673777292 149
1673777293 111
1673777293 127
1673777293 152
1673777294 199
1673777294 102
1673777295 172
1673777295 155
1673777295 108
1673777296 186
1673777296 107
1673777296 134
1673777297 176
1673777297 141
1673777298 128
1673777299 114
1673777299 129
1673777299 193
1673777299 171
1673777300 151
1673777301 134
1673777301 127
1673777301 185
1673777302 199
1673777302 139
1673777302 133
1673777303 161
1673777303 182
1673777303 185
1673777304 144
1673777304 102
1673777304 173
1673777305 157
1673777305 192
1673777305 190
1673777306 193
1673777307 171
1673777308 144
1673777308 118
1673777310 164
1673777310 118
1673777310 133
1673777310 106
1673777312 158
1673777312 185
1673777312 188
1673777313 177
1673777313 164
1673777314 116
1673777314 101
1673777314 166
1673777315 150
1673777316 136
1673777316 196
1673777316 176
1673777316 130
1673777317 109
1673777318 115
1673777318 179
1673777318 176
1673777318 116
1673777319 116
1673777319 103
1673777320 173
1673777320 184
1673777320 132
1673777320 184
1673777320 154
1673777321 159
1673777321 128
1673777321 158
1673777321 178
1673777322 158
1673777324 101
1673777324 174
1673777324 180
1673777325 168
1673777325 188
1673777325 186
1673777326 158
1673777326 108
1673777328 139
1673777328 136
1673777329 110
1673777329 105
1673777329 101
1673777329 119
1673777329 146
1673777330 111
1673777330 171
1673777330 103
1673777330 159
1673777330 143
1673777331 153
1673777331 167
1673777331 195
1673777332 158
1673777332 174
1673777332 131
1673777332 199
1673777332 116
1673777333 181
1673777333 149
1673777334 197
1673777334 173
1673777335 128
1673777335 113
1673777336 150
1673777336 115
1673777336 127
1673777336 200
1673777337 167
1673777337 125
1673777338 174
1673777338 173
1673777339 178
1673777340 181
1673777340 160
1673777341 151
1673777341 154
1673777341 180
1673777341 106
1673777342 102
1673777343 182
1673777343 130
1673777344 117
1673777344 112
1673777344 177
1673777344 190
1673777344 105
1673777346 127
1673777348 169
1673777360 150
1673777360 108
1673777361 120
1673777361 134
1673777362 133
1673777363 145
1673777363 142
1673777364 160
1673777365 146
1673777365 130
1673777366 103
1673777366 193
1673777366 195
1673777366 157
1673777367 179
1673777368 140
1673777369 189
1673777369 159
1673777369 122
1673777369 173
1673777369 174
1673777370 184
1673777370 101
1673777370 194
1673777370 134
1673777370 101
1673777371 167
1673777371 164
1673777371 142
1673777371 122
1673777371 163
1673777372 125
1673777372 135
1673777372 133
1673777372 162
1673777373 101
1673777373 117
1673777373 126
1673777373 106
1673777374 101
1673777374 187
1673777374 121
1673777375 186
1673777375 108
1673777376 198
1673777376 171
1673777377 160
1673777377 196
1673777377 149
1673777377 192
1673777377 173
1673777377 185
1673777377 195
1673777377 109
1673777379 121
1673777379 160
1673777380 200
1673777380 174
1673777380 102
1673777381 193
1673777381 161
1673777381 175
1673777381 128
1673777382 104
1673777383 138
1673777383 190
1673777383 171
1673777383 141
1673777384 169
1673777384 137
1673777384 180
1673777385 169
1673777385 172
1673777386 113
1673777386 196
1673777387 144
1673777387 133
1673777388 116
1673777388 188
1673777388 110
1673777388 113
1673777388 180
1673777389 176
1673777389 175
1673777389 156
1673777390 128
1673777390 115
1673777391 120
1673777391 133
1673777392 118
1673777392 153
1673777392 123
1673777393 171
1673777393 196
1673777393 129
1673777393 121
1673777394 180
1673777394 156
1673777394 135
1673777394 167
1673777394 102
1673777394 143
1673777394 180
1673777394 179
1673777394 169
1673777395 130
1673777395 104
1673777395 200
1673777395 138
1673777396 166
1673777396 128
1673777396 143
1673777396 116
1673777396 155
1673777397 153
1673777397 141
1673777397 199
1673777398 188
1673777399 111
1673777399 129
1673777400 121
1673777400 144
1673777402 169
1673777402 200
1673777402 131
1673777402 160
1673777402 155
1673777403 185
1673777403 139
1673777404 130
1673777404 156
1673777404 155
1673777405 185
1673777405 113
1673777405 163
1673777407 146
1673777408 117
1673777408 156
1673777409 111
1673777409 141
1673777409 105
1673777409 140
1673777409 198
1673777410 162
1673777410 145
1673777410 114
1673777410 119
1673777411 179
1673777412 179
1673777412 161
1673777412 192
1673777412 160
1673777412 115
1673777413 195
1673777413 118
1673777414 141
1673777414 171
1673777414 166
1673777414 115
1673777414 160
1673777414 161
1673777415 134
1673777416 128
1673777416 182
1673777416 118
1673777417 157
1673777418 115
1673777418 138
1673777418 170
1673777419 183
1673777419 109
1673777420 141
1673777420 175
1673777421 175
1673777421 170
1673777421 159
1673777421 146
1673777422 183
1673777422 131
1673777422 105
1673777423 123
1673777423 146
1673777423 127
1673777424 116
1673777424 133
1673777424 115
1673777424 198
1673777425 179
1673777425 174
1673777425 143
1673777426 178
1673777426 165
1673777427 150
1673777427 176
1673777428 145
1673777428 153
1673777429 126
1673777429 158
1673777429 193
1673777429 188
1673777430 123
1673777430 161
1673777430 130
1673777430 188
1673777431 186
1673777431 200
1673777433 147
1673777433 168
1673777433 186
1673777433 200
1673777434 141
1673777434 162
1673777434 176
1673777435 117
1673777435 133
1673777435 113
1673777436 149
1673777436 142
1673777436 178
1673777436 192
1673777436 151
1673777436 170
1673777437 115
1673777437 152
1673777439 101
1673777439 166
1673777439 134
1673777440 101
1673777441 103
1673777441 192
1673777441 113
1673777441 165
1673777442 151
1673777442 158
1673777443 109
1673777443 173
1673777443 129
1673777443 133
1673777444 167
1673777444 176
1673777444 103
1673777445 130
1673777446 170
1673777447 134
1673777447 132
1673777447 136
1673777447 158
1673777447 128
1673777448 122
1673777448 187
1673777448 177
1673777448 183
1673777448 134
1673777449 151
1673777449 171
1673777449 138
1673777450 187
1673777450 118
1673777450 122
1673777450 111
1673777450 191
1673777451 109
1673777451 149
1673777451 158
1673777452 101
1673777452 165
1673777452 135
1673777452 165
1673777453 179
1673777454 181
1673777455 161
1673777455 190
1673777455 120
1673777456 152
1673777456 114
1673777457 141
1673777457 101
1673777458 113
1673777458 179
1673777459 158
1673777459 158
1673777460 149
1673777461 151
1673777461 101
1673777461 134
1673777462 183
1673777463 123
1673777463 135
1673777463 121
1673777463 130
1673777464 200
1673777464 114
1673777464 127
1673777465 121
1673777465 122
1673777465 183
1673777466 101
1673777466 137
1673777466 180
1673777467 169
1673777467 140
1673777467 122
1673777467 130
1673777467 113
1673777467 116
1673777468 161
1673777468 175
1673777469 126
1673777469 160
1673777470 151
1673777470 107
1673777470 128
1673777470 133
1673777471 111
1673777471 157
1673777471 156
1673777471 131
1673777471 121
1673777471 148
1673777471 135
1673777472 173
1673777472 198
1673777472 101
1673777473 107
1673777473 133
1673777473 162
1673777473 158
1673777473 120
1673777474 184
1673777474 122
1673777474 121
1673777474 191
1673777474 159
1673777474 131
1673777475 153
1673777475 145
1673777475 181
1673777475 165
1673777475 145
1673777476 120
1673777477 102
1673777477 133
1673777478 105
1673777478 191
1673777479 195
1673777479 167
1673777480 134
1673777480 174
1673777481 125
1673777481 105
1673777481 120
1673777481 183
1673777481 194
1673777482 110
1673777483 182
1673777484 141
1673777484 147
1673777485 195
1673777485 171
1673777485 198
1673777485 199
1673777486 136
1673777486 108
1673777487 195
1673777487 149
1673777487 197
1673777487 111
1673777488 123
1673777488 109
1673777489 123
1673777489 181
1673777489 149
1673777489 192
1673777490 108
1673777490 134
1673777491 132
1673777492 104
1673777493 124
1673777493 140
1673777493 115
1673777493 164
1673777493 158
1673777494 141
1673777494 106
1673777494 145
1673777495 118
1673777496 144
1673777496 187
1673777496 200
1673777496 112
1673777498 102
1673777499 177
1673777499 144
1673777499 159
1673777500 160
1673777501 167
1673777501 121
1673777502 128
1673777503 157
1673777504 115
1673777504 109
1673777504 128
1673777505 139
1673777506 107
1673777506 174
1673777506 120
1673777507 185
1673777507 119
1673777507 156
1673777507 151
1673777507 144
1673777508 115
1673777508 183
1673777509 113
1673777509 137
1673777509 176
1673777510 118
1673777510 135
1673777510 138
1673777511 119
1673777511 105
1673777512 145
1673777513 140
1673777513 122
1673777513 107
1673777513 127
1673777513 171
1673777514 189
1673777514 122
1673777514 133
1673777514 184
1673777515 143
1673777515 197
1673777517 135
1673777517 140
1673777517 151
1673777517 173
1673777517 115
1673777517 108
1673777517 155
1673777518 184
1673777518 117
1673777519 184
1673777519 169
1673777519 122
1673777520 134
1673777520 184
1673777520 106
1673777520 102
1673777521 191
1673777522 123
1673777523 164
1673777523 119
1673777523 138
1673777524 102
1673777524 153
1673777524 169
1673777524 150
1673777526 128
1673777527 152
1673777527 168
1673777527 161
1673777527 189
1673777528 190
1673777528 102
1673777529 171
1673777529 143
1673777529 169
1673777529 103
1673777531 174
1673777532 131
1673777532 132
1673777532 137
1673777533 104
1673777533 170
1673777533 197
1673777534 140
1673777534 180
1673777534 155
1673777534 144
1673777535 121
1673777535 123
1673777536 142
1673777536 132
1673777536 197
1673777537 181
1673777537 122
1673777537 158
1673777537 138
1673777537 193
1673777538 145
1673777538 155
1673777539 121
1673777539 189
1673777539 115
1673777539 193
1673777540 157
1673777540 192
1673777540 130
1673777540 199
1673777541 148
1673777542 145
1673777542 140
1673777542 190
1673777542 121
1673777542 120
1673777542 101
1673777542 123
1673777543 135
1673777543 150
1673777544 171
1673777544 160
1673777544 181
1673777545 164
1673777545 188
1673777545 184
1673777546 157
1673777547 167
1673777547 160
1673777547 127
1673777548 187
1673777548 129
1673777548 109
1673777548 132
1673777549 119
1673777550 128
1673777550 109
1673777550 190
1673777550 190
1673777550 118
1673777551 165
1673777551 178
1673777551 118
1673777551 188
1673777551 190
1673777551 200
1673777552 123
1673777552 140
1673777552 122
1673777554 174
1673777554 199
1673777554 113
1673777554 128
1673777554 109
1673777555 120
1673777555 190
1673777555 115
1673777555 187
1673777555 124
1673777555 198
1673777555 134
1673777555 111
1673777556 130
1673777556 194
1673777556 199
1673777556 146
1673777556 117
1673777556 112
1673777557 176
1673777557 162
1673777558 194
1673777558 170
1673777558 116
1673777558 174
1673777559 155
1673777559 127
1673777560 191
1673777561 120
1673777561 122
1673777561 134
1673777561 106
1673777562 117
1673777562 133
1673777563 149
1673777563 171
1673777563 161
1673777564 126
1673777564 167
1673777565 114
1673777565 106
1673777565 171
1673777565 159
1673777566 127
1673777566 151
1673777567 200
1673777567 142
1673777568 139
1673777568 157
1673777568 158
1673777569 170
1673777569 104
1673777569 183
1673777569 158
1673777569 185
1673777569 139
1673777570 172
1673777570 181
1673777571 121
1673777571 161
1673777571 183
1673777572 148
1673777572 124
1673777572 138
1673777573 174
1673777573 174
1673777573 135
1673777574 103
1673777574 184
1673777575 126
1673777576 191
1673777576 111
1673777576 133
1673777576 150
1673777576 157
1673777576 173
1673777577 118
1673777577 200
1673777577 135
1673777577 149
1673777577 143
1673777578 168
1673777579 136
1673777579 147
1673777579 109
1673777579 124
1673777580 183
1673777580 157
1673777581 169
1673777581 173
1673777581 123
1673777581 105
1673777581 138
1673777582 133
1673777582 119
1673777583 146
1673777583 144
1673777584 169
1673777584 105
1673777584 101
1673777584 188
1673777585 199
1673777585 179
1673777586 157
1673777586 116
1673777586 124
1673777586 164
1673777586 112
1673777587 140
1673777587 199
1673777588 184
1673777588 196
1673777588 104
1673777589 124
1673777589 117
1673777590 155
1673777590 155
1673777590 186
1673777590 188
1673777590 131
1673777591 114
1673777591 186
1673777592 115
1673777592 183
1673777592 174
1673777593 125
1673777593 108
1673777593 129
1673777593 199
1673777593 193
1673777594 105
1673777594 127
1673777594 132
1673777594 129
1673777594 199
1673777595 126
1673777595 186
1673777596 166
1673777596 128
1673777596 139
1673777597 121
1673777597 104
1673777598 126
1673777598 110
1673777599 188
1673777599 190
1673777599 137
1673777600 188
1673777600 162
1673777601 106
1673777601 175
1673777602 199
1673777602 167
1673777602 118
1673777602 113
1673777602 129
1673777602 197
1673777603 167
1673777603 180
1673777603 102
1673777604 114
1673777605 128
1673777605 136
1673777605 140
1673777606 189
1673777606 120
1673777607 179
1673777607 140
1673777608 196
1673777608 129
1673777608 105
1673777608 144
1673777608 155
1673777610 135
1673777610 101
1673777610 150
1673777610 145
1673777611 192
1673777611 139
1673777612 141
1673777612 181
1673777613 200
1673777614 119
1673777614 117
1673777615 114
1673777615 151
1673777616 134
1673777616 109
1673777616 114
1673777617 189
1673777617 104
1673777617 199
1673777618 170
1673777618 142
1673777618 194
1673777619 114
1673777619 147
1673777619 198
1673777620 143
1673777620 171
1673777621 183
1673777622 125
1673777622 179
1673777622 163
1673777622 145
1673777623 195
1673777623 133
1673777623 133
1673777623 107
1673777623 144
1673777623 176
1673777624 154
1673777624 152
1673777625 101
1673777625 200
1673777625 115
1673777626 160
1673777626 102
1673777626 117
1673777627 160
1673777627 148
1673777627 170
1673777628 121
1673777628 114
1673777628 147
1673777628 103
1673777628 145
1673777628 187
1673777628 111
1673777628 145
1673777629 168
1673777630 187
1673777630 179
1673777630 129
1673777631 198
1673777631 199
1673777632 130
1673777633 148
1673777633 149
1673777633 111
1673777633 166
1673777633 154
1673777633 137
1673777634 168
1673777634 126
1673777634 158
1673777635 186
1673777635 143
1673777635 199
1673777635 167
1673777635 148
1673777635 115
1673777636 103
1673777636 102
1673777636 123
1673777637 176
1673777637 179
1673777637 152
1673777637 147
1673777638 152
1673777638 107
1673777638 167
1673777639 141
1673777639 122
1673777639 181
1673777639 188
1673777639 195
1673777639 181
1673777640 136
1673777640 154
1673777640 138
1673777641 195
1673777641 175
1673777641 114
1673777642 113
1673777642 132
1673777643 181
1673777643 158
1673777644 119
1673777645 129
1673777646 173
1673777646 146
1673777646 186
1673777646 189
1673777646 168
1673777647 178
1673777647 110
1673777649 157
1673777652 122
1673777652 120
1673777652 114
1673777652 135
1673777652 142
1673777653 184
1673777655 149
1673777655 144
1673777658 140
1673777658 134
1673777658 115
1673777658 183
1673777660 195
1673777660 167
1673777660 186
1673777661 177
1673777661 105
1673777662 116
1673777663 178
1673777664 114
1673777665 153
1673777668 145
1673777669 153
1673777670 167
1673777670 190
1673777672 107
1673777673 152
1673777673 118
1673777674 146
1673777675 181
1673777677 110
1673777677 141
1673777678 116
1673777679 150
1673777679 168
1673777681 172
1673777681 139
1673777681 112
1673777683 198
1673777683 119
1673777683 175
1673777683 178
1673777684 188
1673777684 175
1673777687 149
1673777687 160
1673777687 110
1673777687 183
1673777687 103
1673777687 197
1673777688 195
1673777688 103
1673777688 167
1673777688 144
1673777690 139
1673777690 124
1673777690 153
1673777691 170
1673777691 129
1673777691 156
1673777691 120
1673777693 169
1673777693 181
1673777694 111
1673777694 118
1673777694 145
1673777695 163
1673777695 197
1673777695 166
1673777697 142
1673777697 126
1673777697 192
1673777697 112
1673777698 152
1673777698 142
1673777698 199
1673777698 183
1673777698 134
1673777699 115
1673777699 167
1673777700 105
1673777700 164
1673777700 124
1673777700 121
1673777700 194
1673777701 196
1673777701 123
1673777701 107
1673777701 197
1673777702 171
1673777702 193
1673777702 113
1673777702 147
1673777702 118
1673777702 133
1673777702 133
1673777703 142
1673777703 198
1673777703 194
1673777704 105
1673777705 110
1673777705 145
1673777705 157
1673777706 196
1673777706 119
1673777717 177
1673777717 139
1673777717 160
1673777717 137
1673777718 199
1673777719 158
1673777719 142
1673777719 121
1673777719 119
1673777720 153
1673777720 149
1673777720 118
1673777720 169
1673777720 192
1673777721 199
1673777721 175
1673777722 198
1673777722 176
1673777722 128
1673777722 184
1673777722 130
1673777722 102
1673777723 194
1673777723 182
1673777723 160
1673777723 108
1673777724 191
1673777724 168
1673777724 104
1673777724 127
1673777725 123
1673777725 147
1673777725 175
1673777725 127
1673777726 103
1673777726 169
1673777726 107
1673777726 127
1673777726 113
1673777726 198
1673777726 131
1673777727 180
1673777727 145
1673777727 151
1673777728 174
1673777728 165
1673777728 154
1673777728 117
1673777729 102
1673777729 167
1673777729 126
1673777729 152
1673777729 158
1673777729 120
1673777730 190
1673777730 146
1673777730 136
1673777730 171
1673777730 142
1673777731 175
1673777732 139
1673777732 108
1673777732 187
1673777733 137
1673777733 144
1673777733 175
1673777734 142
1673777735 132
1673777736 119
1673777736 128
1673777737 116
1673777737 129
1673777737 148
1673777738 152
1673777738 131
1673777738 148
1673777738 163
1673777738 186
1673777739 129
1673777739 197
1673777739 129
1673777739 180
1673777739 118
1673777740 125
1673777740 167
1673777741 200
1673777742 181
1673777743 101
1673777743 126
1673777744 164
1673777744 195
1673777744 192
1673777744 193
1673777745 170
1673777745 155
1673777746 195
1673777746 124
1673777746 120
1673777747 130
1673777747 120
1673777747 168
1673777747 183
1673777747 111
1673777747 173
1673777748 161
1673777749 141
1673777749 106
1673777749 187
1673777749 168
1673777750 169
1673777750 132
1673777751 163
1673777751 161
1673777751 158
1673777753 140
1673777753 192
1673777753 196
1673777753 168
1673777754 138
1673777754 124
1673777754 134
1673777754 104
1673777755 144
1673777755 104
1673777755 152
1673777756 179
1673777756 176
1673777756 132
1673777756 171
1673777757 123
1673777759 107
1673777759 199
1673777759 188
1673777759 190
1673777760 124
1673777760 167
1673777760 159
1673777760 139
1673777760 136
1673777761 186
1673777761 170
1673777762 102
1673777762 154
1673777763 173
1673777763 104
1673777763 103
1673777764 102
1673777766 123
1673777773 174
1673777775 135
1673777775 122
1673777775 193
1673777775 171
1673777776 199
1673777776 122
1673777781 152
1673777781 102
1673777781 184
1673777784 145
1673777784 134
1673777784 195
1673777786 197
1673777787 137
1673777787 160
1673777788 151
1673777791 141
1673777795 136
1673777800 193
1673777800 166
1673777802 145
1673777802 188
1673777804 123
1673777804 124
1673777804 160
1673777805 175
1673777805 156
1673777805 180
1673777807 136
1673777807 124
1673777807 116
1673777808 154
1673777810 181
1673777811 117
1673777811 125
1673777812 109
1673777812 192
1673777814 128
1673777815 192
1673777815 192
1673777818 103
1673777818 179
1673777819 158
1673777819 166
1673777819 119
1673777820 109
1673777820 196
1673777821 154
1673777821 133
1673777827 192
1673777833 181
1673777833 104
1673777833 158
1673777836 125
1673777836 145
1673777839 106
1673777839 158
1673777839 179
1673777844 122
1673777847 169
1673777849 186
1673777850 187
1673777853 165
1673777855 200
1673777855 187
1673777857 130
1673777860 148
1673777868 170
1673777871 108
1673777872 125
1673777873 140
1673777873 155
1673777874 194
1673777874 184
1673777875 184
1673777875 161
1673777875 123
1673777875 144
1673777876 180
1673777880 194
1673777880 118
1673777886 152
1673777902 164
1673777902 179
1673777902 142
1673777904 115
1673777904 186
1673777908 123
1673777908 147
1673777908 171
1673777909 132
1673777909 156
1673777909 147
1673777909 188
1673777910 158
1673777910 124
1673777910 117
1673777911 113
1673777912 188
1673777912 112
1673777914 174
1673777914 126
1673777915 187
1673777915 187
1673777916 127
1673777916 183
1673777917 148
1673777917 180
1673777917 192
1673777921 140
1673777924 140
1673777924 171
1673777924 162
1673777925 141
1673777925 136
1673777928 108
1673777928 137
1673777928 173
1673777928 160
1673777929 137
1673777930 155
1673777935 192
1673777935 162
1673777936 185
1673777936 156
1673777937 195
1673777937 183
1673777938 124
1673777938 152
1673777938 109
1673777939 114
1673777940 199
1673777940 154
1673777940 138
1673777940 121
1673777940 139
1673777942 161
1673777943 134
1673777943 161
1673777943 150
1673777944 109
1673777947 160
1673777947 130
1673777948 178
1673777948 127
1673777949 133
1673777953 154
1673777954 199
1673777957 164
1673777957 115
1673777957 177
1673777957 112
1673777958 178
1673777959 146
1673777959 107
1673777960 196
1673777960 200
1673777960 194
1673777960 175
1673777963 115
1673777964 153
1673777964 189
1673777965 160
1673777967 179
1673777968 134
1673777969 102
1673777972 178
1673777972 108
1673777973 121
1673777974 106
1673777974 174
1673777980 188
1673777981 142
1673777981 176
1673777982 174
1673777982 102
1673777984 200
1673777984 144
1673777985 150
1673777987 184
1673777987 188
1673777988 127
1673777989 158
1673778003 184
1673778004 182
1673778005 140
1673778005 176
1673778007 105
1673778007 102
1673778007 148
1673778007 151
1673778009 122
1673778014 142
1673778016 126
1673778016 108
1673778016 135
1673778017 163
1673778017 198
1673778017 186
1673778018 198
1673778018 162
1673778018 130
1673778018 193
1673778019 166
1673778019 137
1673778024 152
1673778024 143
1673778026 181
1673778027 189
1673778027 128
1673778027 166
1673778027 182
1673778030 178
1673778030 173
1673778030 156
1673778034 112
1673778034 137
1673778034 109
1673778034 130
1673778037 143
1673778037 140
1673778038 194
1673778038 166
1673778038 153
1673778043 123
1673778048 105
1673778048 190
1673778048 141
1673778049 118
1673778049 188
1673778050 163
1673778050 152
1673778057 142
1673778063 165
1673778064 195
1673778064 162
1673778064 114
1673778065 174
1673778065 133
1673778067 168
1673778068 174
1673778068 173
1673778076 171
1673778076 176
1673778078 198
1673778080 113
1673778080 191
1673778083 191
1673778083 132
1673778083 165
1673778084 154
1673778086 186
1673778094 165
1673778095 172
1673778099 105
1673778100 189
1673778100 147
1673778100 135
1673778106 185
1673778107 172
1673778108 161
1673778108 167
1673778108 175
1673778109 118
1673778117 197
1673778120 183
1673778124 125
1673778127 174
1673778127 181
1673778128 179
1673778129 158
1673778130 177
1673778130 139
1673778131 113
1673778133 140
1673778133 112
1673778133 166
1673778133 111
1673778133 124
1673778138 193
1673778139 131
1673778140 187
1673778143 130
1673778143 180
1673778144 140
1673778147 116
1673778147 153
1673778149 172
1673778154 171
1673778157 135
1673778157 174
1673778158 126
1673778159 183
1673778159 176
1673778160 149
1673778160 155
1673778161 154
1673778161 179
1673778161 182
1673778164 158
1673778165 189
1673778167 195
1673778168 148
1673778168 109
1673778170 116
1673778171 127
1673778176 132
1673778177 129
1673778177 147
1673778180 157
1673778181 144
1673778181 152
1673778182 117
1673778188 105
1673778190 120
1673778190 140
1673778190 196
1673778192 119
1673778192 198
1673778194 167
1673778194 198
1673778196 186
1673778200 145
1673778201 112
1673778203 188
1673778203 166
1673778204 197
1673778204 110
1673778204 140
1673778204 197
1673778204 148
1673778205 187
1673778207 125
1673778208 162
1673778208 132
1673778209 156
1673778210 180
1673778211 183
1673778211 148
1673778211 185
1673778211 133
1673778211 133
1673778212 176
1673778212 136
1673778212 159
1673778214 159
1673778214 173
1673778214 199
1673778215 136
1673778216 115
1673778216 131
1673778217 133
1673778217 150
1673778218 139
1673778219 200
1673778219 179
1673778220 122
1673778223 162
1673778223 169
1673778224 198
1673778224 181
1673778225 177
1673778225 155
1673778225 112
1673778227 139
1673778227 181
1673778227 172
1673778228 115
1673778228 116
1673778232 188
1673778232 179
1673778232 142
1673778233 143
1673778233 154
1673778233 118
1673778233 125
1673778234 145
1673778234 199
1673778234 189
1673778234 198
1673778236 183
1673778236 193
1673778237 116
1673778237 184
1673778238 107
1673778238 145
1673778238 168
1673778238 116
1673778239 131
1673778239 188
1673778239 196
1673778239 169
1673778239 118
1673778240 173
1673778240 135
1673778240 120
1673778241 160
1673778242 184
1673778242 196
1673778242 137
1673778242 115
1673778242 119
1673778243 199
1673778243 175
1673778243 200
1673778243 137
1673778244 157
1673778244 199
1673778244 173
1673778244 119
1673778245 199
1673778245 112
1673778245 155
1673778245 183
1673778245 117
1673778246 134
1673778246 140
1673778246 193
1673778246 153
1673778247 110
1673778247 166
1673778248 142
1673778249 106
1673778250 174
1673778250 173
1673778250 131
1673778250 138
1673778250 109
1673778250 195
1673778250 185
1673778250 173
1673778251 149
1673778251 157
1673778251 110
1673778251 124
1673778252 119
1673778252 159
1673778252 173
1673778252 124
1673778253 145
1673778253 113
1673778253 178
1673778254 196
1673778254 126
1673778254 118
1673778254 116
1673778254 198
1673778254 126
1673778254 171
1673778255 142
1673778256 122
1673778256 152
1673778257 105
1673778257 109
1673778258 148
1673778258 186
1673778258 127
1673778258 176
1673778259 110
1673778259 158
1673778259 183
1673778259 157
1673778259 104
1673778260 154
1673778261 199
1673778261 189
1673778261 144
1673778262 131
1673778262 171
1673778264 134
1673778264 133
1673778264 154
1673778265 122
1673778265 137
1673778266 108
1673778267 194
1673778267 193
1673778267 117
1673778267 108
1673778268 197
1673778268 180
1673778268 137
1673778268 152
1673778268 177
1673778268 173
1673778270 197
1673778270 164
1673778270 137
1673778271 139
1673778271 187
1673778272 161
1673778272 136
1673778272 121
1673778273 103
1673778273 123
1673778274 186
1673778275 165
1673778275 119
1673778276 139
1673778276 193
1673778276 183
1673778278 199
1673778278 199
1673778278 166
1673778278 175
1673778278 119
1673778279 157
1673778279 171
1673778279 196
1673778279 111
1673778280 147
1673778280 180
1673778280 107
1673778281 169
1673778281 129
1673778282 171
1673778282 182
1673778284 111
1673778284 112
1673778284 119
1673778284 168
1673778284 130
1673778284 157
1673778285 106
1673778285 144
1673778285 169
1673778286 158
1673778286 181
1673778286 189
1673778287 143
1673778287 122
1673778288 180
1673778289 141
1673778290 182
1673778290 170
1673778290 192
1673778290 169
1673778291 168
1673778291 172
1673778291 175
1673778292 169
1673778293 166
1673778293 179
1673778293 105
1673778293 107
1673778294 144
1673778294 117
1673778294 131
1673778294 178
1673778295 140
1673778295 149
1673778295 173
1673778295 138
1673778295 188
1673778296 162
1673778296 111
1673778296 150
1673778297 173
1673778297 191
1673778297 115
1673778297 121
1673778297 116
1673778297 192
1673778298 197
1673778298 118
1673778298 195
1673778298 107
1673778298 176
1673778298 181
1673778299 175
1673778299 177
1673778300 194
1673778300 132
1673778301 145
1673778301 120
1673778301 189
1673778301 177
1673778302 177
1673778302 136
1673778303 115
1673778305 184
1673778305 107
1673778305 165
1673778305 166
1673778306 165
1673778306 187
1673778307 170
1673778308 127
1673778308 189
1673778308 163
1673778309 190
1673778309 161
1673778309 103
1673778310 114
1673778311 199
1673778312 182
1673778312 135
1673778312 159
1673778313 113
1673778313 116
1673778313 170
1673778315 105
1673778315 162
1673778315 168
1673778315 123
1673778315 140
1673778316 195
1673778316 120
1673778316 153
1673778317 174
1673778318 168
1673778318 198
1673778319 170
1673778319 180
1673778319 161
1673778319 107
1673778319 165
1673778320 162
1673778321 114
1673778321 120
1673778321 130
1673778321 167
1673778322 141
1673778322 178
1673778322 154
1673778323 170
1673778323 168
1673778323 110
1673778324 160
1673778324 115
1673778324 104
1673778324 199
1673778325 114
1673778325 172
1673778325 118
1673778325 103
1673778326 188
1673778326 102
1673778327 137
1673778328 133
1673778329 109
1673778329 150
1673778329 172
1673778329 102
1673778329 181
1673778330 121
1673778330 114
1673778331 153
1673778332 168
1673778332 179
1673778332 164
1673778332 173
1673778332 172
1673778333 162
1673778334 186
1673778334 127
1673778335 148
1673778335 178
1673778335 163
1673778335 170
1673778335 176
1673778336 175
1673778336 164
1673778336 114
1673778337 134
1673778337 129
1673778338 114
1673778338 122
1673778338 122
1673778338 163
1673778339 149
1673778339 151
1673778339 149
1673778339 128
1673778340 162
1673778340 120
1673778340 122
1673778340 117
1673778340 167
1673778340 134
1673778341 139
1673778341 160
1673778341 175
1673778341 181
1673778341 128
1673778341 126
1673778341 197
1673778342 198
1673778342 167
1673778343 107
1673778343 126
1673778344 160
1673778345 121
1673778345 189
1673778345 139
1673778345 130
1673778346 155
1673778346 159
1673778346 192
1673778347 156
1673778348 161
1673778348 136
1673778349 149
1673778349 166
1673778349 131
1673778349 135
1673778350 185
1673778350 130
1673778351 117
1673778351 125
1673778351 193
1673778351 122
1673778351 160
1673778352 165
1673778352 185
1673778353 190
1673778353 178
1673778354 120
1673778354 149
1673778354 200
1673778355 175
1673778356 121
1673778357 106
1673778357 141
1673778358 155
1673778358 125
1673778359 147
1673778359 145
1673778360 109
1673778360 145
1673778361 133
1673778361 134
1673778361 200
1673778361 176
1673778361 107
1673778361 157
1673778362 199
1673778362 187
1673778362 166
1673778362 190
1673778363 164
1673778363 167
1673778364 176
1673778364 142
1673778364 121
1673778364 189
1673778364 116
1673778365 140
1673778365 149
1673778365 151
1673778365 141
1673778365 133
1673778365 163
1673778366 169
1673778366 175
1673778366 132
1673778367 181
1673778367 163
1673778367 161
1673778368 129
1673778368 120
1673778368 121
1673778368 191
1673778368 130
1673778369 176
1673778369 129
1673778369 122
1673778369 194
1673778370 151
1673778370 150
1673778370 190
1673778371 141
1673778371 199
1673778373 146
1673778373 124
1673778373 108
1673778374 132
1673778374 140
1673778374 156
1673778375 144
1673778375 189
1673778375 123
1673778375 190
1673778376 156
1673778376 122
1673778376 136
1673778377 175
1673778377 126
1673778377 143
1673778378 126
1673778378 198
1673778378 161
1673778379 104
1673778380 169
1673778380 177
1673778380 163
1673778380 112
1673778380 135
1673778382 125
1673778382 153
1673778383 112
1673778383 183
1673778384 180
1673778385 116
1673778386 116
1673778386 192
1673778386 142
1673778387 117
1673778387 139
1673778387 159
1673778388 148
1673778389 156
1673778389 132
1673778389 106
1673778389 184
1673778390 122
1673778390 182
1673778391 106
1673778391 112
1673778392 172
1673778392 139
1673778392 152
1673778392 115
1673778393 170
1673778394 153
1673778394 193
1673778394 184
1673778395 147
1673778396 127
1673778396 149
1673778397 180
1673778397 185
1673778397 169
1673778397 177
1673778398 118
1673778398 111
1673778398 191
1673778399 166
1673778399 176
1673778399 110
1673778399 111
1673778400 121
1673778400 128
1673778400 163
1673778400 122
1673778401 151
1673778401 174
1673778401 171
1673778402 163
1673778402 114
1673778403 152
1673778405 196
1673778405 191
1673778405 104
1673778405 172
1673778406 155
1673778406 121
1673778407 104
1673778407 187
1673778408 161
1673778408 149
1673778408 122
1673778408 104
1673778410 177
1673778410 185
1673778410 104
1673778410 116
1673778410 148
1673778411 177
1673778411 179
1673778411 134
1673778412 197
1673778412 112
1673778412 175
1673778412 177
1673778413 166
1673778413 119
1673778413 169
1673778414 117
1673778414 199
1673778415 151
1673778415 156
1673778415 173
1673778415 112
1673778415 175
1673778415 191
1673778415 110
1673778416 144
1673778416 181
1673778416 158
1673778416 135
1673778417 117
1673778418 149
1673778419 139
1673778419 145
1673778420 148
1673778420 198
1673778420 121
1673778420 155
1673778421 180
1673778423 104
1673778423 114
1673778423 131
1673778423 174
1673778424 111
1673778424 171
1673778424 118
1673778426 126
1673778427 144
1673778427 134
1673778427 200
1673778428 150
1673778428 125
1673778428 175
1673778429 133
1673778430 144
1673778430 132
1673778431 182
1673778431 121
1673778431 154
1673778432 171
1673778432 176
1673778432 183
1673778432 188
1673778432 112
1673778433 138
1673778434 163
1673778434 108
1673778434 166
1673778435 144
1673778435 136
1673778436 139
1673778437 189
1673778437 124
1673778438 120
1673778438 159
1673778438 178
1673778439 101
1673778440 107
1673778440 105
1673778440 168
1673778440 137
1673778441 115
1673778441 153
1673778441 154
1673778443 174
1673778443 108
1673778443 176
1673778443 117
1673778444 186
1673778444 170
1673778444 112
1673778444 144
1673778445 150
1673778445 139
1673778446 172
1673778446 142
1673778447 175
1673778447 119
1673778447 120
1673778447 119
1673778448 123
1673778448 176
1673778450 187
1673778450 138
1673778451 162
1673778452 150
1673778452 181
1673778453 181
1673778453 114
1673778454 145
1673778454 113
1673778454 126
1673778454 134
1673778455 193
1673778455 138
1673778455 112
1673778455 116
1673778455 103
1673778455 188
1673778455 129
1673778455 126
1673778456 103
1673778457 105
1673778457 110
1673778458 158
1673778459 104
1673778459 165
1673778459 190
1673778459 187
1673778459 197
1673778460 138
1673778460 162
1673778461 195
1673778461 139
1673778461 189
1673778462 135
1673778463 146
1673778464 148
1673778465 135
1673778465 126
1673778465 124
1673778466 167
1673778466 129
1673778466 122
1673778466 112
1673778467 190
1673778467 140
1673778468 199
1673778468 120
1673778468 133
1673778468 136
1673778468 115
1673778468 169
1673778468 102
1673778469 163
1673778469 166
1673778469 191
1673778471 169
1673778471 152
1673778471 154
1673778471 133
1673778471 130
1673778472 187
1673778473 187
1673778473 120
1673778473 120
1673778475 125
1673778475 148
1673778475 127
1673778477 178
1673778477 115
1673778477 179
1673778477 188
1673778477 121
1673778478 138
1673778478 171
1673778479 166
1673778479 124
1673778480 185
1673778480 127
1673778480 154
1673778480 183
1673778480 168
1673778480 112
1673778481 161
1673778481 200
1673778481 140
1673778482 184
1673778482 102
1673778483 114
1673778483 158
1673778485 112
1673778485 145
1673778485 117
1673778486 101
1673778486 181
1673778486 169
1673778487 173
1673778487 173
1673778487 115
1673778487 112
1673778487 129
1673778488 165
1673778488 161
1673778488 111
1673778489 126
1673778489 130
1673778490 186
1673778491 102
1673778491 157
1673778491 112
1673778491 160
1673778491 118
1673778491 168
1673778492 116
1673778492 141
1673778493 128
1673778493 121
1673778494 179
1673778494 118
1673778494 141
1673778494 108
1673778496 133
1673778496 166
1673778497 102
1673778497 138
1673778497 173
1673778498 118
1673778498 173
1673778499 193
1673778500 108
1673778500 163
1673778500 137
1673778500 137
1673778501 104
1673778502 143
1673778503 144
1673778503 182
1673778503 139
1673778503 142
1673778504 158
1673778504 175
1673778505 149
1673778506 104
1673778506 156
1673778507 198
1673778507 166
1673778508 102
1673778508 188
1673778508 175
1673778509 200
1673778509 184
1673778509 117
1673778509 195
1673778510 179
1673778511 168
1673778511 181
1673778511 183
1673778511 112
1673778512 176
1673778512 155
1673778512 125
1673778512 164
1673778513 138
1673778513 178
1673778513 153
1673778514 110
1673778515 128
1673778516 191
1673778516 170
1673778517 197
1673778517 191
1673778517 152
1673778518 170
1673778518 173
1673778518 111
1673778518 200
1673778519 123
1673778520 113
1673778520 109
1673778521 129
1673778521 130
1673778522 151
1673778523 117
1673778523 186
1673778524 137
1673778524 131
1673778524 179
1673778525 115
1673778525 198
1673778525 133
1673778526 154
1673778526 122
1673778526 197
1673778526 137
1673778527 184
1673778527 181
1673778528 183
1673778529 115
1673778529 177
1673778529 143
1673778530 159
1673778530 130
1673778530 168
1673778530 181
1673778531 173
1673778532 102
1673778532 187
1673778532 131
1673778533 175
1673778533 147
1673778533 138
1673778533 184
1673778533 151
1673778533 166
1673778534 126
1673778535 192
1673778535 105
1673778536 101
1673778536 169
1673778536 143
1673778537 193
1673778537 102
1673778537 174
1673778538 134
1673778538 139
1673778539 121
1673778539 127
1673778539 118
1673778540 125
1673778540 180
1673778540 130
1673778540 169
1673778541 147
1673778541 112
1673778541 121
1673778542 188
1673778542 169
1673778542 167
1673778542 123
1673778542 170
1673778542 169
1673778543 180
1673778543 156
1673778543 154
1673778543 139
1673778544 157
1673778544 173
1673778544 181
1673778545 142
1673778546 152
1673778546 153
1673778546 156
1673778547 171
1673778547 114
1673778547 156
1673778548 173
1673778549 167
1673778549 110
1673778549 181
1673778550 108
1673778550 186
1673778550 133
1673778550 134
1673778550 181
1673778551 153
1673778551 185
1673778551 178
1673778551 193
1673778552 128
1673778553 177
1673778553 147
1673778554 139
1673778554 162
1673778555 154
1673778555 105
1673778556 117
1673778557 168
1673778557 164
1673778557 192
1673778558 170
1673778558 191
1673778558 121
1673778558 159
1673778558 198
1673778558 107
1673778559 114
1673778559 104
1673778560 161
1673778561 156
1673778561 135
1673778561 151
1673778561 170
1673778561 144
1673778562 111
1673778562 116
1673778563 187
1673778563 184
1673778563 152
1673778563 196
1673778564 132
1673778564 174
1673778565 152
1673778565 183
1673778565 152
1673778566 157
1673778566 177
1673778566 180
1673778566 152
1673778567 165
1673778568 188
1673778568 164
1673778569 101
1673778569 102
1673778569 200
1673778569 124
1673778570 181
1673778570 133
1673778571 146
1673778571 144
1673778571 146
1673778571 195
1673778572 168
1673778573 177
1673778574 153
1673778574 187
1673778574 183
1673778575 116
1673778575 186
1673778575 111
1673778575 160
1673778575 144
1673778576 114
1673778576 157
1673778576 199
1673778576 184
1673778577 156
1673778578 175
1673778578 169
1673778578 178
1673778578 139
1673778579 172
1673778579 196
1673778579 144
1673778579 163
1673778580 148
1673778580 185
1673778580 197
1673778581 125
1673778581 123
1673778581 193
1673778581 138
1673778581 117
1673778581 178
1673778582 136
1673778582 198
1673778583 140
1673778583 129
1673778584 145
1673778584 158
1673778585 187
1673778585 187
1673778585 175
1673778586 164
1673778586 129
1673778586 101
1673778587 167
1673778587 119
1673778588 132
1673778588 118
1673778588 177
1673778589 172
1673778589 156
1673778590 187
1673778590 107
1673778590 155
1673778590 157
1673778590 168
1673778590 155
1673778591 133
1673778592 179
1673778592 108
1673778592 104
1673778593 160
1673778593 185
1673778594 152
1673778594 196
1673778594 101
1673778594 120
1673778595 179
1673778595 114
1673778596 168
1673778596 106
1673778597 169
1673778597 164
1673778598 160
1673778598 126
1673778598 156
1673778598 151
1673778599 134
1673778599 177
1673778599 169
1673778600 133
1673778600 188
1673778600 181
1673778602 128
1673778602 121
1673778602 176
1673778602 118
1673778602 185
1673778603 122
1673778603 193
1673778603 186
1673778603 188
1673778603 160
1673778603 179
1673778603 193
1673778603 195
1673778605 143
1673778605 111
1673778605 129
1673778606 138
1673778606 112
1673778606 127
1673778606 182
1673778606 103
1673778606 154
1673778606 185
1673778607 110
1673778608 161
1673778608 133
1673778608 128
1673778609 176
1673778609 160
1673778609 199
1673778610 166
1673778611 172
1673778611 105
1673778611 126
1673778611 140
1673778611 140
1673778612 121
1673778613 184
1673778613 164
1673778613 143
1673778614 172
1673778614 101
1673778615 130
1673778615 179
1673778615 104
1673778615 155
1673778615 184
1673778615 199
1673778616 118
1673778616 189
1673778616 142
1673778618 150
1673778618 138
1673778618 108
1673778618 116
1673778618 110
1673778620 111
1673778620 111
1673778620 143
1673778620 187
1673778621 191
1673778621 161
1673778621 146
1673778622 160
1673778622 158
1673778622 134
1673778622 124
1673778623 157
1673778624 163
1673778624 177
1673778624 177
1673778625 170
1673778625 161
1673778625 163
1673778626 110
1673778626 163
1673778626 154
1673778627 162
1673778627 195
1673778628 166
1673778628 161
1673778628 135
1673778628 180
1673778628 145
1673778629 156
1673778629 151
1673778629 200
1673778629 195
1673778629 109
1673778630 155
1673778630 163
1673778631 152
1673778631 107
1673778631 192
1673778631 197
1673778631 175
1673778632 185
1673778632 198
1673778632 151
1673778632 102
1673778633 123
1673778633 192
1673778634 180
1673778634 185
1673778635 139
1673778635 189
1673778635 112
1673778635 189
1673778636 180
1673778636 124
1673778636 138
1673778637 178
1673778637 176
1673778637 184
1673778637 188
1673778639 146
1673778639 153
1673778639 194
1673778639 138
1673778639 132
1673778639 160
1673778640 147
1673778640 114
1673778641 187
1673778641 180
1673778642 165
1673778643 195
1673778643 153
1673778643 170
1673778643 108
1673778643 185
1673778644 108
1673778644 194
1673778644 131
1673778644 128
1673778645 111
1673778646 115
1673778647 119
1673778647 141
1673778647 163
1673778647 176
1673778647 118
1673778647 195
1673778648 139
1673778648 140
1673778648 181
1673778649 110
1673778649 164
1673778649 125
1673778650 193
1673778650 127
1673778650 177
1673778651 116
1673778651 114
1673778652 147
1673778652 133
1673778652 131
1673778652 148
1673778652 118
1673778653 141
1673778653 109
1673778653 167
1673778653 170
1673778654 109
1673778654 159
1673778656 175
1673778656 163
1673778656 198
1673778657 149
1673778657 158
1673778658 141
1673778658 161
1673778658 170
1673778658 121
1673778658 135
1673778658 130
1673778659 163
1673778659 165
1673778659 102
1673778659 194
1673778660 139
1673778661 199
1673778661 115
1673778661 113
1673778661 138
1673778661 139
1673778661 140
1673778662 150
1673778663 104
1673778664 194
1673778665 172
1673778666 157
1673778666 169
1673778667 168
1673778667 195
1673778668 113
1673778668 176
1673778668 150
1673778669 125
1673778669 111
1673778669 180
1673778669 136
1673778669 153
1673778670 155
1673778670 140
1673778670 200
1673778670 169
1673778670 164
1673778671 120
1673778671 169
1673778672 194
1673778672 126
1673778672 124
1673778672 115
1673778673 127
1673778673 110
1673778673 128
1673778674 138
1673778674 164
1673778674 158
1673778674 127
1673778674 173
1673778674 196
1673778674 172
1673778675 154
1673778675 179
1673778675 182
1673778675 134
1673778676 132
1673778676 111
1673778676 184
1673778676 159
1673778677 159
1673778677 126
1673778677 157
1673778678 182
1673778678 125
1673778678 179
1673778678 168
1673778679 173
1673778679 106
1673778680 151
1673778680 143
1673778680 161
1673778680 165
1673778682 135
1673778682 165
1673778682 158
1673778682 164
1673778683 199
1673778683 106
1673778683 164
1673778684 181
1673778684 125
1673778685 155
1673778685 104
1673778685 137
1673778686 177
1673778686 160
1673778686 161
1673778687 143
1673778687 122
1673778687 148
1673778687 103
1673778687 101
1673778687 180
1673778687 167
1673778688 179
1673778688 117
1673778689 140
1673778689 102
1673778689 157
1673778690 197
1673778690 173
1673778690 157
1673778690 153
1673778690 116
1673778690 161
1673778690 122
1673778691 160
1673778691 130
1673778692 129
1673778692 187
1673778693 176
1673778694 152
1673778695 146
1673778695 134
1673778695 131
1673778695 193
1673778695 195
1673778696 115
1673778696 157
1673778697 181
1673778697 152
1673778697 120
1673778697 188
1673778697 151
1673778698 155
1673778699 186
1673778699 148
1673778700 142
1673778700 167
1673778701 125
1673778701 150
1673778701 120
1673778702 190
1673778702 175
1673778702 145
1673778702 165
1673778702 182
1673778703 140
1673778703 150
1673778704 159
1673778704 110
1673778704 137
1673778705 146
1673778705 146
1673778705 109
1673778706 184
1673778706 140
1673778706 104
1673778706 128
1673778706 197
1673778706 169
1673778706 114
1673778706 153
1673778707 147
1673778707 185
1673778707 164
1673778708 163
1673778708 102
1673778709 184
1673778709 152
1673778710 134
1673778710 152
1673778710 136
1673778710 154
1673778710 149
1673778711 121
1673778711 164
1673778711 186
1673778711 146
1673778712 116
1673778712 123
1673778713 131
1673778713 132
1673778714 103
1673778714 179
1673778714 165
1673778714 193
1673778714 187
1673778715 118
1673778715 154
1673778715 144
1673778716 127
1673778716 194
1673778716 160
1673778717 143
1673778717 127
1673778718 103
1673778718 199
1673778718 111
1673778719 175
1673778719 147
1673778719 162
1673778719 127
1673778719 131
1673778719 133
1673778720 191
1673778720 179
1673778720 115
1673778721 144
1673778721 196
1673778721 166
1673778721 149
1673778721 172
1673778722 171
1673778722 121
1673778722 197
1673778722 110
1673778722 106
1673778723 147
1673778723 106
1673778723 180
1673778723 128
1673778724 114
1673778724 105
1673778725 119
1673778725 151
1673778725 177
1673778725 136
1673778725 191
1673778725 105
1673778726 108
1673778726 125
1673778726 193
1673778726 151
1673778727 108
1673778727 136
1673778728 112
1673778728 137
1673778728 188
1673778728 179
1673778728 184
1673778729 162
1673778730 196
1673778730 138
1673778731 172
1673778731 146
1673778731 195
1673778732 195
1673778732 128
1673778732 125
1673778733 171
1673778734 187
1673778734 133
1673778735 108
1673778736 153
1673778736 188
1673778736 198
1673778736 123
1673778736 196
1673778738 198
1673778739 158
1673778739 128
1673778739 117
1673778739 191
1673778739 116
1673778739 187
1673778740 129
1673778740 125
1673778740 196
1673778740 120
1673778740 132
1673778740 111
1673778741 110
1673778741 103
1673778741 109
1673778741 138
1673778741 151
1673778742 164
1673778742 169
1673778742 142
1673778743 143
1673778743 145
1673778744 134
1673778744 140
1673778744 190
1673778744 105
1673778744 111
1673778745 144
1673778745 147
1673778745 110
1673778745 116
1673778746 110
1673778747 139
1673778747 105
1673778747 154
1673778747 199
1673778748 159
1673778749 147
1673778749 156
1673778749 175
1673778749 150
1673778749 144
1673778750 193
1673778750 111
1673778750 142
1673778751 106
1673778751 184
1673778752 178
1673778753 143
1673778753 185
1673778753 193
1673778754 147
1673778755 158
1673778755 186
1673778756 179
1673778756 151
1673778756 172
1673778756 138
1673778756 113
1673778757 107
1673778758 138
1673778759 198
1673778759 135
1673778759 129
1673778759 173
1673778760 129
1673778760 169
1673778760 107
1673778761 147
1673778762 143
1673778763 109
1673778764 102
1673778764 159
1673778764 107
1673778765 184
1673778765 157
1673778765 119
1673778765 145
1673778766 188
1673778766 155
1673778766 181
1673778767 160
1673778767 112
1673778767 138
1673778768 173
1673778768 149
1673778768 192
1673778769 125
1673778771 184
1673778771 138
1673778771 176
1673778771 137
1673778772 103
1673778772 136
1673778772 159
1673778772 157
1673778772 157
1673778773 105
1673778773 162
1673778773 171
1673778774 110
1673778774 119
1673778774 102
1673778775 150
1673778775 124
1673778775 165
1673778775 135
1673778775 139
1673778775 187
1673778776 149
1673778776 129
1673778776 131
1673778776 131
1673778777 127
1673778777 104
1673778777 174
1673778777 117
1673778778 186
1673778778 165
1673778778 124
1673778779 148
1673778779 168
1673778780 117
1673778780 135
1673778781 130
1673778781 107
1673778781 181
1673778781 172
1673778781 194
1673778783 115
1673778784 162
1673778784 110
1673778785 141
1673778785 192
1673778785 103
1673778786 167
1673778786 154
1673778787 176
1673778787 114
1673778788 146
1673778788 180
1673778788 170
1673778788 129
1673778789 168
1673778789 128
1673778789 125
1673778789 156
1673778789 102
1673778790 162
1673778790 167
1673778790 132
1673778790 160
1673778790 121
1673778791 175
1673778794 127
1673778794 150
1673778795 183
1673778795 120
1673778796 195
1673778796 147
1673778796 151
1673778796 159
1673778796 159
1673778797 123
1673778797 114
1673778797 109
1673778798 154
1673778798 123
1673778799 174
1673778799 181
1673778799 147
1673778799 179
1673778800 157
1673778800 194
1673778800 116
1673778800 165
1673778800 161
1673778800 176
1673778801 127
1673778801 183
1673778804 102
1673778805 157
1673778805 130
1673778806 127
1673778806 168
1673778807 131
1673778808 172
1673778809 102
1673778809 177
1673778809 169
1673778809 158
1673778810 136
1673778811 132
1673778811 183
1673778811 185
1673778812 125
1673778812 183
1673778812 130
1673778812 165
1673778812 149
1673778812 176
1673778812 166
1673778813 196
1673778813 178
1673778814 164
1673778815 119
1673778815 125
1673778815 164
1673778816 167
1673778816 183
1673778816 178
1673778817 171
1673778817 185
1673778817 156
1673778818 193
1673778819 162
1673778819 103
1673778819 181
1673778820 120
1673778820 141
1673778821 190
1673778822 184
1673778822 132
1673778822 184
1673778823 189
1673778823 133
1673778823 164
1673778823 121
1673778824 148
1673778824 169
1673778824 129
1673778824 136
1673778824 168
1673778824 154
1673778824 189
1673778825 110
1673778825 197
1673778825 112
1673778825 189
1673778826 163
1673778826 166
1673778827 171
1673778827 137
1673778827 189
1673778827 112
1673778827 153
1673778827 107
1673778827 161
1673778827 187
1673778828 165
1673778828 106
1673778828 121
1673778828 199
1673778829 163
1673778829 161
1673778829 104
1673778829 176
1673778830 147
1673778830 130
1673778830 173
1673778830 132
1673778830 142
1673778831 123
1673778831 159
1673778831 154
1673778831 132
1673778832 171
1673778832 194
1673778833 168
1673778833 104
1673778833 171
1673778833 141
1673778834 110
1673778834 108
1673778834 151
1673778835 195
1673778836 101
1673778837 104
1673778837 102
1673778837 193
1673778837 109
1673778838 106
1673778838 157
1673778838 112
1673778838 139
1673778839 191
1673778839 103
1673778840 152
1673778840 178
1673778841 143
1673778842 197
1673778844 153
1673778845 199
1673778845 167
1673778846 104
1673778846 124
1673778847 149
1673778847 167
1673778847 164
1673778847 123
1673778849 117
1673778849 110
1673778849 195
1673778850 198
1673778850 151
1673778851 118
1673778851 135
1673778851 122
1673778851 103
1673778852 165
1673778852 159
1673778852 104
1673778853 129
1673778853 116
1673778853 144
1673778853 198
1673778853 194
1673778854 137
1673778855 200
1673778855 149
1673778855 165
1673778856 137
1673778856 142
1673778856 149
1673778856 153
1673778856 152
1673778857 169
1673778858 150
1673778858 133
1673778858 135
1673778858 123
1673778858 167
1673778859 132
1673778860 132
1673778860 101
1673778860 141
1673778861 169
1673778861 102
1673778861 131
1673778861 182
1673778861 182
1673778861 168
1673778861 146
1673778862 112
1673778862 103
1673778862 104
1673778862 128
1673778862 114
1673778862 178
1673778863 187
1673778863 177
1673778863 171
1673778864 185
1673778864 126
1673778864 118
1673778865 167
1673778866 148
1673778866 198
1673778866 140
1673778866 155
1673778867 191
1673778867 142
1673778867 150
1673778867 185
1673778867 144
1673778867 151
1673778867 150
1673778868 146
1673778868 157
1673778868 133
1673778869 169
1673778869 159
1673778869 116
1673778869 159
1673778870 116
1673778870 190
1673778870 135
1673778870 137
1673778870 176
1673778872 144
1673778873 104
1673778874 178
1673778874 108
1673778874 193
1673778875 190
1673778875 115
1673778875 146
1673778876 197
1673778876 120
1673778876 186
1673778876 131
1673778877 188
1673778877 137
1673778878 108
1673778878 105
1673778878 131
1673778878 140
1673778878 167
1673778878 184
1673778878 149
1673778878 123
1673778879 117
1673778879 131
1673778879 154
1673778879 169
1673778879 191
1673778880 175
1673778880 172
1673778880 137
1673778880 129
1673778881 109
1673778881 137
1673778882 164
1673778883 161
1673778883 144
1673778883 120
1673778883 169
1673778883 104
1673778883 163
1673778884 124
1673778884 150
1673778884 188
1673778884 140
1673778885 153
1673778885 107
1673778885 170
1673778885 137
1673778886 152
1673778886 189
1673778886 151
1673778886 141
1673778886 102
1673778887 122
1673778887 200
1673778887 127
1673778888 135
1673778888 103
1673778888 163
1673778889 172
1673778889 175
1673778890 172
1673778890 182
1673778891 153
1673778891 176
1673778891 103
1673778891 137
1673778891 175
1673778891 115
1673778892 131
1673778892 156
1673778892 113
1673778892 190
1673778892 174
1673778893 125
1673778893 117
1673778894 157
1673778894 116
1673778894 165
1673778895 147
1673778895 136
1673778895 156
1673778896 127
1673778897 127
1673778897 148
1673778897 103
1673778897 131
1673778898 161
1673778900 143
1673778900 111
1673778901 190
1673778901 169
1673778901 115
1673778901 139
1673778901 191
1673778901 153
1673778902 192
1673778904 167
1673778904 169
1673778905 110
1673778905 122
1673778906 124
1673778906 142
1673778907 135
1673778907 131
1673778907 159
1673778907 101
1673778907 188
1673778907 136
1673778908 186
1673778909 159
1673778909 198
1673778910 108
1673778910 141
1673778910 107
1673778911 148
1673778912 177
1673778912 121
1673778913 158
1673778913 199
1673778913 131
1673778913 109
1673778913 102
1673778914 175
1673778914 154
1673778914 158
1673778914 197
1673778915 180
1673778915 171
1673778915 138
1673778915 130
1673778915 173
1673778915 151
1673778915 135
1673778916 150
1673778916 159
1673778916 114
1673778916 103
1673778917 147
1673778917 195
1673778917 127
1673778917 148
1673778919 118
1673778919 107
1673778919 185
1673778920 146
1673778920 130
1673778920 189
1673778920 132
1673778920 139
1673778921 172
1673778922 191
1673778922 165
1673778922 133
1673778923 182
1673778923 142
1673778923 135
1673778924 131
1673778924 166
1673778924 132
1673778925 132
1673778925 193
1673778925 132
1673778926 106
1673778926 160
1673778926 160
1673778926 181
1673778926 140
1673778926 129
1673778926 132
1673778927 158
1673778927 195
1673778927 192
1673778928 181
1673778928 188
1673778931 182
1673778931 174
1673778932 136
1673778933 147
1673778934 145
1673778934 154
1673778935 157
1673778935 181
1673778936 132
1673778936 157
1673778936 127
1673778937 119
1673778937 180
1673778937 196
1673778937 169
1673778937 103
1673778938 143
1673778939 163
1673778941 136
1673778941 197
1673778942 168
1673778942 141
1673778943 157
1673778944 156
1673778944 146
1673778944 111
1673778945 143
1673778946 200
1673778946 119
1673778946 181
1673778946 186
1673778947 152
1673778947 197
1673778947 194
1673778948 197
1673778948 180
1673778949 173
1673778950 123
1673778950 155
1673778950 122
1673778951 165
1673778951 156
1673778951 107
1673778952 181
1673778952 152
1673778953 175
1673778953 121
1673778954 132
1673778954 194
1673778954 127
1673778954 198
1673778957 116
1673778957 128
1673778957 190
1673778957 164
1673778957 101
1673778957 101
1673778958 104
1673778958 113
1673778958 149
1673778959 168
1673778959 105
1673778959 147
1673778960 101
1673778960 115
1673778961 138
1673778961 183
1673778961 179
1673778961 185
1673778962 186
1673778962 170
1673778962 186
1673778962 184
1673778962 103
1673778962 170
1673778963 101
1673778963 196
1673778963 110
1673778964 131
1673778965 149
1673778965 139
1673778965 108
1673778965 106
1673778966 185
1673778966 140
1673778966 175
1673778966 167
1673778967 169
1673778967 140
1673778967 118
1673778967 122
1673778968 187
1673778968 113
1673778968 158
1673778968 105
1673778969 116
1673778969 189
1673778969 178
1673778970 150
1673778970 128
1673778971 145
1673778971 107
1673778972 104
1673778972 189
1673778972 139
1673778972 154
1673778972 176
1673778972 192
1673778973 133
1673778973 129
1673778973 150
1673778974 141
1673778974 193
1673778974 196
1673778974 126
1673778975 101
1673778975 180
1673778975 142
1673778975 196
1673778975 139
1673778976 144
1673778976 120
1673778976 128
1673778977 147
1673778977 190
1673778978 109
1673778978 168
1673778979 173
1673778979 102
1673778980 107
1673778980 158
1673778980 178
1673778981 198
1673778981 134
1673778983 177
1673778983 127
1673778984 177
1673778984 102
1673778984 150
1673778985 153
1673778985 119
1673778986 146
1673778986 158
1673778986 125
1673778987 198
1673778987 122
1673778987 194
1673778988 200
1673778988 171
1673778989 143
1673778989 109
1673778990 195
1673778990 109
1673778992 161
1673778992 111
1673778993 119
1673778993 105
1673778994 162
1673778994 101
1673778995 129
1673778995 141
1673778995 131
1673778995 194
1673778995 157
1673778996 131
1673778996 143
1673778996 103
1673778996 149
1673778998 108
1673778998 167
1673778998 168
1673778999 149
1673779000 182
1673779000 189
1673779000 103
1673779000 131
1673779001 193
1673779001 117
1673779002 159
1673779002 197
1673779002 165
1673779002 175
1673779003 107
1673779003 177
1673779004 189
1673779004 181
1673779005 129
1673779005 142
1673779006 177
1673779006 144
1673779007 182
1673779007 115
1673779007 112
1673779008 195
1673779008 125
1673779008 165
1673779008 181
1673779008 145
1673779008 168
1673779009 116
1673779009 116
1673779009 140
1673779009 140
1673779010 158
1673779010 188
1673779011 150
1673779012 200
1673779012 186
1673779013 117
1673779013 152
1673779014 175
1673779014 156
1673779014 191
1673779014 181
1673779014 118
1673779014 136
1673779014 102
1673779014 189
1673779015 116
1673779015 115
1673779015 192
1673779015 112
1673779016 132
1673779016 122
1673779016 160
1673779016 152
1673779017 156
1673779018 107
1673779018 157
1673779018 105
1673779018 124
1673779018 163
1673779019 126
1673779019 152
1673779019 184
1673779019 137
1673779020 161
1673779020 171
1673779021 126
1673779021 101
1673779022 179
1673779022 178
1673779022 152
1673779022 197
1673779023 157
1673779023 163
1673779023 110
1673779023 114
1673779025 174
1673779025 181
1673779026 138
1673779027 188
1673779027 163
1673779028 148
1673779028 133
1673779029 180
1673779029 123
1673779029 107
1673779030 200
1673779030 129
1673779031 176
1673779032 190
1673779032 127
1673779033 198
1673779033 138
1673779034 119
1673779034 129
1673779034 167
1673779034 125
1673779034 160
1673779035 170
1673779036 200
1673779037 134
1673779037 176
1673779037 175
1673779037 134
1673779038 124
1673779038 150
1673779038 104
1673779039 159
1673779039 152
1673779039 113
1673779040 104
1673779040 130
1673779041 135
1673779042 179
1673779043 187
1673779044 105
1673779044 118
1673779044 197
1673779044 141
1673779044 106
1673779044 131
1673779044 166
1673779045 179
1673779045 198
1673779045 197
1673779045 180
1673779045 110
1673779046 146
1673779046 128
1673779047 138
1673779047 156
1673779048 193
1673779048 125
1673779048 126
1673779048 115
1673779049 200
1673779049 120
1673779049 185
1673779049 159
1673779050 196
1673779051 113
1673779051 125
1673779051 193
1673779051 168
1673779051 152
1673779052 124
1673779053 187
1673779053 193
1673779053 127
1673779053 125
1673779054 128
1673779054 128
1673779054 156
1673779055 144
1673779056 116
1673779056 160
1673779057 140
1673779057 114
1673779058 116
1673779059 192
1673779059 168
1673779060 164
1673779060 147
1673779060 124
1673779060 127
1673779061 172
1673779061 176
1673779061 188
1673779061 160
1673779062 181
1673779062 140
1673779062 170
1673779063 102
1673779063 116
1673779063 184
1673779063 110
1673779064 152
1673779064 163
1673779065 114
1673779065 186
1673779066 128
1673779066 193
1673779066 114
1673779067 162
1673779067 131
1673779068 108
1673779068 168
1673779068 156
1673779069 140
1673779069 130
1673779069 154
1673779069 124
1673779070 138
1673779071 161
1673779073 112
1673779073 145
1673779073 167
1673779073 171
1673779073 140
1673779074 165
1673779074 145
1673779075 103
1673779076 159
1673779076 132
1673779077 192
1673779078 175
1673779078 148
1673779078 113
1673779078 159
1673779078 121
1673779080 172
1673779080 166
1673779080 125
1673779080 106
1673779080 170
1673779081 107
1673779081 194
1673779081 153
1673779081 108
1673779082 110
1673779083 189
1673779083 144
1673779084 185
1673779084 142
1673779084 113
1673779084 170
1673779085 110
1673779085 104
1673779085 177
1673779085 157
1673779086 103
1673779086 182
1673779086 144
1673779086 122
1673779087 181
1673779087 132
1673779087 139
1673779088 129
1673779089 174
1673779089 103
1673779090 191
1673779090 108
1673779090 132
1673779091 130
1673779091 124
1673779093 126
1673779093 165
1673779093 181
1673779094 184
1673779095 150
1673779095 120
1673779096 166
1673779097 187
1673779099 105
1673779099 185
1673779099 128
1673779099 150
1673779100 149
1673779100 154
1673779101 165
1673779101 151
1673779101 154
1673779102 107
1673779102 190
1673779103 163
1673779103 183
1673779103 192
1673779104 160
1673779105 108
1673779105 107
1673779105 140
1673779105 196
1673779106 200
1673779106 122
1673779106 111
1673779106 164
1673779107 129
1673779107 131
1673779108 198
1673779108 172
1673779109 104
1673779109 175
1673779110 185
1673779110 173
1673779110 113
1673779111 126
1673779112 157
1673779112 173
1673779112 189
1673779113 180
1673779113 129
1673779114 189
1673779114 149
1673779116 106
1673779116 179
1673779116 127
1673779116 131
1673779117 184
1673779117 138
1673779117 165
1673779117 143
1673779117 116
1673779118 130
1673779118 191
1673779119 131
1673779119 139
1673779120 196
1673779120 110
1673779120 115
1673779120 121
1673779120 157
1673779121 198
1673779122 177
1673779122 195
1673779122 147
1673779122 134
1673779122 143
1673779123 142
1673779124 188
1673779124 159
1673779125 107
1673779126 170
1673779126 200
1673779126 112
1673779127 112
1673779129 164
1673779129 151
1673779129 166
1673779129 172
1673779129 189
1673779130 131
1673779130 119
1673779130 174
1673779130 179
1673779130 147
1673779130 105
1673779131 105
1673779131 127
1673779131 183
1673779132 137
1673779132 144
1673779132 143
1673779132 182
1673779132 103
1673779133 157
1673779133 156
1673779133 120
1673779134 102
1673779134 144
1673779134 111
1673779134 102
1673779135 178
1673779135 127
1673779136 189
1673779136 164
1673779136 126
1673779137 101
1673779137 178
1673779137 144
1673779138 189
1673779138 196
1673779139 152
1673779139 175
1673779139 154
1673779140 167
1673779140 177
1673779140 123
1673779140 137
1673779140 188
1673779142 191
1673779142 118
1673779142 129
1673779143 131
1673779143 155
1673779144 105
1673779144 151
1673779144 155
1673779144 196
1673779145 124
1673779145 113
1673779145 110
1673779146 136
1673779146 151
1673779146 108
1673779147 193
1673779147 134
1673779148 129
1673779148 183
1673779148 192
1673779149 125
1673779150 101
1673779151 119
1673779151 159
1673779151 120
1673779151 162
1673779152 105
1673779152 197
1673779152 163
1673779153 128
1673779154 183
1673779154 194
1673779155 191
1673779155 101
1673779156 183
1673779156 105
1673779156 186
1673779156 139
1673779156 147
1673779157 200
1673779158 189
1673779158 156
1673779158 114
1673779159 124
1673779159 162
1673779160 150
1673779160 140
1673779160 149
1673779160 186
1673779161 161
1673779161 177
1673779161 163
1673779161 166
1673779161 188
1673779163 165
1673779164 123
1673779164 125
1673779164 177
1673779165 154
1673779165 117
1673779166 149
1673779166 111
1673779167 144
1673779167 126
1673779170 196
1673779170 122
1673779170 113
1673779171 106
1673779171 151
1673779171 126
1673779171 160
1673779172 189
1673779172 142
1673779172 110
1673779173 164
1673779174 191
1673779174 109
1673779175 116
1673779175 126
1673779175 197
1673779175 169
1673779176 134
1673779177 199
1673779177 198
1673779177 184
1673779178 169
1673779179 135
1673779179 170
1673779181 130
1673779182 111
1673779182 121
1673779182 103
1673779182 128
1673779183 116
1673779183 191
1673779184 169
1673779184 129
1673779184 131
1673779184 146
1673779185 165
1673779185 130
1673779187 162
1673779187 113
1673779188 170
1673779188 180
1673779188 121
1673779188 160
1673779189 111
1673779189 186
1673779189 162
1673779189 170
1673779191 189
1673779191 128
1673779191 180
1673779192 112
1673779192 118
1673779192 179
1673779192 105
1673779193 166
1673779194 143
1673779194 129
1673779194 190
1673779194 114
1673779195 198
1673779196 125
1673779196 137
1673779196 164
1673779197 183
1673779197 126
1673779198 196
1673779199 199
1673779200 149
1673779201 196
1673779202 187
1673779202 131
1673779203 131
1673779203 181
1673779203 193
1673779203 128
1673779203 139
1673779203 137
1673779204 168
1673779204 106
1673779204 165
1673779204 171
1673779205 147
1673779206 146
1673779207 191
1673779207 163
1673779208 173
1673779208 178
1673779209 187
1673779209 109
1673779210 125
1673779210 104
1673779210 122
1673779211 118
1673779211 136
1673779211 151
1673779211 109
1673779213 149
1673779213 130
1673779213 112
1673779213 137
1673779215 134
1673779215 191
1673779215 135
1673779215 136
1673779215 199
1673779215 119
1673779216 166
1673779216 166
1673779217 112
1673779218 141
1673779218 167
1673779218 157
1673779218 130
1673779219 149
1673779219 135
1673779219 171
1673779220 164
1673779220 145
1673779220 191
1673779220 192
1673779221 184
1673779221 108
1673779221 175
1673779221 155
1673779221 122
1673779221 126
1673779222 163
1673779222 101
1673779222 190
1673779222 138
1673779223 195
1673779223 167
1673779223 127
1673779223 194
1673779223 199
1673779224 112
1673779224 134
1673779224 167
1673779225 112
1673779225 198
1673779225 159
1673779225 180
1673779225 172
1673779226 159
1673779226 197
1673779226 112
1673779226 195
1673779226 126
1673779226 126
1673779226 192
1673779226 123
1673779226 130
1673779227 155
1673779227 186
1673779228 109
1673779228 173
1673779228 172
1673779228 162
1673779228 184
1673779228 153
1673779228 190
1673779228 170
1673779229 167
1673779229 139
1673779230 112
1673779230 135
1673779230 182
1673779231 183
1673779232 101
1673779232 167
1673779232 127
1673779233 133
1673779233 148
1673779233 163
1673779233 126
1673779234 182
1673779234 106
1673779234 118
1673779234 112
1673779235 136
1673779236 180
1673779236 112
1673779236 141
1673779237 103
1673779238 128
1673779238 168
1673779238 147
1673779239 139
1673779239 152
1673779239 162
1673779239 110
1673779240 179
1673779240 174
1673779241 173
1673779241 114
1673779241 159
1673779242 140
1673779242 175
1673779242 102
1673779242 101
1673779242 108
1673779242 185
1673779243 122
1673779243 194
1673779244 158
1673779244 162
1673779244 111
1673779244 182
1673779245 198
1673779245 118
1673779246 143
1673779247 128
1673779247 189
1673779248 192
1673779248 112
1673779249 176
1673779249 151
1673779249 199
1673779249 175
1673779249 103
1673779250 169
1673779250 131
1673779251 158
1673779252 133
1673779252 164
1673779252 140
1673779252 131
1673779254 196
1673779254 170
1673779254 141
1673779254 110
1673779254 181
1673779254 115
1673779255 136
1673779256 107
1673779256 116
1673779256 103
1673779256 178
1673779256 127
1673779257 158
1673779258 103
1673779258 105
1673779258 123
1673779259 193
1673779259 116
1673779259 168
1673779259 182
1673779260 115
1673779260 156
1673779260 175
1673779260 195
1673779261 186
1673779261 170
1673779262 114
1673779262 168
1673779262 139
1673779262 186
1673779263 175
1673779265 106
1673779265 119
1673779265 182
1673779265 173
1673779265 188
1673779266 145
1673779266 168
1673779266 116
1673779266 177
1673779267 108
1673779267 177
1673779268 106
1673779268 115
1673779268 124
1673779268 183
1673779269 143
1673779269 150
1673779269 169
1673779270 113
1673779270 141
1673779271 170
1673779271 164
1673779271 177
1673779271 132
1673779272 149
1673779273 102
1673779274 188
1673779274 179
1673779275 154
1673779275 101
1673779275 108
1673779276 113
1673779276 127
1673779277 120
1673779278 131
1673779278 179
1673779279 110
1673779280 196
1673779280 175
1673779281 191
1673779281 176
1673779281 193
1673779282 116
1673779282 113
1673779284 105
1673779284 193
1673779284 147
1673779284 199
1673779284 200
1673779285 165
1673779285 127
1673779285 194
1673779286 171
1673779287 106
1673779287 125
1673779288 181
1673779288 187
1673779288 179
1673779289 116
1673779289 115
1673779289 129
1673779289 197
1673779289 101
1673779290 134
1673779290 121
