1673960279 106
1673960279 107
1673960279 188
1673960279 124
1673960279 120
1673960279 115
1673960279 134
1673960279 194
1673960279 109
1673960279 142
1673960279 138
1673960279 117
1673960279 174
1673960279 139
1673960279 113
1673960279 165
1673960279 137
1673960279 131
1673960279 121
1673960280 141
1673960280 148
1673960280 148
1673960280 185
1673960280 158
1673960280 149
1673960280 101
1673960280 176
1673960280 175
1673960280 183
1673960280 166
1673960280 146
1673960280 165
1673960280 115
1673960280 181
1673960280 153
1673960280 110
1673960280 172
1673960280 115
1673960280 140
1673960280 116
1673960280 111
1673960280 179
1673960280 127
1673960280 170
1673960280 146
1673960280 187
1673960280 195
1673960280 107
1673960280 170
1673960280 147
1673960280 141
1673960280 126
1673960280 120
1673960280 125
1673960280 176
1673960280 136
1673960280 113
1673960280 126
1673960280 109
1673960280 108
1673960280 161
1673960280 139
1673960280 192
1673960280 165
1673960280 135
1673960280 180
1673960280 147
1673960280 180
1673960280 196
1673960280 132
1673960280 136
1673960280 114
1673960280 104
1673960280 183
1673960280 114
1673960280 125
1673960280 124
1673960280 185
1673960281 137
1673960281 122
1673960281 190
1673960281 155
1673960281 147
1673960281 141
1673960281 181
1673960281 184
1673960281 103
1673960281 172
1673960281 138
1673960281 189
1673960281 120
1673960281 164
1673960281 198
1673960281 125
1673960281 165
1673960281 133
1673960281 151
1673960281 140
1673960281 156
1673960281 180
1673960281 146
1673960281 165
1673960281 150
1673960281 193
1673960281 186
1673960281 109
1673960281 179
1673960281 101
1673960281 198
1673960281 107
1673960281 126
1673960281 167
1673960281 144
1673960281 155
1673960281 142
1673960281 184
1673960281 106
1673960281 169
1673960281 121
1673960281 181
1673960281 131
1673960281 181
1673960281 174
1673960281 172
1673960281 145
1673960281 139
1673960281 167
1673960281 161
1673960281 153
1673960281 121
1673960281 122
1673960281 178
1673960281 151
1673960281 134
1673960281 174
1673960281 168
1673960281 170
1673960281 144
1673960281 106
1673960281 132
1673960281 163
1673960281 179
1673960281 161
1673960281 191
1673960281 119
1673960281 164
1673960281 111
1673960281 171
1673960281 105
1673960281 153
1673960282 145
1673960282 198
1673960282 142
1673960282 131
1673960282 113
1673960282 200
1673960282 121
1673960282 140
1673960282 171
1673960282 166
1673960282 162
1673960282 117
1673960282 144
1673960282 187
1673960282 144
1673960282 118
1673960282 161
1673960282 199
1673960282 194
1673960282 132
1673960282 189
1673960282 162
1673960282 162
1673960282 164
1673960282 146
1673960282 178
1673960282 127
1673960282 103
1673960282 200
1673960282 157
1673960282 158
1673960282 159
1673960282 143
1673960282 149
1673960282 173
1673960282 174
1673960282 158
1673960282 146
1673960282 147
1673960282 142
1673960282 131
1673960282 148
1673960282 106
1673960282 187
1673960282 167
1673960282 111
1673960282 127
1673960282 104
1673960282 108
1673960282 133
1673960282 197
1673960282 156
1673960282 116
1673960282 194
1673960282 151
1673960282 185
1673960282 175
1673960282 184
1673960282 157
1673960282 119
1673960282 184
1673960282 131
1673960282 176
1673960283 199
1673960283 157
1673960283 195
1673960283 176
1673960283 114
1673960283 124
1673960283 141
1673960283 176
1673960283 125
1673960283 115
1673960283 127
1673960283 174
1673960283 141
1673960283 112
1673960283 140
1673960283 110
1673960283 152
1673960283 154
1673960283 102
1673960283 174
1673960283 121
1673960283 104
1673960283 158
1673960283 186
1673960283 101
1673960283 129
1673960283 133
1673960283 115
1673960283 174
1673960283 177
1673960283 130
1673960283 175
1673960283 107
1673960283 173
1673960283 174
1673960283 179
1673960283 172
1673960283 135
1673960283 131
1673960283 193
1673960283 186
1673960283 121
1673960283 171
1673960283 199
1673960283 123
1673960283 112
1673960283 188
1673960283 195
1673960283 170
1673960283 145
1673960283 146
1673960283 148
1673960283 127
1673960284 172
1673960284 115
1673960284 183
1673960284 161
1673960284 123
1673960284 175
1673960284 126
1673960284 141
1673960284 168
1673960284 158
1673960284 179
1673960284 155
1673960284 149
1673960284 195
1673960284 171
1673960284 195
1673960284 133
1673960284 171
1673960284 147
1673960284 121
1673960284 183
1673960284 176
1673960284 127
1673960284 172
1673960284 129
1673960284 166
1673960284 176
1673960284 122
1673960284 109
1673960284 124
1673960284 198
1673960284 135
1673960284 137
1673960284 114
1673960284 185
1673960284 111
1673960284 185
1673960284 113
1673960284 170
1673960284 192
1673960284 175
1673960284 136
1673960284 101
1673960284 181
1673960284 193
1673960284 166
1673960284 187
1673960284 177
1673960284 103
1673960284 149
1673960284 197
1673960284 173
1673960284 105
1673960284 111
1673960284 147
1673960284 131
1673960284 167
1673960284 135
1673960284 144
1673960284 104
1673960284 187
1673960284 128
1673960284 102
1673960284 195
1673960284 186
1673960284 183
1673960284 169
1673960285 182
1673960285 175
1673960285 141
1673960285 102
1673960285 120
1673960285 142
1673960285 149
1673960285 104
1673960285 166
1673960285 112
1673960285 148
1673960285 148
1673960285 151
1673960285 145
1673960285 195
1673960285 161
1673960285 173
1673960285 101
1673960285 135
1673960285 184
1673960285 106
1673960285 174
1673960285 137
1673960285 176
1673960285 175
1673960285 171
1673960285 167
1673960285 189
1673960285 124
1673960285 129
1673960285 141
1673960285 127
1673960285 195
1673960285 193
1673960285 160
1673960285 107
1673960285 194
1673960285 126
1673960285 190
1673960285 171
1673960285 191
1673960285 139
1673960285 134
1673960285 154
1673960285 104
1673960285 128
1673960285 111
1673960285 178
1673960285 128
1673960285 183
1673960285 181
1673960285 115
1673960285 174
1673960285 170
1673960285 156
1673960285 186
1673960285 144
1673960285 142
1673960285 180
1673960285 161
1673960285 130
1673960285 139
1673960285 193
1673960285 160
1673960285 122
1673960285 169
1673960285 174
1673960286 166
1673960286 115
1673960286 134
1673960286 139
1673960286 193
1673960286 194
1673960286 117
1673960286 151
1673960286 114
1673960286 196
1673960286 124
1673960286 119
1673960286 136
1673960286 118
1673960286 154
1673960286 130
1673960286 110
1673960286 143
1673960286 110
1673960286 186
1673960286 192
1673960286 169
1673960286 134
1673960286 199
1673960286 173
1673960286 195
1673960286 168
1673960286 177
1673960286 197
1673960286 171
1673960286 128
1673960286 154
1673960286 167
1673960286 170
1673960286 181
1673960286 111
1673960286 108
1673960286 116
1673960286 198
1673960286 108
1673960286 132
1673960286 108
1673960286 123
1673960286 116
1673960286 145
1673960286 130
1673960286 130
1673960286 118
1673960286 111
1673960286 117
1673960286 119
1673960286 174
1673960286 173
1673960286 149
1673960286 116
1673960286 195
1673960286 155
1673960286 148
1673960286 160
1673960286 140
1673960286 132
1673960286 181
1673960286 200
1673960286 187
1673960286 109
1673960286 114
1673960286 195
1673960286 103
1673960286 152
1673960286 169
1673960286 173
1673960286 148
1673960286 156
1673960286 155
1673960286 183
1673960286 126
1673960286 181
1673960286 124
1673960286 183
1673960286 175
1673960286 159
1673960286 139
1673960286 105
1673960286 169
1673960286 199
1673960287 122
1673960287 183
1673960287 179
1673960287 170
1673960287 135
1673960287 119
1673960287 139
1673960287 160
1673960287 102
1673960287 165
1673960287 182
1673960287 102
1673960287 129
1673960287 192
1673960287 127
1673960287 165
1673960287 111
1673960287 102
1673960287 192
1673960287 184
1673960287 129
1673960287 108
1673960287 103
1673960287 133
1673960287 200
1673960287 194
1673960287 101
1673960287 103
1673960287 189
1673960287 175
1673960287 161
1673960287 131
1673960287 135
1673960287 196
1673960287 113
1673960287 193
1673960287 196
1673960287 183
1673960287 141
1673960287 183
1673960287 139
1673960287 118
1673960287 120
1673960287 155
1673960287 126
1673960287 104
1673960287 137
1673960287 124
1673960287 145
1673960287 160
1673960287 113
1673960287 164
1673960287 129
1673960287 191
1673960287 179
1673960287 193
1673960287 113
1673960287 188
1673960287 154
1673960287 135
1673960287 145
1673960287 102
1673960287 191
1673960287 119
1673960287 133
1673960287 106
1673960287 145
1673960287 107
1673960287 147
1673960287 195
1673960287 196
1673960287 174
1673960287 181
1673960287 180
1673960288 188
1673960288 153
1673960288 155
1673960288 198
1673960288 111
1673960288 191
1673960288 146
1673960288 174
1673960288 126
1673960288 141
1673960288 191
1673960288 164
1673960288 185
1673960288 123
1673960288 144
1673960288 191
1673960288 159
1673960288 151
1673960288 166
1673960288 170
1673960288 133
1673960288 139
1673960288 159
1673960288 162
1673960288 180
1673960288 167
1673960288 190
1673960288 142
1673960288 112
1673960288 188
1673960288 182
1673960288 197
1673960288 190
1673960288 131
1673960288 187
1673960288 147
1673960288 125
1673960288 193
1673960288 111
1673960288 101
1673960288 189
1673960288 158
1673960288 155
1673960288 111
1673960288 180
1673960288 170
1673960288 151
1673960288 154
1673960288 109
1673960288 167
1673960288 123
1673960288 183
1673960288 135
1673960288 150
1673960288 144
1673960288 165
1673960288 160
1673960288 101
1673960288 111
1673960288 106
1673960288 174
1673960288 189
1673960288 110
1673960288 147
1673960288 170
1673960288 191
1673960288 105
1673960288 107
1673960288 119
1673960288 108
1673960288 166
1673960288 148
1673960288 136
1673960288 157
1673960288 102
1673960288 181
1673960289 111
1673960289 198
1673960289 146
1673960289 128
1673960289 105
1673960289 181
1673960289 166
1673960289 102
1673960289 166
1673960289 167
1673960289 143
1673960289 177
1673960289 195
1673960289 166
1673960289 179
1673960289 193
1673960289 172
1673960289 102
1673960289 134
1673960289 134
1673960289 137
1673960289 143
1673960289 127
1673960289 168
1673960289 197
1673960289 124
1673960289 195
1673960289 159
1673960289 106
1673960289 122
1673960289 183
1673960289 176
1673960289 159
1673960289 124
1673960289 179
1673960289 190
1673960289 159
1673960289 103
1673960289 191
1673960289 164
1673960289 164
1673960289 103
1673960289 194
1673960289 115
1673960289 120
1673960289 167
1673960289 170
1673960289 170
1673960289 134
1673960289 153
1673960289 130
1673960289 134
1673960289 131
1673960289 130
1673960289 131
1673960289 134
1673960289 157
1673960289 126
1673960289 164
1673960289 155
1673960289 130
1673960289 112
1673960289 147
1673960289 191
1673960289 141
1673960289 157
1673960289 164
1673960289 190
1673960289 164
1673960289 180
1673960289 132
1673960289 116
1673960289 175
1673960289 198
1673960290 150
1673960290 117
1673960290 127
1673960290 116
1673960290 183
1673960290 116
1673960290 106
1673960290 178
1673960290 182
1673960290 187
1673960290 174
1673960290 109
1673960290 117
1673960290 191
1673960290 114
1673960290 156
1673960290 102
1673960290 119
1673960290 194
1673960290 117
1673960290 184
1673960290 121
1673960290 133
1673960290 188
1673960290 176
1673960290 128
1673960290 199
1673960290 120
1673960290 179
1673960290 193
1673960290 187
1673960290 140
1673960290 135
1673960290 101
1673960290 173
1673960290 200
1673960290 118
1673960290 167
1673960290 105
1673960290 108
1673960290 160
1673960290 181
1673960290 141
1673960290 134
1673960290 123
1673960290 193
1673960290 144
1673960290 117
1673960290 188
1673960290 128
1673960290 162
1673960290 136
1673960290 126
1673960290 134
1673960290 166
1673960290 194
1673960290 143
1673960290 107
1673960290 167
1673960290 146
1673960290 168
1673960290 144
1673960290 198
1673960290 193
1673960290 115
1673960290 168
1673960290 159
1673960290 115
1673960290 198
1673960290 147
1673960290 102
1673960290 133
1673960290 156
1673960290 158
1673960290 172
1673960291 134
1673960291 119
1673960291 105
1673960291 157
1673960291 167
1673960291 184
1673960291 152
1673960291 178
1673960291 162
1673960291 196
1673960291 174
1673960291 175
1673960291 182
1673960291 167
1673960291 184
1673960291 161
1673960291 168
1673960291 141
1673960291 103
1673960291 118
1673960291 122
1673960291 128
1673960291 188
1673960291 117
1673960291 103
1673960291 128
1673960291 133
1673960291 182
1673960291 158
1673960291 104
1673960291 185
1673960291 157
1673960291 194
1673960291 102
1673960291 172
1673960291 134
1673960291 137
1673960291 145
1673960291 177
1673960291 154
1673960291 137
1673960291 145
1673960291 103
1673960291 136
1673960291 153
1673960291 190
1673960291 114
1673960291 115
1673960291 200
1673960291 103
1673960291 130
1673960291 169
1673960291 184
1673960291 162
1673960291 167
1673960291 128
1673960291 124
1673960291 129
1673960291 127
1673960291 152
1673960291 112
1673960291 180
1673960291 129
1673960291 190
1673960291 189
1673960291 111
1673960292 128
1673960292 164
1673960292 178
1673960292 104
1673960292 160
1673960292 106
1673960292 166
1673960292 156
1673960292 152
1673960292 150
1673960292 139
1673960292 189
1673960292 140
1673960292 159
1673960292 122
1673960292 159
1673960292 156
1673960292 120
1673960292 105
1673960292 125
1673960292 126
1673960292 200
1673960292 172
1673960292 119
1673960292 145
1673960292 188
1673960292 130
1673960292 168
1673960292 165
1673960292 156
1673960292 192
1673960292 183
1673960292 180
1673960292 119
1673960292 182
1673960292 127
1673960292 176
1673960292 175
1673960292 153
1673960292 181
1673960292 119
1673960292 177
1673960292 176
1673960292 165
1673960292 160
1673960292 174
1673960292 119
1673960292 175
1673960292 195
1673960292 119
1673960292 135
1673960292 122
1673960292 148
1673960292 128
1673960292 181
1673960292 119
1673960292 113
1673960292 144
1673960292 142
1673960292 149
1673960292 198
1673960292 120
1673960292 108
1673960292 112
1673960292 134
1673960292 156
1673960292 159
1673960292 176
1673960292 135
1673960292 154
1673960292 154
1673960292 182
1673960292 103
1673960292 154
1673960292 166
1673960292 104
1673960292 179
1673960292 191
1673960292 195
1673960292 132
1673960292 156
1673960292 199
1673960293 166
1673960293 139
1673960293 111
1673960293 165
1673960293 113
1673960293 127
1673960293 102
1673960293 164
1673960293 185
1673960293 111
1673960293 117
1673960293 178
1673960293 141
1673960293 147
1673960293 122
1673960293 163
1673960293 163
1673960293 122
1673960293 200
1673960293 120
1673960293 134
1673960293 122
1673960293 195
1673960293 191
1673960293 110
1673960293 102
1673960293 198
1673960293 152
1673960293 122
1673960293 128
1673960293 102
1673960293 119
1673960293 158
1673960293 164
1673960293 130
1673960293 174
1673960293 167
1673960293 120
1673960293 189
1673960293 105
1673960293 159
1673960293 135
1673960293 189
1673960293 152
1673960293 110
1673960293 182
1673960293 110
1673960293 101
1673960293 150
1673960293 105
1673960293 116
1673960293 159
1673960293 122
1673960293 183
1673960293 155
1673960293 185
1673960293 150
1673960293 113
1673960293 200
1673960293 198
1673960293 101
1673960293 120
1673960293 183
1673960293 133
1673960293 126
1673960293 130
1673960293 155
1673960293 120
1673960293 102
1673960293 159
1673960293 177
1673960293 137
1673960293 112
1673960293 190
1673960294 145
1673960294 170
1673960294 159
1673960294 183
1673960294 131
1673960294 156
1673960294 150
1673960294 166
1673960294 180
1673960294 143
1673960294 135
1673960294 118
1673960294 140
1673960294 126
1673960294 157
1673960294 145
1673960294 148
1673960294 137
1673960294 196
1673960294 142
1673960294 167
1673960294 157
1673960294 122
1673960294 114
1673960294 133
1673960294 176
1673960294 133
1673960294 115
1673960294 142
1673960294 118
1673960294 192
1673960294 182
1673960294 196
1673960294 125
1673960294 163
1673960294 106
1673960294 190
1673960294 186
1673960294 126
1673960294 162
1673960294 149
1673960294 186
1673960294 119
1673960294 168
1673960294 195
1673960294 134
1673960294 113
1673960294 129
1673960294 146
1673960294 155
1673960294 118
1673960294 155
1673960294 108
1673960294 127
1673960294 123
